0	2.178
1	1.089
2	1.856
3	1.089
4	0.0
5	2.178
6	1.089
7	2.178
8	1.089
9	0.0
10	2.066
11	1.089
12	2.939
13	0.372
14	0.0
15	0.0
16	0.0
17	0.0
18	0.0
19	0.0
20	0.0
21	0.0
22	0.0
23	0.0
24	0.0
25	15.815
26	22.11
27	10.68
28	23.106
29	13.856
30	23.363
31	29.615
32	14.662
33	10.882
34	12.671
35	13.521
36	17.559
37	13.921
38	13.89
39	10.781
40	9.562
41	10.02
42	8.197
43	7.449
44	7.191
45	6.14
46	9.629
47	8.209
48	11.631
49	15.433
50	10.222
51	12.973
52	9.562
53	3.075
54	5.647
55	10.982
56	10.691
57	16.138
58	9.909
59	10.982
60	7.862
61	3.187
62	4.932
63	4.16
64	4.507
65	6.565
66	11.072
67	7.705
68	5.312
69	14.829
70	7.482
71	5.804
72	4.887
73	6.318
74	8.32
75	8.007
76	8.522
77	7.593
78	11.899
79	10.334
80	10.993
81	6.307
82	6.833
83	6.386
84	8.812
85	10.345
86	7.75
87	6.061
88	5.815
89	6.743
90	8.555
91	6.016
92	6.945
93	10.076
94	7.392
95	8.936
96	10.121
97	8.657
98	6.632
99	8.063
100	5.413
101	6.016
102	4.73
103	6.587
104	5.301
105	3.5
106	6.173
107	4.227
108	6.24
109	8.264
110	8.007
111	13.666
112	8.086
113	7.414
114	6.307
115	9.159
116	9.964
117	9.607
118	7.683
119	5.592
120	6.24
121	9.003
122	7.314
123	5.994
124	3.847
125	6.665
126	3.701
127	4.618
128	5.211
129	6.755
130	2.84
131	8.007
132	4.842
133	4.372
134	5.513
135	5.222
136	7.28
137	8.499
138	11.486
139	19.155
140	19.37
141	17.637
142	19.985
143	19.985
144	0.0
145	0.0
146	0.0
147	0.0
148	0.001
149	3.12
150	3.142
151	1.576
152	1.744
153	2.102
154	1.185
155	2.046
156	1.308
157	1.923
158	1.867
159	1.353
160	0.257
161	0.76
162	0.682
163	1.286
164	0.861
165	1.308
166	2.952
167	4.328
168	2.65
169	2.773
170	2.65
171	2.236
172	3.713
173	3.824
174	4.249
175	3.198
176	4.294
177	2.315
178	0.827
179	0.961
180	0.536
181	1.073
182	1.509
183	1.576
184	1.588
185	1.319
186	2.672
187	4.585
188	5.133
189	3.578
190	1.532
191	2.896
192	1.968
193	1.767
194	2.829
195	3.836
196	7.638
197	6.542
198	5.938
199	6.9
200	4.082
201	4.775
202	6.453
203	6.9
204	6.095
205	11.832
206	7.258
207	6.889
208	8.264
209	8.656
210	7.526
211	2.695
212	5.435
213	6.945
214	5.01
215	3.847
216	1.084
217	3.22
218	3.243
219	4.406
220	6.05
221	1.196
222	4.495
223	2.113
224	3.847
225	0.548
226	4.238
227	3.813
228	4.898
229	3.265
230	3.791
231	3.243
232	3.556
233	6.297
234	0.984
235	2.561
236	2.147
237	3.165
238	2.863
239	3.824
