0	0.548
1	1.073
2	1.107
3	1.33
4	2.236
5	1.096
6	0.559
7	1.196
8	1.666
9	1.89
10	1.599
11	2.449
12	3.701
13	2.349
14	0.089
15	0.089
16	4.484
17	2.706
18	3.813
19	3.69
20	1.722
21	2.65
22	3.377
23	2.102
24	2.415
25	2.494
26	2.348
27	4.272
28	4.462
29	3.824
30	3.019
31	1.409
32	0.0
33	0.581
34	0.279
35	1.263
36	2.102
37	1.588
38	3.165
39	3.377
40	1.711
41	1.342
42	1.096
43	1.028
44	1.129
45	1.532
46	1.207
47	1.878
48	1.107
49	0.391
50	0.391
51	0.581
52	1.017
53	1.364
54	1.342
55	0.346
56	1.129
57	0.268
58	0.391
59	0.402
60	1.856
61	2.426
62	3.847
63	5.547
64	6.151
65	5.077
66	5.457
67	4.462
68	5.692
69	5.502
70	5.938
71	7.191
72	7.414
73	5.871
74	7.057
75	7.079
76	7.649
77	8.187
78	7.672
79	9.406
80	7.202
81	8.835
82	9.305
83	7.124
84	6.464
85	7.336
86	9.506
87	5.983
88	10.445
89	8.108
90	3.478
91	7.851
92	5.86
93	7.448
94	7.75
95	9.383
96	10.143
97	10.278
98	10.266
99	7.895
100	10.143
101	12.011
102	10.155
103	11.608
104	11.005
105	11.732
106	11.737
107	11.329
108	11.217
109	9.036
110	12.101
111	12.235
112	11.687
113	10.568
114	9.282
115	8.622
116	10.68
117	8.969
118	7.18
119	7.18
120	1.632
121	4.574
122	4.462
123	2.538
124	3.422
125	7.291
126	7.493
127	8.656
128	8.768
129	7.918
130	9.484
131	8.376
132	9.249
133	10.267
134	7.437
135	9.595
136	10.289
137	10.859
138	7.582
139	7.504
140	6.453
141	6.919
142	5.634
143	6.05
144	5.211
145	6.441
146	5.2
147	3.959
148	4.484
149	3.802
150	2.751
151	2.393
152	2.337
153	1.23
154	2.527
155	2.124
156	1.979
157	1.386
158	2.001
159	1.319
160	1.274
161	1.979
162	2.896
163	3.344
164	2.874
165	2.192
166	2.057
167	2.415
168	2.941
169	3.265
170	3.489
171	3.489
172	4.093
173	5.144
174	5.67
175	4.909
176	4.071
177	4.071
178	4.999
179	3.925
180	3.142
181	3.366
182	4.07
183	4.026
184	4.059
185	3.109
186	2.672
187	3.847
188	2.885
189	3.735
190	4.674
191	4.54
192	4.194
193	4.104
194	4.015
195	3.075
196	2.974
197	2.415
198	2.192
199	2.393
200	2.84
201	3.489
202	3.422
203	3.813
204	3.321
205	1.755
206	2.617
207	2.147
208	1.286
209	0.671
210	1.017
211	1.811
212	1.957
213	1.353
214	2.527
215	0.95
216	0.223
217	2.278
218	2.751
219	1.856
220	0.838
221	0.749
222	1.051
223	1.576
224	2.415
225	0.268
226	0.268
227	0.503
228	0.257
229	0.301
230	0.0
231	0.0
232	0.0
233	0.0
234	0.0
235	0.0
236	0.0
237	0.011
238	0.067
239	0.0
