0	1.576
1	2.035
2	2.885
3	4.563
4	4.149
5	3.769
6	4.753
7	3.947
8	3.88
9	4.932
10	5.603
11	5.457
12	6.251
13	8.41
14	9.204
15	8.566
16	7.929
17	6.24
18	7.113
19	7.236
20	7.504
21	7.493
22	6.833
23	6.095
24	6.039
25	5.793
26	5.088
27	5.737
28	6.195
29	6.866
30	7.526
31	6.632
32	6.609
33	6.218
34	6.654
35	6.441
36	7.113
37	6.162
38	4.976
39	5.323
40	4.361
41	3.97
42	3.634
43	2.919
44	2.863
45	2.751
46	2.572
47	2.672
48	3.199
49	2.158
50	3.008
51	2.158
52	2.303
53	2.426
54	2.706
55	2.974
56	2.974
57	3.12
58	3.522
59	3.735
60	2.438
61	2.348
62	3.12
63	2.661
64	2.08
65	1.811
66	1.342
67	0.693
68	0.995
69	1.431
70	1.856
71	2.382
72	2.494
73	3.254
74	3.824
75	4.216
76	3.959
77	4.048
78	4.708
79	5.222
80	4.249
81	3.992
82	2.807
83	2.18
84	1.632
85	0.178
86	2.192
87	0.413
88	0.044
89	0.044
90	0.38
91	0.581
92	0.357
93	0.357
94	0.022
95	2.282
96	2.073
97	2.952
98	2.717
99	2.733
100	2.864
101	2.863
102	2.874
103	5.167
104	5.815
105	5.424
106	3.545
107	3.858
108	3.657
109	2.974
110	2.158
111	1.588
112	2.102
113	1.576
114	1.028
115	1.14
116	1.04
117	0.548
118	1.353
119	1.073
120	4.653
121	5.481
122	8.63
123	7.991
124	8.052
125	7.191
126	8.6
127	8.801
128	9.193
129	7.504
130	5.278
131	4.708
132	4.563
133	2.259
134	2.93
135	3.813
136	3.075
137	5.536
138	6.531
139	6.184
140	5.2
141	5.01
142	4.652
143	4.764
144	5.256
145	3.366
146	3.254
147	3.657
148	3.053
149	3.232
150	1.946
151	1.409
152	1.666
153	1.99
154	2.65
155	3.12
156	3.668
157	3.422
158	3.623
159	4.641
160	5.055
161	3.578
162	4.865
163	4.551
164	3.198
165	1.979
166	1.789
167	3.601
168	2.259
169	1.655
170	1.33
171	1.632
172	0.615
173	0.57
174	0.525
175	0.603
176	1.621
177	2.114
178	2.65
179	2.214
180	2.046
181	2.36
182	2.438
183	2.426
184	2.617
185	1.711
186	0.715
187	2.091
188	2.549
189	1.968
190	2.315
191	1.767
192	2.102
193	1.767
194	0.76
195	0.659
196	0.872
197	0.973
198	1.811
199	2.46
200	1.699
201	1.163
202	0.581
203	0.782
204	0.671
205	0.525
206	0.357
207	0.234
208	0.726
209	0.827
210	0.413
211	0.246
212	0.458
213	0.693
214	0.402
215	0.536
216	0.548
217	0.357
218	0.447
219	0.48
220	0.301
221	0.57
222	0.57
223	0.178
224	0.145
225	0.234
226	1.14
227	0.704
228	1.576
229	2.292
230	1.733
231	2.303
232	2.449
233	0.905
234	0.436
235	0.771
236	0.816
237	0.917
238	1.431
239	1.409
