0	0.0
1	0.0
2	0.0
3	0.0
4	0.0
5	0.0
6	0.0
7	0.0
8	0.0
9	0.0
10	0.0
11	0.0
12	0.0
13	0.0
14	0.0
15	0.0
16	0.0
17	0.0
18	0.0
19	0.0
20	0.0
21	0.0
22	0.0
23	0.0
24	0.0
25	0.0
26	0.0
27	0.0
28	0.0
29	0.0
30	0.0
31	0.0
32	0.0
33	0.0
34	0.0
35	0.0
36	0.0
37	0.0
38	0.0
39	0.0
40	0.0
41	0.0
42	0.0
43	0.0
44	0.0
45	0.0
46	0.0
47	0.0
48	0.0
49	0.0
50	0.0
51	0.0
52	0.0
53	0.035
54	0.0
55	0.0
56	0.0
57	0.0
58	0.0
59	0.0
60	0.0
61	0.0
62	0.0
63	0.0
64	0.0
65	0.0
66	0.0
67	0.0
68	0.0
69	0.0
70	0.0
71	0.0
72	0.0
73	0.0
74	0.0
75	0.0
76	0.0
77	0.0
78	0.0
79	0.0
80	0.03
81	0.018
82	0.056
83	0.012
84	0.0
85	0.0
86	0.0
87	0.0
88	0.0
89	0.0
90	0.0
91	0.0
92	0.0
93	0.0
94	0.0
95	0.0
96	0.0
97	0.0
98	0.0
99	0.0
100	0.0
101	0.0
102	0.0
103	0.0
104	0.0
105	0.0
106	0.0
107	0.0
108	0.0
109	0.0
110	0.0
111	0.0
112	0.0
113	0.0
114	0.0
115	0.0
116	0.0
117	0.0
118	0.0
119	0.0
120	0.0
121	0.0
122	0.0
123	0.0
124	0.0
125	0.0
126	0.0
127	0.0
128	0.0
129	0.0
130	0.0
131	0.034
132	0.224
133	0.006
134	0.0
135	0.0
136	0.0
137	0.0
138	0.0
139	0.0
140	0.0
141	0.0
142	0.0
143	0.0
144	0.0
145	0.0
146	0.0
147	0.002
148	0.0
149	0.0
150	0.0
151	0.0
152	0.0
153	0.0
154	0.0
155	0.0
156	13.096
157	13.845
158	13.308
159	13.174
160	13.409
161	13.409
162	10.647
163	9.138
164	8.757
165	5.323
166	6.475
167	6.352
168	6.844
169	6.307
170	5.558
171	5.211
172	6.553
173	7.661
174	8.656
175	9.237
176	11.43
177	15.993
178	24.828
179	32.053
180	23.139
181	16.731
182	20.925
183	22.144
184	22.244
185	19.639
186	21.148
187	22.233
188	19.784
189	19.102
190	19.661
191	17.827
192	19.762
193	14.785
194	16.91
195	18.509
196	15.747
197	15.679
198	18.229
199	20.187
200	19.885
201	20.802
202	20.545
203	24.761
204	28.776
205	30.375
206	24.47
207	16.552
208	7.649
209	8.801
210	10.289
211	10.714
212	10.289
213	11.698
214	11.195
215	13.152
216	10.669
217	11.877
218	13.018
219	12.794
220	13.566
221	14.997
222	13.443
223	12.19
224	12.861
225	12.604
226	13.845
227	15.176
228	14.024
229	16.899
230	17.804
231	20.03
232	20.723
233	18.733
234	19.068
235	16.507
236	14.796
237	18.576
238	20.723
239	15.21
