0	1.442
1	0.57
2	1.263
3	1.073
4	1.286
5	1.017
6	1.364
7	2.046
8	1.241
9	1.588
10	1.342
11	2.001
12	1.286
13	1.688
14	0.704
15	1.062
16	1.543
17	0.637
18	0.782
19	0.995
20	1.375
21	1.453
22	0.57
23	1.342
24	0.928
25	0.615
26	0.603
27	0.905
28	0.749
29	0.94
30	0.704
31	0.704
32	1.834
33	0.726
34	1.353
35	0.559
36	0.715
37	1.04
38	0.805
39	0.827
40	1.129
41	0.76
42	1.476
43	1.096
44	0.883
45	2.158
46	0.838
47	1.386
48	0.961
49	1.509
50	1.398
51	1.185
52	0.469
53	0.95
54	1.207
55	1.118
56	0.57
57	1.699
58	1.565
59	0.917
60	0.067
61	1.453
62	1.811
63	1.174
64	1.487
65	1.565
66	1.599
67	0.816
68	2.214
69	1.286
70	1.319
71	0.95
72	1.286
73	2.203
74	0.626
75	1.431
76	1.588
77	1.286
78	1.308
79	1.196
80	1.342
81	1.073
82	0.458
83	1.14
84	0.794
85	1.666
86	1.565
87	1.856
88	1.867
89	1.733
90	1.04
91	1.632
92	1.878
93	1.476
94	1.051
95	2.001
96	1.151
97	1.621
98	2.18
99	2.796
100	2.359
101	2.885
102	2.482
103	3.064
104	2.013
105	2.952
106	6.43
107	2.751
108	4.842
109	3.198
110	4.104
111	6.956
112	4.205
113	1.699
114	4.261
115	3.467
116	2.717
117	1.722
118	4.574
119	3.12
120	3.545
121	4.149
122	2.505
123	4.015
124	1.465
125	1.14
126	0.961
127	2.147
128	1.621
129	1.096
130	2.102
131	1.364
132	0.671
133	1.442
134	1.151
135	1.487
136	0.782
137	1.935
138	2.941
139	1.957
140	2.337
141	1.755
142	2.259
143	2.315
144	2.024
145	2.136
146	2.013
147	1.711
148	2.471
149	2.113
150	2.851
151	2.594
152	4.07
153	1.241
154	5.245
155	2.371
156	4.126
157	2.236
158	2.728
159	1.89
160	1.923
161	3.813
162	1.465
163	4.093
164	5.155
165	4.048
166	4.294
167	3.634
168	4.171
169	4.026
170	2.561
171	3.288
172	4.876
173	4.015
174	2.382
175	5.211
176	2.303
177	2.27
178	3.097
179	2.851
180	1.196
181	1.599
182	0.771
183	2.259
184	1.89
185	2.628
186	4.596
187	2.65
188	3.511
189	3.511
190	2.941
191	0.838
192	0.0
193	0.0
194	0.0
195	0.247
196	1.878
197	3.847
198	2.527
199	2.438
200	2.001
201	0.905
202	2.069
203	4.988
204	4.003
205	0.178
206	5.524
207	0.648
208	2.46
209	2.404
210	1.89
211	3.008
212	2.035
213	2.74
214	3.892
215	1.957
216	3.97
217	1.733
218	2.706
219	1.778
220	3.097
221	2.628
222	3.422
223	4.227
224	4.149
225	1.599
226	4.607
227	2.572
228	2.516
229	5.122
230	4.082
231	2.315
232	2.672
233	3.769
234	3.086
235	3.053
236	3.847
237	2.292
238	5.032
239	6.24
