0	1.297
1	0.48
2	0.939
3	1.107
4	0.738
5	0.503
6	0.827
7	0.178
8	1.151
9	0.581
10	1.118
11	0.715
12	1.319
13	1.219
14	1.129
15	1.509
16	1.006
17	1.431
18	1.062
19	1.599
20	1.599
21	1.431
22	0.626
23	1.722
24	1.028
25	0.671
26	0.76
27	0.861
28	0.592
29	0.738
30	0.738
31	0.771
32	0.615
33	1.062
34	0.0
35	0.0
36	0.0
37	0.0
38	0.0
39	0.0
40	0.0
41	0.0
42	0.0
43	0.0
44	0.0
45	2.585
46	5.67
47	8.186
48	5.144
49	5.29
50	5.2
51	3.769
52	5.524
53	5.603
54	5.29
55	4.395
56	4.059
57	4.361
58	4.07
59	4.07
60	4.07
61	5.502
62	5.29
63	5.29
64	4.484
65	4.664
66	6.196
67	5.255
68	6.095
69	4.059
70	4.853
71	5.401
72	4.171
73	5.659
74	7.023
75	8.432
76	3.981
77	7.347
78	4.853
79	7.303
80	5.972
81	7.124
82	8.063
83	7.661
84	6.151
85	6.788
86	6.811
87	5.961
88	4.227
89	4.73
90	4.473
91	3.623
92	3.623
93	3.377
94	3.377
95	3.824
96	3.824
97	5.144
98	4.976
99	4.54
100	3.88
101	3.981
102	3.914
103	4.238
104	5.491
105	4.428
106	4.462
107	4.462
108	3.22
109	3.22
110	3.701
111	3.701
112	4.976
113	2.136
114	4.372
115	2.93
116	3.489
117	3.377
118	3.243
119	3.265
120	4.149
121	5.636
122	5.636
123	4.059
124	4.138
125	4.876
126	5.737
127	7.012
128	2.449
129	5.368
130	4.999
131	4.44
132	4.865
133	3.03
134	3.892
135	2.236
136	3.545
137	3.88
138	3.355
139	4.093
140	3.288
141	2.672
142	3.388
143	3.69
144	4.438
145	3.288
146	4.317
147	2.438
148	3.366
149	3.88
150	3.097
151	3.936
152	3.433
153	3.097
154	3.12
155	2.706
156	2.851
157	3.176
158	1.923
159	2.147
160	1.442
161	1.543
162	1.543
163	2.482
164	3.254
165	5.715
166	3.59
167	3.198
168	3.31
169	3.411
170	3.064
171	3.209
172	3.209
173	4.585
174	4.585
175	3.511
176	3.78
177	7.258
178	2.147
179	2.986
180	2.605
181	5.949
182	2.919
183	3.713
184	3.142
185	3.837
186	4.473
187	4.283
188	4.417
189	2.784
190	4.238
191	2.885
192	5.111
193	6.296
194	6.072
195	2.93
196	5.636
197	3.321
198	4.551
199	6.159
200	4.641
201	4.641
202	1.789
203	4.272
204	5.983
205	4.853
206	7.873
207	5.234
208	5.278
209	5.29
210	9.17
211	4.753
212	5.625
213	6.251
214	15.221
215	5.424
216	2.639
217	5.893
218	5.021
219	4.451
220	3.858
221	3.332
222	3.746
223	3.802
224	4.037
225	3.411
226	3.858
227	3.22
228	3.545
229	2.672
230	3.578
231	3.332
232	3.567
233	3.914
234	3.232
235	3.903
236	4.876
237	4.618
238	4.824
239	6.218
