0	5.312
1	6.061
2	3.59
3	5.066
4	5.39
5	6.542
6	6.33
7	4.674
8	2.717
9	2.773
10	3.903
11	5.099
12	8.678
13	7.929
14	7.672
15	7.661
16	6.688
17	5.871
18	6.956
19	7.94
20	4.551
21	5.524
22	6.207
23	4.115
24	6.464
25	5.01
26	3.411
27	5.524
28	6.844
29	4.618
30	4.697
31	4.328
32	1.733
33	4.563
34	7.493
35	3.075
36	4.529
37	2.449
38	2.718
39	4.786
40	5.703
41	3.444
42	6.978
43	7.012
44	6.565
45	1.61
46	4.932
47	7.18
48	1.241
49	3.109
50	1.453
51	3.12
52	3.299
53	2.941
54	3.858
55	5.144
56	5.916
57	2.974
58	2.952
59	4.809
60	5.245
61	5.021
62	2.192
63	3.153
64	3.701
65	3.858
66	3.176
67	2.65
68	3.578
69	4.674
70	5.536
71	4.127
72	3.377
73	4.417
74	5.815
75	3.22
76	4.719
77	3.813
78	3.97
79	4.943
80	4.686
81	5.055
82	6.106
83	8.723
84	5.01
85	5.916
86	4.182
87	6.554
88	11.81
89	9.394
90	6.397
91	4.585
92	5.794
93	6.397
94	2.594
95	6.207
96	5.2
97	1.543
98	3.88
99	3.701
100	5.648
101	4.037
102	6.341
103	3.623
104	4.272
105	2.415
106	3.757
107	3.31
108	2.18
109	3.31
110	3.534
111	3.086
112	3.097
113	2.136
114	2.337
115	2.65
116	1.878
117	4.35
118	3.903
119	5.603
120	7.426
121	8.947
122	10.099
123	9.819
124	3.288
125	8.533
126	13.622
127	6.777
128	3.824
129	5.312
130	8.499
131	6.922
132	6.128
133	5.334
134	11.295
135	10.77
136	6.151
137	11.43
138	10.703
139	15.657
140	3.332
141	5.882
142	3.769
143	8.555
144	6.922
145	2.449
146	3.109
147	3.78
148	6.184
149	9.137
150	7.851
151	6.318
152	10.49
153	6.956
154	2.605
155	4.73
156	3.433
157	3.858
158	5.211
159	4.372
160	3.791
161	7.828
162	4.529
163	5.58
164	1.811
165	3.668
166	2.147
167	3.679
168	4.618
169	1.811
170	2.303
171	3.209
172	3.019
173	2.863
174	2.426
175	2.27
176	2.628
177	4.495
178	5.446
179	4.384
180	5.502
181	4.227
182	6.173
183	8.924
184	7.616
185	7.291
186	2.359
187	2.796
188	5.099
189	1.923
190	2.695
191	2.069
192	2.896
193	3.232
194	2.516
195	1.834
196	3.254
197	2.27
198	2.728
199	2.505
200	2.281
201	2.147
202	2.192
203	1.509
204	1.767
205	2.494
206	2.091
207	4.205
208	3.232
209	2.426
210	2.706
211	3.713
212	3.176
213	3.377
214	4.674
215	2.684
216	4.618
217	3.064
218	3.724
219	3.399
220	2.494
221	3.88
222	2.214
223	2.717
224	3.444
225	3.422
226	5.077
227	2.337
228	3.075
229	3.008
230	3.209
231	3.478
232	4.574
233	2.348
234	5.368
235	8.298
236	12.626
237	7.716
238	11.664
239	12.537
