0	10.848
1	9.741
2	9.629
3	10.143
4	8.924
5	15.624
6	11.094
7	14.27
8	11.81
9	10.747
10	6.039
11	10.792
12	9.327
13	8.723
14	13.443
15	8.951
16	9.551
17	9.551
18	6.486
19	3.791
20	0.0
21	0.0
22	0.0
23	0.0
24	3.625
25	8.231
26	13.085
27	10.993
28	5.088
29	4.775
30	7.269
31	8.544
32	10.378
33	7.258
34	5.972
35	7.001
36	6.341
37	9.562
38	11.978
39	6.654
40	5.29
41	8.555
42	4.708
43	7.068
44	6.162
45	7.381
46	6.184
47	8.466
48	7.493
49	4.976
50	6.453
51	6.777
52	4.563
53	5.524
54	5.167
55	4.607
56	5.155
57	5.748
58	6.654
59	6.676
60	7.448
61	5.927
62	7.918
63	8.074
64	7.728
65	6.609
66	7.828
67	6.173
68	5.178
69	5.245
70	5.312
71	6.352
72	6.374
73	5.39
74	4.507
75	5.48
76	5.413
77	6.576
78	3.925
79	7.157
80	4.015
81	7.426
82	6.509
83	7.414
84	8.119
85	6.967
86	8.477
87	12.347
88	8.186
89	11.362
90	12.436
91	10.121
92	2.069
93	6.576
94	6.576
95	6.162
96	6.363
97	4.909
98	7.057
99	7.907
100	7.157
101	9.987
102	8.466
103	7.985
104	4.797
105	7.18
106	10.512
107	6.173
108	8.88
109	7.716
110	7.963
111	4.283
112	9.439
113	5.893
114	10.389
115	7.985
116	10.535
117	8.622
118	7.359
119	7.314
120	11.933
121	11.933
122	3.153
123	2.717
124	2.784
125	1.923
126	1.845
127	1.073
128	2.829
129	1.364
130	1.845
131	1.487
132	2.348
133	0.973
134	2.594
135	1.767
136	1.006
137	1.163
138	1.364
139	1.621
140	0.794
141	1.353
142	0.391
143	0.816
144	0.838
145	1.207
146	0.782
147	1.386
148	1.588
149	1.822
150	1.453
151	2.315
152	3.165
153	3.019
154	3.658
155	2.886
156	0.671
157	2.303
158	2.583
159	3.847
160	3.781
161	1.733
162	0.995
163	1.89
164	1.308
165	0.995
166	2.46
167	0.917
168	1.621
169	1.789
170	1.61
171	1.129
172	1.8
173	0.805
174	2.192
175	2.281
176	2.348
177	2.594
178	2.617
179	4.641
180	3.355
181	2.594
182	4.015
183	4.674
184	2.494
185	3.198
186	2.617
187	1.588
188	3.109
189	3.109
190	2.08
191	2.147
192	3.545
193	0.861
194	3.834
195	2.038
196	2.367
197	1.521
198	3.332
199	3.344
200	2.684
201	5.211
202	7.851
203	3.042
204	3.467
205	4.73
206	3.936
207	7.191
208	3.746
209	4.283
210	4.015
211	3.053
212	4.753
213	3.12
214	3.455
215	4.082
216	2.348
217	1.89
218	2.192
219	2.997
220	1.028
221	1.789
222	0.0
223	0.134
224	2.283
225	3.79
226	2.686
227	3.072
228	2.718
229	2.696
230	2.843
231	2.384
232	2.979
233	0.76
234	1.901
235	1.576
236	1.811
237	1.946
238	1.677
239	0.38
