0	26.819
1	32.131
2	37.891
3	38.864
4	28.34
5	27.076
6	27.054
7	29.671
8	22.099
9	25.566
10	27.803
11	36.448
12	34.021
13	35.173
14	38.316
15	39.636
16	39.513
17	39.613
18	28.485
19	34.066
20	38.651
21	38.103
22	39.166
23	40.072
24	36.471
25	38.193
26	39.535
27	39.904
28	36.761
29	32.489
30	28.317
31	39.848
32	37.992
33	38.126
34	35.867
35	39.826
36	39.121
37	32.813
38	23.788
39	28.686
40	27.3
41	29.939
42	39.099
43	38.383
44	39.781
45	39.982
46	38.842
47	38.305
48	38.651
49	36.392
50	32.423
51	33.059
52	34.771
53	39.11
54	37.343
55	39.759
56	35.576
57	37.365
58	37.365
59	37.432
60	35.744
61	39.412
62	41.57
63	38.842
64	36.538
65	36.806
66	32.746
67	36.09
68	39.188
69	38.551
70	38.249
71	35.531
72	36.247
73	31.013
74	33.507
75	36.985
76	29.358
77	38.853
78	36.325
79	37.801
80	39.345
81	39.971
82	39.065
83	38.137
84	32.511
85	39.177
86	39.87
87	39.356
88	38.014
89	35.822
90	36.459
91	39.692
92	36.963
93	32.176
94	36.202
95	39.49
96	39.345
97	39.267
98	29.302
99	40.016
100	38.998
101	39.378
102	40.161
103	39.647
104	37.656
105	40.463
106	38.741
107	39.658
108	37.611
109	38.573
110	36.728
111	35.33
112	30.252
113	27.881
114	32.813
115	29.275
116	33.663
117	31.225
118	33.328
119	25.488
120	25.98
121	20.556
122	20.947
123	20.511
124	28.071
125	31.192
126	30.308
127	26.651
128	16.541
129	24.09
130	37.611
131	30.185
132	32.277
133	39.636
134	39.893
135	33.607
136	39.546
137	39.02
138	36.325
139	28.686
140	38.092
141	40.117
142	37.332
143	38.562
144	37.701
145	38.797
146	33.898
147	40.396
148	38.774
149	36.392
150	34.278
151	39.747
152	40.105
153	37.846
154	39.121
155	39.669
156	40.117
157	32.88
158	30.051
159	17.167
160	28.552
161	37.734
162	26.036
163	38.965
164	36.448
165	30.196
166	39.076
167	38.137
168	38.394
169	28.138
170	32.791
171	16.954
172	16.362
173	25.164
174	19.974
175	16.172
176	15.109
177	15.981
178	27.658
179	21.976
180	34.211
181	21.204
182	21.507
183	25.488
184	28.485
185	30.062
186	38.842
187	38.338
188	36.884
189	38.551
190	37.253
191	21.406
192	29.626
193	25.812
194	34.424
195	35.251
196	25.611
197	34.95
198	35.43
199	36.101
200	29.481
201	31.852
202	26.606
203	30.252
204	29.76
205	23.844
206	33.887
207	39.211
208	37.231
209	34.312
210	36.482
211	25.32
212	35.811
213	39.949
214	38.853
215	31.74
216	36.348
217	35.151
218	34.871
219	24.917
220	33.54
221	26.416
222	39.591
223	35.475
224	31.997
225	36.482
226	35.967
227	22.636
228	24.28
229	25.868
230	38.528
231	35.911
232	39.703
233	25.521
234	38.047
235	35.8
236	38.987
237	34.681
238	34.144
239	33.127
