0	29.223
1	35.553
2	35.307
3	30.756
4	31.08
5	29.279
6	35.945
7	19.583
8	15.411
9	10.255
10	20.97
11	33.104
12	32.59
13	29.458
14	13.355
15	19.802
16	33.127
17	33.086
18	32.702
19	35.117
20	23.27
21	36.102
22	31.393
23	33.104
24	31.035
25	32.981
26	32.075
27	33.73
28	36.84
29	33.127
30	30.286
31	34.838
32	34.603
33	35.766
34	35.162
35	36.582
36	31.326
37	17.749
38	31.494
39	26.729
40	34.256
41	33.887
42	33.283
43	33.976
44	34.1
45	33.652
46	33.071
47	31.516
48	33.462
49	28.966
50	13.778
51	32.243
52	25.79
53	31.359
54	31.751
55	34.2
56	34.01
57	34.692
58	35.196
59	22.748
60	27.087
61	20.086
62	23.329
63	25.331
64	23.072
65	10.781
66	13.364
67	28.832
68	35.688
69	31.751
70	34.334
71	32.277
72	33.53
73	29.335
74	31.471
75	31.035
76	23.911
77	33.384
78	30.912
79	33.965
80	29.179
81	29.458
82	9.953
83	30.42
84	28.105
85	29.693
86	31.74
87	33.853
88	34.088
89	30.688
90	26.304
91	31.84
92	25.219
93	16.194
94	8.689
95	16.44
96	16.541
97	23.978
98	17.268
99	30.934
100	26.953
101	30.7
102	18.408
103	26.405
104	29.649
105	14.897
106	26.606
107	30.968
108	18.364
109	23.273
110	27.747
111	16.854
112	11.586
113	10.937
114	16.776
115	16.339
116	13.689
117	14.785
118	19.068
119	26.919
120	22.983
121	24.839
122	22.435
123	18.777
124	21.898
125	26.752
126	8.309
127	10.949
128	23.788
129	25.063
130	26.852
131	20.265
132	28.787
133	32.545
134	29.738
135	30.756
136	33.552
137	27.009
138	29.167
139	32.869
140	32.277
141	32.086
142	28.384
143	29.402
144	32.992
145	26.069
146	28.631
147	29.313
148	31.035
149	30.823
150	30.957
151	32.243
152	33.518
153	31.203
154	30.89
155	20.679
156	30.286
157	18.554
158	25.756
159	26.506
160	24.839
161	26.965
162	34.256
163	35.173
164	28.776
165	28.832
166	35.319
167	26.17
168	24.895
169	25.835
170	24.224
171	14.46
172	7.336
173	11.608
174	16.216
175	18.956
176	19.896
177	20.108
178	24.593
179	35.128
180	25.365
181	34.256
182	34.905
183	19.516
184	16.597
185	34.547
186	33.552
187	37.354
188	35.688
189	39.311
190	28.15
191	28.53
192	33.619
193	31.348
194	37.936
195	36.683
196	38.842
197	32.869
198	37.913
199	36.28
200	38.719
201	35.464
202	32.59
203	36.213
204	33.853
205	31.125
206	33.865
207	37.343
208	29.827
209	32.053
210	20.22
211	23.016
212	38.014
213	31.169
214	15.724
215	17.301
216	15.433
217	25.41
218	29.939
219	24.492
220	24.034
221	35.632
222	25.779
223	35.509
224	39.658
225	31.158
226	35.643
227	31.024
228	29.179
229	32.59
230	22.904
231	26.069
232	32.254
233	20.679
234	22.57
235	27.3
236	28.709
237	36.806
238	35.576
239	27.49
