0	1.543
1	1.163
2	2.024
3	1.755
4	1.778
5	1.554
6	1.61
7	2.605
8	1.845
9	1.107
10	1.655
11	2.684
12	1.006
13	1.711
14	1.442
15	1.543
16	1.565
17	0.928
18	0.861
19	1.778
20	1.286
21	1.297
22	1.543
23	1.576
24	1.498
25	1.565
26	1.107
27	1.543
28	1.453
29	1.33
30	1.599
31	1.811
32	1.677
33	1.196
34	1.219
35	1.845
36	1.912
37	1.554
38	1.23
39	2.013
40	1.677
41	0.995
42	1.017
43	0.905
44	0.794
45	1.666
46	1.465
47	0.963
48	1.726
49	0.928
50	1.543
51	1.476
52	1.252
53	1.174
54	1.588
55	1.532
56	1.14
57	1.084
58	1.811
59	1.386
60	1.61
61	2.18
62	2.102
63	2.102
64	1.722
65	1.219
66	2.203
67	1.431
68	1.532
69	2.169
70	1.8
71	1.487
72	1.241
73	1.711
74	1.14
75	1.017
76	1.073
77	1.274
78	1.219
79	0.671
80	0.917
81	1.241
82	1.241
83	0.637
84	0.782
85	1.274
86	0.827
87	0.973
88	1.297
89	0.671
90	1.051
91	1.241
92	1.163
93	0.917
94	1.129
95	1.219
96	1.375
97	0.559
98	1.006
99	1.621
100	1.488
101	0.738
102	1.342
103	1.364
104	1.565
105	1.632
106	1.42
107	0.592
108	1.722
109	1.655
110	1.755
111	1.655
112	2.113
113	1.532
114	1.565
115	1.554
116	1.487
117	2.136
118	1.532
119	1.901
120	1.61
121	1.297
122	1.286
123	0.973
124	1.8
125	1.174
126	1.297
127	1.398
128	1.398
129	1.465
130	1.33
131	1.867
132	1.476
133	0.682
134	1.521
135	1.252
136	0.872
137	1.017
138	1.308
139	0.984
140	0.905
141	1.319
142	0.973
143	1.42
144	1.576
145	1.386
146	1.878
147	1.107
148	2.695
149	2.404
150	1.252
151	0.961
152	1.755
153	2.728
154	1.308
155	1.006
156	2.08
157	1.565
158	1.274
159	1.934
160	0.816
161	1.588
162	1.722
163	1.901
164	2.303
165	2.762
166	1.565
167	1.554
168	0.715
169	0.771
170	1.263
171	1.308
172	1.442
173	1.129
174	2.281
175	1.834
176	1.006
177	0.973
178	1.028
179	1.61
180	1.062
181	0.559
182	1.084
183	0.726
184	0.782
185	0.872
186	1.196
187	0.872
188	0.995
189	1.073
190	0.984
191	1.14
192	0.548
193	0.48
194	0.693
195	0.726
196	0.961
197	1.017
198	0.995
199	0.984
200	1.04
201	1.107
202	1.632
203	1.386
204	1.99
205	0.973
206	2.08
207	1.028
208	1.196
209	1.544
210	0.905
211	1.051
212	1.185
213	0.827
214	0.928
215	0.928
216	0.872
217	0.659
218	0.984
219	0.738
220	1.073
221	0.917
222	0.872
223	0.939
224	1.084
225	0.469
226	0.861
227	0.939
228	1.017
229	0.715
230	0.794
231	0.469
232	0.648
233	0.894
234	0.794
235	0.57
236	0.861
237	0.637
238	0.424
239	0.715
