0	0.0
1	2.986
2	1.755
3	1.576
4	1.923
5	3.053
6	3.03
7	3.321
8	4.495
9	4.082
10	0.894
11	1.968
12	0.592
13	1.733
14	1.8
15	2.415
16	1.453
17	1.845
18	0.816
19	2.482
20	3.422
21	3.377
22	2.572
23	2.751
24	3.444
25	2.84
26	2.807
27	2.762
28	2.706
29	2.08
30	2.773
31	0.682
32	1.565
33	3.299
34	3.355
35	3.701
36	2.225
37	3.388
38	3.522
39	1.867
40	2.069
41	0.648
42	1.453
43	2.516
44	1.509
45	1.509
46	1.733
47	1.096
48	1.364
49	1.409
50	0.581
51	2.885
52	0.424
53	1.532
54	1.733
55	0.659
56	1.733
57	1.42
58	2.751
59	1.207
60	1.342
61	2.629
62	2.494
63	3.791
64	2.684
65	0.335
66	2.415
67	0.984
68	2.08
69	1.89
70	2.08
71	1.655
72	2.527
73	2.426
74	1.923
75	1.789
76	1.767
77	4.853
78	2.247
79	2.326
80	1.979
81	2.628
82	0.838
83	1.084
84	0.089
85	1.632
86	0.726
87	1.487
88	1.051
89	1.398
90	0.794
91	1.711
92	1.274
93	2.494
94	2.024
95	1.398
96	1.017
97	1.923
98	1.073
99	1.755
100	2.594
101	2.113
102	1.688
103	0.76
104	1.845
105	2.874
106	1.465
107	5.804
108	0.626
109	1.878
110	1.453
111	4.73
112	1.084
113	3.88
114	3.914
115	3.388
116	3.388
117	3.511
118	0.715
119	1.99
120	2.93
121	4.205
122	2.661
123	2.214
124	5.693
125	6.62
126	2.225
127	1.23
128	2.348
129	2.617
130	7.124
131	6.173
132	5.681
133	6.039
134	6.934
135	4.082
136	3.131
137	5.29
138	5.446
139	1.498
140	1.006
141	1.308
142	2.303
143	5.502
144	3.601
145	2.964
146	3.031
147	3.914
148	0.849
149	1.61
150	1.386
151	1.867
152	1.04
153	2.919
154	1.744
155	2.549
156	4.406
157	0.492
158	0.301
159	2.18
160	3.209
161	1.946
162	1.957
163	2.158
164	0.917
165	2.113
166	0.782
167	3.981
168	2.818
169	1.521
170	1.699
171	2.594
172	2.18
173	1.051
174	1.822
175	2.102
176	4.104
177	2.639
178	2.583
179	2.919
180	1.353
181	2.874
182	2.404
183	0.0
184	1.968
185	3.903
186	5.245
187	2.069
188	2.393
189	4.395
190	2.952
191	1.398
192	2.08
193	0.961
194	1.632
195	1.442
196	3.612
197	1.588
198	1.442
199	2.516
200	4.999
201	1.588
202	1.699
203	1.431
204	1.834
205	0.627
206	1.517
207	0.712
208	1.219
209	0.603
210	1.353
211	1.04
212	1.107
213	1.263
214	0.38
215	1.286
216	0.861
217	1.151
218	0.57
219	1.655
220	1.267
221	1.286
222	1.252
223	1.353
224	1.476
225	1.118
226	0.939
227	1.487
228	1.252
229	1.084
230	0.156
231	1.409
232	1.017
233	0.95
234	1.744
235	1.946
236	1.576
237	0.827
238	1.319
239	1.163
