0	2.371
1	1.151
2	0.804
3	0.894
4	1.398
5	1.61
6	1.554
7	1.487
8	1.398
9	1.834
10	1.755
11	2.505
12	2.829
13	2.449
14	1.744
15	1.878
16	1.051
17	1.789
18	1.565
19	1.252
20	1.655
21	2.035
22	1.822
23	2.013
24	2.751
25	3.936
26	4.909
27	6.072
28	4.462
29	4.551
30	2.74
31	3.668
32	1.576
33	1.867
34	1.778
35	1.107
36	1.308
37	1.196
38	1.878
39	2.136
40	1.834
41	1.934
42	1.979
43	1.286
44	1.632
45	1.666
46	1.431
47	1.118
48	1.644
49	1.241
50	1.286
51	1.185
52	1.017
53	1.409
54	1.096
55	1.308
56	0.828
57	1.353
58	1.755
59	1.632
60	1.599
61	1.14
62	1.61
63	1.576
64	2.102
65	1.576
66	2.505
67	2.27
68	2.974
69	2.136
70	2.594
71	1.89
72	2.494
73	2.169
74	2.92
75	1.494
76	2.035
77	2.784
78	2.078
79	2.426
80	2.706
81	2.974
82	2.907
83	3.153
84	3.936
85	5.077
86	4.317
87	4.171
88	3.545
89	2.102
90	1.834
91	2.035
92	3.042
93	3.567
94	3.03
95	5.804
96	6.732
97	5.122
98	5.088
99	4.708
100	4.194
101	5.245
102	5.558
103	4.822
104	5.413
105	6.218
106	5.032
107	3.769
108	4.171
109	6.117
110	5.447
111	5.447
112	6.889
113	6.62
114	3.813
115	6.016
116	8.03
117	8.488
118	7.068
119	12.391
120	13.141
121	8.332
122	13.297
123	9.484
124	12.134
125	14.371
126	14.997
127	7.985
128	8.186
129	8.913
130	6.408
131	6.922
132	8.052
133	8.857
134	5.927
135	6.363
136	3.813
137	6.486
138	7.202
139	4.574
140	5.524
141	4.674
142	4.417
143	4.07
144	3.142
145	5.01
146	6.151
147	9.07
148	9.361
149	6.598
150	4.898
151	7.493
152	6.374
153	9.584
154	4.887
155	6.419
156	7.247
157	5.793
158	3.556
159	4.44
160	5.01
161	7.146
162	7.359
163	4.954
164	6.028
165	5.782
166	4.451
167	4.35
168	6.274
169	5.715
170	9.126
171	6.553
172	2.874
173	4.653
174	9.193
175	6.005
176	9.685
177	6.341
178	11.586
179	12.895
180	9.853
181	10.971
182	7.94
183	11.407
184	10.177
185	4.764
186	6.978
187	9.148
188	8.432
189	12.246
190	11.843
191	10.076
192	12.604
193	2.382
194	6.296
195	6.691
196	6.632
197	6.24
198	5.122
199	3.68
200	4.473
201	4.317
202	5.178
203	3.467
204	4.876
205	6.749
206	5.77
207	6.676
208	5.491
209	8.443
210	9.428
211	9.517
212	10.859
213	11.307
214	8.264
215	7.895
216	7.895
217	5.267
218	5.457
219	4.63
220	3.903
221	4.999
222	4.182
223	8.511
224	7.202
225	6.978
226	7.549
227	9.327
228	6.251
229	6.542
230	5.603
231	7.135
232	6.251
233	7.124
234	6.911
235	9.193
236	6.9
237	7.806
238	9.349
239	8.857
