0	5.066
1	4.395
2	3.836
3	4.686
4	3.69
5	3.053
6	4.742
7	4.764
8	5.278
9	5.144
10	2.974
11	5.927
12	5.401
13	4.876
14	5.133
15	5.424
16	4.988
17	6.732
18	5.066
19	5.446
20	4.652
21	6.363
22	3.22
23	5.167
24	4.976
25	5.513
26	5.703
27	5.849
28	4.093
29	4.652
30	3.813
31	4.563
32	4.16
33	3.981
34	5.726
35	5.278
36	6.319
37	5.401
38	3.344
39	5.446
40	7.426
41	4.999
42	5.748
43	3.198
44	3.131
45	4.686
46	4.328
47	3.824
48	5.245
49	5.29
50	6.095
51	5.446
52	5.413
53	6.195
54	5.021
55	8.108
56	5.468
57	9.215
58	6.419
59	4.797
60	5.905
61	4.686
62	6.184
63	3.299
64	3.522
65	6.018
66	6.495
67	6.151
68	4.775
69	9.651
70	12.53
71	7.94
72	7.672
73	5.782
74	10.703
75	7.795
76	9.953
77	6.967
78	7.817
79	8.388
80	11.978
81	9.797
82	9.528
83	7.739
84	5.726
85	8.242
86	8.88
87	7.873
88	7.493
89	7.258
90	6.866
91	5.647
92	4.988
93	5.58
94	6.184
95	4.797
96	5.58
97	4.92
98	4.261
99	6.33
100	7.09
101	6.509
102	3.672
103	4.92
104	8.197
105	6.598
106	3.187
107	7.895
108	6.218
109	6.743
110	5.513
111	5.536
112	6.855
113	8.533
114	7.94
115	4.44
116	5.603
117	6.531
118	8.723
119	2.214
120	6.632
121	4.495
122	6.945
123	5.569
124	7.828
125	7.157
126	4.865
127	4.753
128	5.379
129	5.491
130	4.194
131	5.066
132	6.374
133	4.451
134	5.759
135	4.093
136	3.03
137	6.24
138	6.755
139	7.705
140	5.524
141	4.652
142	5.043
143	4.529
144	4.104
145	2.963
146	3.344
147	3.925
148	4.283
149	3.88
150	3.478
151	3.612
152	4.764
153	3.355
154	2.505
155	2.527
156	4.361
157	2.706
158	1.778
159	2.561
160	2.247
161	1.767
162	1.498
163	4.596
164	4.954
165	4.932
166	4.63
167	3.858
168	4.037
169	3.355
170	3.22
171	3.31
172	3.612
173	2.426
174	2.93
175	2.65
176	3.567
177	3.232
178	3.344
179	5.189
180	4.026
181	4.451
182	2.661
183	3.679
184	4.574
185	4.898
186	3.97
187	5.267
188	3.813
189	3.668
190	3.992
191	4.194
192	3.735
193	4.842
194	4.126
195	5.245
196	4.305
197	6.408
198	7.459
199	4.451
200	5.413
201	6.072
202	6.285
203	6.464
204	3.959
205	5.58
206	4.44
207	4.44
208	4.898
209	2.695
210	3.411
211	4.831
212	6.084
213	5.379
214	4.73
215	6.419
216	7.526
217	8.511
218	3.746
219	6.71
220	9.014
221	6.52
222	8.376
223	5.893
224	6.352
225	7.157
226	7.571
227	5.77
228	6.151
229	6.285
230	9.237
231	4.384
232	3.5
233	5.301
234	3.623
235	7.224
236	7.895
237	7.001
238	8.533
239	2.494
