0	5.491
1	11.575
2	11.564
3	15.008
4	6.811
5	8.913
6	8.231
7	10.982
8	9.003
9	7.392
10	14.024
11	14.617
12	12.716
13	8.566
14	8.757
15	6.084
16	9.137
17	4.551
18	5.614
19	5.066
20	4.607
21	3.645
22	2.919
23	1.934
24	3.556
25	3.265
26	3.377
27	3.411
28	4.317
29	4.07
30	2.986
31	2.863
32	2.628
33	3.579
34	3.88
35	3.545
36	4.015
37	2.136
38	3.03
39	4.015
40	3.299
41	3.399
42	2.751
43	2.516
44	1.688
45	2.818
46	3.209
47	2.617
48	1.722
49	2.001
50	2.057
51	2.102
52	3.478
53	1.8
54	1.767
55	3.019
56	2.941
57	3.355
58	2.46
59	2.069
60	1.934
61	2.124
62	2.18
63	1.241
64	1.755
65	2.08
66	1.867
67	1.174
68	1.297
69	1.409
70	1.957
71	1.744
72	2.057
73	2.259
74	1.286
75	1.096
76	0.861
77	1.375
78	1.42
79	0.782
80	2.158
81	1.409
82	1.431
83	1.207
84	2.247
85	1.901
86	1.957
87	2.405
88	1.521
89	1.99
90	1.521
91	1.565
92	0.816
93	1.185
94	0.458
95	1.084
96	1.319
97	1.241
98	1.42
99	1.386
100	1.398
101	1.006
102	1.308
103	1.498
104	1.521
105	1.163
106	0.961
107	1.017
108	1.309
109	1.99
110	2.08
111	1.711
112	0.849
113	1.431
114	1.23
115	1.8
116	1.319
117	0.984
118	1.901
119	1.867
120	0.536
121	1.107
122	1.465
123	1.33
124	1.23
125	1.241
126	1.364
127	0.928
128	1.599
129	1.219
130	1.017
131	0.76
132	1.442
133	1.375
134	1.375
135	2.001
136	1.453
137	1.61
138	1.308
139	1.588
140	1.375
141	1.153
142	1.062
143	1.543
144	2.18
145	1.576
146	1.711
147	1.174
148	1.856
149	2.359
150	1.409
151	1.521
152	1.543
153	1.733
154	2.247
155	1.822
156	1.767
157	1.61
158	1.23
159	1.621
160	1.386
161	1.532
162	1.465
163	2.225
164	2.035
165	2.024
166	1.968
167	2.661
168	3.165
169	1.621
170	1.599
171	1.286
172	2.236
173	2.18
174	1.409
175	1.453
176	1.946
177	1.49
178	1.847
179	1.274
180	0.961
181	2.102
182	1.767
183	1.778
184	1.431
185	0.894
186	0.995
187	2.013
188	1.263
189	1.431
190	1.822
191	3.355
192	2.359
193	2.069
194	3.634
195	3.345
196	1.934
197	1.845
198	1.901
199	4.048
200	1.867
201	1.621
202	2.415
203	2.628
204	2.315
205	3.042
206	2.069
207	2.796
208	1.856
209	1.767
210	2.236
211	2.169
212	2.471
213	3.478
214	3.478
215	2.169
216	1.99
217	2.18
218	1.632
219	1.688
220	1.163
221	0.726
222	2.147
223	2.158
224	0.961
225	0.771
226	1.498
227	1.241
228	0.782
229	1.621
230	1.286
231	1.677
232	1.151
233	1.554
234	1.599
235	1.252
236	1.946
237	2.158
238	1.588
239	1.073
