0	2.818
1	4.238
2	4.585
3	2.415
4	4.138
5	8.242
6	5.614
7	5.882
8	4.775
9	4.026
10	5.413
11	3.422
12	3.735
13	6.71
14	4.999
15	2.415
16	3.522
17	4.898
18	2.505
19	2.527
20	1.957
21	4.194
22	3.008
23	1.498
24	1.99
25	2.035
26	2.102
27	2.281
28	1.89
29	1.107
30	1.476
31	2.326
32	2.762
33	1.23
34	2.829
35	2.102
36	2.046
37	3.68
38	2.005
39	2.628
40	3.03
41	3.511
42	3.5
43	3.097
44	2.807
45	2.661
46	1.118
47	0.961
48	2.482
49	2.08
50	1.398
51	1.028
52	1.286
53	1.163
54	1.946
55	2.594
56	2.751
57	2.661
58	2.214
59	1.61
60	2.538
61	1.644
62	2.158
63	2.08
64	2.359
65	1.677
66	1.935
67	1.912
68	1.33
69	2.192
70	2.057
71	2.583
72	2.572
73	2.494
74	1.453
75	3.165
76	2.169
77	4.775
78	3.288
79	5.905
80	5.536
81	9.327
82	8.13
83	14.807
84	12.369
85	3.232
86	6.374
87	5.636
88	6.072
89	10.882
90	9.036
91	2.494
92	2.471
93	5.871
94	3.064
95	3.623
96	6.307
97	4.406
98	4.719
99	6.766
100	4.339
101	8.186
102	11.732
103	1.465
104	2.091
105	3.232
106	5.323
107	3.522
108	7.828
109	9.327
110	5.659
111	2.963
112	2.192
113	4.093
114	3.713
115	6.173
116	7.963
117	7.202
118	9.226
119	6.475
120	2.404
121	2.93
122	2.091
123	3.534
124	3.008
125	3.601
126	3.724
127	2.147
128	2.684
129	4.216
130	2.639
131	3.12
132	5.536
133	3.757
134	4.283
135	5.513
136	4.954
137	1.353
138	2.65
139	1.677
140	1.934
141	2.549
142	1.845
143	2.236
144	1.699
145	3.802
146	2.852
147	2.706
148	2.773
149	2.259
150	3.064
151	3.959
152	3.78
153	4.943
154	3.455
155	4.015
156	2.326
157	3.903
158	2.136
159	2.874
160	2.527
161	1.308
162	1.923
163	3.165
164	2.281
165	4.048
166	2.762
167	3.265
168	2.538
169	3.22
170	2.986
171	2.214
172	1.89
173	2.337
174	1.912
175	3.914
176	2.583
177	3.601
178	3.422
179	4.171
180	5.211
181	4.026
182	4.686
183	4.674
184	6.945
185	6.128
186	3.5
187	5.524
188	2.471
189	5.927
190	5.323
191	12.403
192	5.927
193	8.063
194	8.701
195	8.253
196	5.849
197	6.285
198	4.283
199	8.086
200	6.967
201	9.909
202	4.663
203	0.357
204	3.254
205	2.65
206	8.231
207	8.231
208	2.236
209	0.0
210	0.0
211	0.0
212	0.113
213	6.43
214	8.298
215	5.938
216	5.301
217	6.173
218	10.803
219	16.418
220	17.178
221	11.005
222	17.01
223	16.597
224	9.674
225	10.949
226	6.766
227	4.742
228	7.001
229	3.701
230	12.593
231	9.64
232	14.997
233	11.072
234	8.522
235	12.011
236	11.608
237	9.383
238	9.841
239	9.931
