0	5.759
1	5.67
2	5.401
3	5.871
4	6.218
5	6.128
6	5.625
7	3.187
8	3.198
9	2.93
10	3.209
11	3.511
12	3.701
13	3.645
14	3.377
15	5.961
16	4.988
17	5.793
18	5.055
19	5.122
20	5.983
21	4.898
22	7.37
23	5.882
24	5.647
25	8.645
26	5.558
27	4.932
28	5.155
29	9.808
30	10.244
31	9.126
32	10.647
33	5.256
34	4.104
35	2.784
36	2.303
37	1.688
38	2.393
39	2.281
40	2.147
41	1.677
42	3.008
43	2.259
44	2.728
45	2.728
46	3.153
47	2.919
48	2.974
49	3.601
50	4.317
51	5.603
52	5.457
53	5.2
54	4.473
55	2.147
56	1.39
57	1.39
58	19.885
59	24.615
60	17.57
61	19.773
62	19.091
63	23.005
64	22.658
65	15.524
66	17.648
67	19.303
68	16.675
69	22.166
70	15.288
71	20.075
72	30.073
73	17.1
74	26.819
75	16.854
76	33.395
77	19.102
78	22.893
79	16.82
80	18.878
81	13.275
82	18.33
83	17.245
84	17.312
85	21.484
86	22.244
87	27.736
88	31.863
89	36.84
90	31.941
91	15.008
92	17.894
93	20.377
94	17.178
95	20.087
96	16.395
97	14.93
98	18.722
99	15.814
100	11.038
101	12.145
102	25.186
103	44.702
104	51.144
105	58.056
106	53.683
107	48.896
108	60.137
109	50.987
110	53.94
111	54.555
112	56.076
113	59.051
114	43.069
115	41.369
116	47.14
117	54.085
118	45.697
119	47.811
120	57.161
121	65.594
122	67.137
123	72.964
124	74.239
125	48.784
126	69.463
127	82.045
128	63.469
129	77.404
130	77.527
131	88.252
132	77.561
133	82.09
134	82.75
135	82.37
136	82.638
137	69.788
138	74.328
139	76.666
140	64.352
141	85.445
142	76.084
143	63.267
144	69.799
145	69.486
146	63.513
147	40.295
148	77.896
149	70.671
150	78.847
151	68.188
152	76.062
153	73.568
154	62.408
155	67.642
156	73.715
157	62.206
158	74.362
159	72.427
160	68.356
161	60.594
162	57.194
163	66.22
164	70.497
165	68.155
166	67.104
167	77.404
168	57.977
169	55.797
170	50.775
171	68.233
172	63.402
173	71.465
174	75.201
175	82.18
176	61.142
177	63.95
178	65.404
179	72.315
180	71.532
181	60.885
182	53.616
183	56.725
184	65.012
185	74.138
186	65.079
187	72.997
188	70.0
189	60.74
190	38.618
191	40.262
192	53.593
193	68.132
194	66.768
195	64.039
196	55.215
197	70.594
198	71.432
199	61.12
200	68.96
201	75.458
202	71.7
203	69.989
204	54.466
205	59.029
206	55.964
207	50.618
208	70.056
209	52.935
210	37.813
211	19.516
212	34.749
213	59.565
214	63.614
215	54.667
216	54.69
217	42.857
218	67.461
219	82.079
220	73.71
221	78.578
222	73.467
223	78.579
224	70.38
225	68.502
226	74.999
227	52.743
228	54.734
229	67.379
230	74.407
231	78.668
232	76.834
233	50.741
234	42.924
235	32.187
236	59.51
237	79.518
238	84.026
239	80.446
