0	49.198
1	34.044
2	48.482
3	44.892
4	62.06
5	49.354
6	47.532
7	43.897
8	66.679
9	45.328
10	60.762
11	59.431
12	55.562
13	71.387
14	74.401
15	64.397
16	58.324
17	38.977
18	61.221
19	65.851
20	70.313
21	44.836
22	58.816
23	61.791
24	59.421
25	61.21
26	50.976
27	36.594
28	30.823
29	37.544
30	36.314
31	54.633
32	54.421
33	51.916
34	44.557
35	52.933
36	48.728
37	38.193
38	49.388
39	59.666
40	63.804
41	54.477
42	55.606
43	49.41
44	41.94
45	55.785
46	58.078
47	48.673
48	45.105
49	39.714
50	36.828
51	30.107
52	21.473
53	11.564
54	22.893
55	28.519
56	20.701
57	22.77
58	23.184
59	25.767
60	36.325
61	25.622
62	45.709
63	42.722
64	44.668
65	53.425
66	28.071
67	24.101
68	24.973
69	35.084
70	28.787
71	21.238
72	25.04
73	20.533
74	55.908
75	54.846
76	31.706
77	54.947
78	45.015
79	54.958
80	60.93
81	57.016
82	66.298
83	49.567
84	51.457
85	50.864
86	56.658
87	58.872
88	29.056
89	27.411
90	31.963
91	44.232
92	54.152
93	37.857
94	13.331
95	19.896
96	23.296
97	16.932
98	24.962
99	32.142
100	24.94
101	32.634
102	22.882
103	26.103
104	41.179
105	40.944
106	45.854
107	32.836
108	33.932
109	33.116
110	57.274
111	64.744
112	50.149
113	60.606
114	45.429
115	62.373
116	50.104
117	56.658
118	55.26
119	58.727
120	48.806
121	42.174
122	53.179
123	52.318
124	56.098
125	57.318
126	41.19
127	38.73
128	53.627
129	55.752
130	58.581
131	55.394
132	40.351
133	31.393
134	48.113
135	57.508
136	45.563
137	53.414
138	50.562
139	44.031
140	55.405
141	51.211
142	62.619
143	56.881
144	47.576
145	42.734
146	46.76
147	47.252
148	42.991
149	58.033
150	60.796
151	61.713
152	44.366
153	44.545
154	67.64
155	62.339
156	52.989
157	67.282
158	52.139
159	28.586
160	40.877
161	34.983
162	43.908
163	27.423
164	39.267
165	46.972
166	50.954
167	62.507
168	65.706
169	61.288
170	65.404
171	68.557
172	68.759
173	38.819
174	40.72
175	40.642
176	28.787
177	50.987
178	50.596
179	39.759
180	28.843
181	37.175
182	44.009
183	58.771
184	31.729
185	29.827
186	43.874
187	34.39
188	51.334
189	50.887
190	40.821
191	36.224
192	44.568
193	48.393
194	40.206
195	44.803
196	36.784
197	41.593
198	50.842
199	56.96
200	44.982
201	59.7
202	48.18
203	55.785
204	61.222
205	57.295
206	58.391
207	54.186
208	49.757
209	43.237
210	36.18
211	38.83
212	36.616
213	43.729
214	55.942
215	42.364
216	43.673
217	52.676
218	54.853
219	44.076
220	44.064
221	39.602
222	38.204
223	42.409
224	52.441
225	52.027
226	50.305
227	56.96
228	63.122
229	43.572
230	42.678
231	24.985
232	34.357
233	47.408
234	43.317
235	42.32
236	35.14
237	35.307
238	37.019
239	43.897
