0	0.984
1	2.147
2	2.192
3	1.532
4	1.946
5	0.615
6	1.532
7	1.532
8	3.679
9	2.941
10	2.337
11	0.872
12	1.096
13	2.494
14	2.426
15	1.878
16	3.847
17	2.449
18	2.247
19	1.028
20	1.163
21	1.342
22	1.699
23	1.028
24	1.398
25	1.442
26	0.794
27	1.487
28	0.838
29	1.576
30	2.46
31	1.207
32	1.878
33	1.431
34	1.554
35	1.789
36	0.939
37	1.688
38	1.599
39	2.124
40	1.778
41	3.344
42	4.618
43	4.294
44	4.406
45	2.281
46	4.249
47	2.404
48	4.328
49	2.315
50	3.645
51	0.883
52	4.428
53	5.457
54	3.802
55	4.954
56	3.612
57	4.797
58	1.521
59	4.641
60	2.482
61	1.431
62	1.565
63	4.697
64	2.885
65	0.872
66	1.811
67	4.551
68	3.12
69	1.185
70	4.574
71	8.13
72	2.549
73	8.141
74	2.538
75	7.638
76	3.78
77	3.623
78	1.934
79	3.936
80	3.824
81	4.641
82	5.066
83	3.478
84	5.927
85	2.885
86	4.473
87	3.769
88	2.93
89	11.374
90	8.993
91	10.897
92	2.08
93	2.426
94	3.925
95	3.176
96	4.249
97	1.14
98	4.272
99	2.538
100	4.563
101	1.532
102	2.863
103	2.18
104	2.538
105	1.767
106	1.409
107	2.449
108	1.487
109	3.053
110	2.416
111	1.834
112	3.467
113	3.847
114	2.449
115	2.024
116	3.947
117	2.102
118	2.561
119	1.207
120	1.342
121	2.069
122	1.845
123	2.773
124	2.214
125	3.321
126	2.784
127	6.62
128	2.605
129	2.863
130	2.494
131	1.599
132	3.12
133	1.722
134	2.829
135	2.147
136	4.16
137	3.321
138	4.451
139	2.997
140	2.605
141	4.093
142	1.99
143	3.455
144	2.807
145	4.294
146	3.165
147	3.769
148	4.417
149	1.263
150	3.668
151	1.688
152	3.411
153	1.878
154	2.974
155	1.845
156	3.12
157	2.74
158	2.684
159	5.234
160	6.531
161	3.534
162	1.107
163	2.27
164	3.444
165	4.249
166	3.735
167	3.735
168	2.829
169	1.834
170	2.326
171	3.008
172	5.647
173	7.47
174	5.055
175	1.308
176	1.767
177	2.337
178	1.375
179	1.353
180	1.901
181	1.33
182	2.192
183	1.252
184	3.657
185	1.8
186	1.163
187	1.822
188	1.946
189	2.605
190	0.771
191	4.249
192	0.928
193	2.035
194	2.471
195	4.529
196	2.303
197	0.917
198	2.829
199	1.822
200	3.165
201	2.102
202	1.878
203	1.532
204	2.438
205	5.312
206	1.521
207	1.968
208	2.516
209	1.297
210	1.051
211	1.711
212	0.883
213	1.364
214	4.227
215	0.48
216	1.722
217	1.308
218	2.158
219	2.024
220	1.99
221	1.219
222	2.281
223	1.666
224	2.415
225	1.912
226	2.371
227	2.572
228	1.901
229	2.953
230	2.471
231	2.684
232	3.444
233	2.874
234	2.371
235	1.017
236	1.957
237	1.509
238	2.617
239	0.682
