0	41.995
1	41.861
2	41.66
3	41.884
4	42.085
5	42.018
6	42.063
7	41.895
8	37.969
9	48.024
10	43.047
11	42.443
12	42.152
13	42.376
14	42.074
15	41.951
16	41.928
17	42.32
18	41.895
19	41.995
20	41.94
21	42.264
22	42.309
23	42.085
24	41.861
25	42.051
26	41.839
27	42.454
28	42.051
29	42.186
30	40.117
31	42.253
32	41.783
33	42.253
34	41.794
35	41.582
36	41.336
37	42.096
38	41.671
39	42.029
40	32.209
41	44.053
42	42.107
43	42.074
44	42.13
45	42.152
46	41.962
47	41.973
48	41.246
49	41.861
50	42.644
51	41.794
52	42.387
53	42.163
54	42.432
55	42.342
56	41.727
57	42.04
58	42.141
59	41.94
60	41.861
61	38.528
62	42.141
63	41.995
64	41.57
65	42.04
66	42.23
67	41.951
68	41.638
69	42.011
70	42.085
71	41.985
72	42.141
73	34.077
74	46.391
75	41.515
76	41.984
77	42.297
78	42.074
79	42.253
80	42.543
81	41.906
82	42.162
83	42.107
84	42.107
85	41.951
86	41.94
87	42.152
88	42.376
89	42.085
90	42.063
91	41.761
92	42.163
93	42.331
94	42.018
95	34.021
96	45.709
97	42.13
98	42.063
99	41.84
100	42.029
101	42.275
102	41.761
103	42.152
104	42.309
105	42.063
106	42.085
107	41.872
108	31.035
109	46.592
110	42.085
111	38.215
112	41.459
113	43.382
114	41.145
115	43.058
116	40.978
117	39.96
118	34.424
119	44.713
120	41.425
121	41.805
122	24.09
123	46.771
124	42.465
125	39.334
126	42.275
127	42.018
128	42.297
129	38.338
130	42.264
131	37.723
132	44.344
133	42.007
134	41.0
135	39.177
136	42.566
137	40.933
138	40.43
139	40.653
140	44.087
141	39.401
142	42.823
143	41.816
144	41.738
145	41.671
146	40.586
147	43.159
148	42.13
149	41.962
150	41.917
151	42.253
152	41.85
153	42.029
154	42.298
155	41.995
156	39.434
157	42.42
158	42.118
159	41.984
160	42.13
161	41.693
162	42.186
163	41.693
164	41.984
165	42.04
166	41.946
167	41.933
168	42.141
169	40.855
170	42.883
171	41.682
172	41.826
173	42.275
174	42.041
175	32.332
176	47.42
177	41.693
178	40.967
179	42.296
180	42.051
181	41.593
182	41.347
183	42.063
184	41.873
185	42.063
186	42.275
187	42.007
188	39.468
189	43.852
190	35.542
191	37.598
192	40.206
193	42.42
194	39.815
195	42.141
196	40.005
197	41.872
198	41.984
199	42.174
200	41.291
201	41.615
202	40.665
203	42.063
204	42.018
205	42.174
206	42.175
207	41.593
208	42.297
209	36.449
210	41.0
211	42.331
212	28.675
213	45.608
214	41.907
215	42.174
216	38.976
217	43.807
218	42.197
219	36.259
220	45.777
221	42.13
222	32.154
223	45.709
224	37.947
225	42.432
226	38.685
227	42.7
228	42.063
229	41.749
230	34.882
231	36.09
232	44.657
233	42.018
234	41.995
235	41.727
236	35.878
237	38.562
238	34.256
239	32.254
