0	10.121
1	12.414
2	11.34
3	15.691
4	15.422
5	13.275
6	14.639
7	14.438
8	13.062
9	12.458
10	16.418
11	16.194
12	16.608
13	15.903
14	12.526
15	14.483
16	16.988
17	15.344
18	11.251
19	17.2
20	16.921
21	16.183
22	13.779
23	15.806
24	17.514
25	16.888
26	17.368
27	16.787
28	16.865
29	13.779
30	13.03
31	10.032
32	15.625
33	7.907
34	14.505
35	18.263
36	11.91
37	9.294
38	6.934
39	10.982
40	7.974
41	10.593
42	16.53
43	11.966
44	6.475
45	10.568
46	7.705
47	19.549
48	15.523
49	16.496
50	12.928
51	14.774
52	13.376
53	10.143
54	11.81
55	11.083
56	12.168
57	14.192
58	15.456
59	13.856
60	16.272
61	17.167
62	14.237
63	15.635
64	14.114
65	16.406
66	15.858
67	16.418
68	15.545
69	13.32
70	17.715
71	17.122
72	14.796
73	15.366
74	19.001
75	17.637
76	17.079
77	17.963
78	11.709
79	15.02
80	18.688
81	17.402
82	17.379
83	18.654
84	19.874
85	19.381
86	18.066
87	10.759
88	12.268
89	10.468
90	8.343
91	9.137
92	4.205
93	2.762
94	3.008
95	3.097
96	1.274
97	0.827
98	1.33
99	1.509
100	2.796
101	4.249
102	6.911
103	8.432
104	11.553
105	11.027
106	9.651
107	10.032
108	10.736
109	10.983
110	11.799
111	12.313
112	8.32
113	9.942
114	7.314
115	10.199
116	10.512
117	12.257
118	9.506
119	4.898
120	7.47
121	7.034
122	8.745
123	8.913
124	8.108
125	11.664
126	12.783
127	8.913
128	10.065
129	8.287
130	10.322
131	12.291
132	11.922
133	11.105
134	14.147
135	11.664
136	12.313
137	8.812
138	8.488
139	9.126
140	10.334
141	7.336
142	7.817
143	9.528
144	9.282
145	10.255
146	9.338
147	6.632
148	7.974
149	11.161
150	10.557
151	11.72
152	11.15
153	9.584
154	10.96
155	14.606
156	10.792
157	15.624
158	12.895
159	10.524
160	7.403
161	11.955
162	8.466
163	3.109
164	1.04
165	0.268
166	1.509
167	6.207
168	8.052
169	6.341
170	4.574
171	5.055
172	7.347
173	8.108
174	10.289
175	11.743
176	9.808
177	5.826
178	5.524
179	3.701
180	4.082
181	5.838
182	3.556
183	3.22
184	0.984
185	1.118
186	3.936
187	2.393
188	1.219
189	1.185
190	1.308
191	1.733
192	2.08
193	2.583
194	1.923
195	1.677
196	1.487
197	2.415
198	2.907
199	2.952
200	1.856
201	2.225
202	3.019
203	2.919
204	4.596
205	5.043
206	4.786
207	5.043
208	3.109
209	4.809
210	6.878
211	5.222
212	7.762
213	3.78
214	5.29
215	8.007
216	7.795
217	10.87
218	7.515
219	7.515
220	3.232
221	1.14
222	0.648
223	1.386
224	0.738
225	0.48
226	0.738
227	1.051
228	1.14
229	2.091
230	1.465
231	1.946
232	2.605
233	2.885
234	4.529
235	3.288
236	1.297
237	1.666
238	1.767
239	0.693
