0	2.426
1	2.728
2	4.484
3	5.67
4	6.419
5	11.15
6	4.786
7	1.878
8	2.997
9	3.802
10	4.384
11	10.647
12	15.042
13	5.491
14	8.209
15	3.478
16	5.659
17	5.659
18	4.484
19	1.454
20	0.011
21	0.0
22	0.011
23	1.388
24	4.764
25	11.922
26	14.651
27	7.291
28	15.31
29	0.212
30	3.59
31	4.417
32	6.598
33	4.003
34	10.345
35	12.906
36	10.591
37	8.365
38	3.31
39	12.716
40	10.423
41	11.027
42	7.526
43	3.623
44	9.237
45	12.984
46	8.141
47	1.118
48	4.753
49	0.391
50	0.0
51	2.628
52	5.491
53	10.546
54	5.949
55	9.662
56	8.667
57	3.086
58	9.987
59	10.233
60	5.032
61	1.912
62	3.355
63	6.811
64	8.365
65	0.659
66	2.035
67	3.444
68	3.086
69	1.521
70	3.366
71	3.075
72	2.069
73	2.069
74	2.113
75	1.565
76	1.979
77	1.856
78	2.192
79	2.717
80	3.769
81	1.342
82	2.359
83	3.03
84	1.968
85	2.214
86	1.767
87	2.001
88	2.449
89	2.46
90	2.281
91	2.18
92	2.762
93	1.688
94	1.532
95	1.465
96	2.281
97	2.952
98	1.979
99	2.102
100	1.118
101	1.42
102	1.465
103	2.549
104	1.755
105	1.99
106	1.521
107	3.109
108	3.097
109	2.046
110	0.816
111	2.572
112	2.236
113	2.303
114	3.053
115	2.572
116	3.366
117	3.69
118	1.867
119	3.165
120	4.853
121	2.818
122	6.374
123	3.355
124	5.055
125	4.932
126	7.28
127	4.775
128	3.97
129	3.321
130	6.822
131	1.8
132	3.131
133	6.363
134	5.715
135	1.319
136	2.393
137	4.742
138	1.04
139	2.371
140	1.263
141	1.923
142	2.069
143	2.326
144	3.165
145	2.997
146	1.084
147	2.952
148	3.992
149	2.628
150	6.207
151	3.444
152	5.032
153	7.963
154	2.684
155	12.906
156	3.657
157	3.869
158	6.43
159	3.657
160	5.178
161	2.997
162	3.97
163	4.54
164	3.399
165	2.08
166	4.037
167	3.757
168	4.797
169	7.303
170	7.37
171	4.999
172	8.164
173	9.305
174	4.988
175	10.725
176	8.22
177	6.229
178	4.35
179	5.368
180	5.949
181	5.099
182	3.735
183	4.831
184	2.731
185	4.113
186	3.379
187	5.659
188	3.22
189	3.657
190	2.18
191	1.174
192	2.717
193	1.979
194	1.946
195	2.035
196	1.789
197	3.724
198	6.688
199	6.453
200	3.276
201	3.455
202	3.97
203	7.28
204	6.497
205	3.903
206	3.023
207	2.236
208	2.013
209	1.957
210	3.634
211	0.794
212	3.735
213	7.079
214	5.715
215	7.437
216	8.343
217	7.593
218	9.416
219	10.792
220	3.5
221	4.015
222	6.755
223	2.08
224	3.254
225	3.97
226	0.648
227	2.359
228	1.565
229	1.286
230	2.404
231	2.829
232	1.509
233	2.214
234	2.516
235	3.746
236	3.802
237	7.157
238	8.388
239	7.538
