0	54.454
1	35.263
2	33.373
3	29.659
4	16.451
5	17.044
6	18.274
7	15.366
8	12.828
9	21.685
10	24.571
11	17.077
12	12.716
13	14.662
14	15.266
15	10.971
16	13.768
17	16.519
18	15.344
19	26.26
20	23.944
21	19.035
22	21.148
23	21.92
24	12.984
25	14.281
26	19.639
27	21.551
28	27.199
29	34.793
30	31.136
31	33.395
32	30.845
33	14.528
34	18.095
35	19.001
36	33.205
37	55.618
38	52.8
39	47.61
40	54.544
41	42.98
42	51.278
43	61.69
44	50.708
45	68.2
46	49.231
47	50.316
48	61.836
49	66.086
50	51.468
51	62.854
52	67.193
53	52.978
54	55.718
55	51.155
56	33.63
57	34.021
58	58.816
59	70.459
60	62.328
61	49.053
62	38.842
63	62.574
64	58.581
65	42.532
66	51.345
67	64.375
68	55.987
69	54.052
70	55.092
71	52.419
72	56.501
73	59.162
74	53.962
75	27.792
76	36.18
77	48.784
78	13.499
79	36.974
80	38.595
81	32.847
82	53.023
83	53.918
84	49.533
85	47.274
86	30.733
87	27.311
88	15.881
89	20.936
90	9.092
91	5.211
92	6.766
93	10.121
94	15.769
95	30.454
96	37.332
97	44.847
98	42.98
99	38.931
100	46.995
101	21.473
102	33.317
103	49.466
104	52.699
105	47.722
106	46.268
107	37.656
108	31.248
109	33.909
110	39.227
111	41.358
112	42.722
113	23.981
114	24.996
115	25.499
116	19.247
117	35.799
118	46.424
119	53.168
120	51.524
121	53.168
122	52.285
123	41.034
124	47.174
125	55.729
126	63.737
127	63.19
128	67.685
129	52.039
130	30.845
131	29.973
132	31.371
133	35.855
134	31.113
135	34.346
136	28.955
137	46.245
138	53.817
139	73.277
140	63.301
141	65.046
142	55.159
143	38.707
144	63.815
145	49.601
146	53.906
147	58.313
148	59.308
149	50.585
150	43.762
151	44.333
152	38.059
153	21.171
154	29.078
155	38.148
156	34.894
157	49.791
158	38.472
159	47.755
160	32.075
161	25.175
162	32.634
163	40.452
164	36.56
165	78.343
166	50.126
167	29.615
168	42.991
169	39.255
170	24.839
171	23.173
172	33.003
173	38.573
174	36.191
175	42.89
176	52.072
177	46.816
178	48.057
179	29.536
180	18.319
181	32.545
182	42.186
183	66.992
184	57.541
185	62.742
186	69.173
187	69.877
188	56.456
189	47.118
190	44.478
191	55.718
192	23.206
193	39.971
194	30.979
195	59.286
196	51.849
197	31.639
198	40.732
199	58.816
200	70.257
201	63.033
202	62.943
203	27.445
204	29.536
205	25.387
206	35.777
207	35.207
208	50.943
209	53.336
210	49.455
211	54.063
212	60.494
213	52.956
214	43.796
215	28.686
216	33.496
217	35.598
218	45.373
219	60.538
220	47.375
221	64.017
222	58.861
223	46.38
224	49.522
225	59.331
226	52.419
227	45.295
228	32.489
229	26.964
230	35.184
231	36.437
232	45.138
233	31.594
234	39.289
235	27.658
236	13.633
237	37.421
238	34.334
239	32.945
