0	0.704
1	0.682
2	0.682
3	0.626
4	0.771
5	0.816
6	0.48
7	0.615
8	0.648
9	0.592
10	0.883
11	0.849
12	0.447
13	0.514
14	0.682
15	0.38
16	0.626
17	0.603
18	0.76
19	0.536
20	0.95
21	1.028
22	0.917
23	0.905
24	0.861
25	0.559
26	0.738
27	0.961
28	0.984
29	0.827
30	0.749
31	1.174
32	0.76
33	0.749
34	0.57
35	0.738
36	0.514
37	0.559
38	0.391
39	0.458
40	0.603
41	0.548
42	0.503
43	0.369
44	0.548
45	0.57
46	0.514
47	0.514
48	0.346
49	0.592
50	0.57
51	0.581
52	0.749
53	0.671
54	0.76
55	0.917
56	0.917
57	0.693
58	0.57
59	0.928
60	0.984
61	0.726
62	0.659
63	1.006
64	0.335
65	0.637
66	0.648
67	1.241
68	0.771
69	0.581
70	0.961
71	0.648
72	0.626
73	0.648
74	0.693
75	0.246
76	0.76
77	1.051
78	0.413
79	0.492
80	0.514
81	0.537
82	0.469
83	0.559
84	0.391
85	0.928
86	0.648
87	0.626
88	0.805
89	0.738
90	0.615
91	0.738
92	0.659
93	1.073
94	0.626
95	0.436
96	0.671
97	0.816
98	0.57
99	0.849
100	0.872
101	0.111
102	0.659
103	0.346
104	0.536
105	0.357
106	0.492
107	0.234
108	0.704
109	0.603
110	0.548
111	0.648
112	0.749
113	0.715
114	0.883
115	0.805
116	0.704
117	0.648
118	0.905
119	0.458
120	0.29
121	0.57
122	0.391
123	0.525
124	0.536
125	0.279
126	0.581
127	0.548
128	0.458
129	0.659
130	0.447
131	0.581
132	1.096
133	0.38
134	0.346
135	0.536
136	0.704
137	0.424
138	0.525
139	0.469
140	0.603
141	0.514
142	0.536
143	0.592
144	1.04
145	0.458
146	1.107
147	0.693
148	0.592
149	0.905
150	0.581
151	0.782
152	0.592
153	0.726
154	0.995
155	0.514
156	0.648
157	0.615
158	0.894
159	0.011
160	0.76
161	0.514
162	0.894
163	0.503
164	0.794
165	0.95
166	0.671
167	0.905
168	0.984
169	1.107
170	0.928
171	0.95
172	1.062
173	0.861
174	0.648
175	0.816
176	0.749
177	1.051
178	1.051
179	0.738
180	0.704
181	1.017
182	1.051
183	1.051
184	1.23
185	0.928
186	0.659
187	0.894
188	1.018
189	1.14
190	0.76
191	0.536
192	0.861
193	0.469
194	0.827
195	0.514
196	0.559
197	1.286
198	1.33
199	0.827
200	1.185
201	1.263
202	0.57
203	1.107
204	1.476
205	0.771
206	0.928
207	0.637
208	1.006
209	0.76
210	0.57
211	0.659
212	0.592
213	0.928
214	0.905
215	0.615
216	0.525
217	0.581
218	0.883
219	0.771
220	0.659
221	0.402
222	0.861
223	0.637
224	0.771
225	0.704
226	1.006
227	0.794
228	0.536
229	1.04
230	0.872
231	0.548
232	0.872
233	0.715
234	1.028
235	0.581
236	1.062
237	1.017
238	0.726
239	1.185
