0	0.536
1	0.559
2	0.391
3	0.961
4	0.603
5	0.715
6	1.621
7	0.883
8	1.006
9	1.129
10	0.816
11	0.984
12	1.342
13	1.151
14	0.816
15	2.695
16	1.79
17	1.755
18	2.438
19	1.207
20	1.453
21	4.003
22	3.388
23	2.606
24	3.008
25	2.303
26	1.409
27	1.8
28	1.822
29	1.33
30	1.979
31	1.778
32	1.599
33	1.409
34	2.046
35	1.632
36	3.724
37	2.326
38	2.684
39	2.527
40	2.192
41	2.65
42	2.46
43	1.286
44	1.263
45	1.509
46	1.42
47	3.489
48	2.426
49	2.717
50	2.796
51	2.617
52	2.471
53	2.303
54	2.482
55	2.538
56	3.176
57	3.332
58	2.449
59	2.963
60	2.605
61	3.008
62	2.303
63	1.644
64	1.543
65	2.147
66	2.08
67	1.163
68	2.784
69	2.471
70	3.601
71	3.601
72	0.0
73	0.001
74	0.008
75	0.0
76	0.538
77	5.178
78	6.99
79	7.124
80	5.301
81	4.865
82	9.898
83	9.909
84	5.614
85	14.192
86	7.851
87	10.423
88	6.24
89	0.111
90	9.103
91	4.742
92	7.191
93	4.484
94	5.457
95	3.391
96	1.957
97	7.169
98	3.075
99	2.919
100	5.815
101	4.44
102	1.822
103	6.397
104	6.811
105	4.44
106	5.703
107	4.797
108	0.782
109	2.27
110	2.001
111	3.769
112	1.386
113	4.082
114	2.236
115	2.337
116	3.5
117	3.131
118	2.784
119	2.941
120	0.693
121	1.979
122	1.565
123	1.722
124	1.51
125	1.252
126	0.749
127	1.342
128	2.114
129	1.925
130	2.013
131	1.297
132	2.527
133	1.744
134	1.263
135	2.18
136	1.8
137	1.532
138	1.61
139	2.147
140	2.639
141	0.514
142	2.281
143	1.599
144	1.644
145	1.655
146	1.867
147	1.767
148	3.019
149	1.442
150	2.057
151	1.565
152	2.717
153	1.778
154	1.073
155	2.952
156	2.091
157	2.527
158	3.142
159	4.003
160	0.894
161	1.353
162	2.438
163	1.252
164	2.124
165	2.639
166	1.979
167	3.433
168	3.78
169	4.652
170	1.99
171	2.484
172	1.588
173	3.086
174	3.947
175	2.874
176	4.92
177	1.711
178	1.476
179	2.001
180	3.78
181	2.124
182	3.12
183	1.722
184	2.259
185	3.288
186	2.661
187	3.634
188	2.337
189	3.567
190	2.941
191	1.688
192	1.845
193	2.829
194	1.521
195	1.588
196	3.791
197	1.185
198	1.856
199	3.858
200	1.129
201	4.764
202	0.581
203	1.498
204	2.605
205	2.684
206	1.185
207	1.644
208	1.084
209	3.019
210	1.822
211	2.438
212	1.487
213	1.409
214	1.353
215	0.782
216	1.151
217	0.917
218	1.99
219	1.666
220	0.827
221	1.509
222	1.8
223	0.782
224	0.044
225	1.465
226	0.402
227	0.648
228	1.129
229	0.57
230	0.883
231	0.682
232	1.308
233	0.749
234	0.38
235	1.04
236	0.503
237	0.995
238	0.782
239	0.806
