0	0.76
1	1.733
2	1.789
3	2.717
4	1.308
5	1.845
6	1.845
7	2.482
8	2.102
9	2.516
10	2.639
11	2.505
12	1.856
13	2.527
14	2.147
15	1.778
16	0.995
17	2.046
18	1.476
19	1.934
20	1.565
21	1.219
22	1.185
23	1.588
24	2.091
25	2.001
26	0.861
27	1.23
28	1.588
29	1.33
30	1.699
31	1.968
32	1.543
33	1.688
34	0.884
35	0.984
36	1.371
37	2.147
38	1.274
39	1.386
40	1.465
41	2.494
42	1.655
43	1.968
44	1.789
45	1.353
46	2.404
47	1.655
48	1.364
49	2.617
50	1.308
51	1.028
52	1.543
53	1.934
54	1.465
55	1.588
56	2.18
57	2.046
58	3.276
59	1.968
60	2.092
61	2.404
62	2.784
63	1.789
64	2.259
65	1.979
66	3.064
67	2.259
68	3.008
69	1.878
70	2.247
71	1.084
72	1.342
73	1.23
74	1.375
75	1.196
76	1.778
77	2.661
78	1.677
79	1.509
80	1.946
81	1.274
82	1.588
83	1.453
84	1.811
85	2.494
86	1.554
87	2.605
88	1.465
89	3.008
90	0.782
91	1.286
92	2.27
93	3.198
94	2.08
95	4.115
96	3.288
97	2.371
98	4.876
99	1.957
100	2.415
101	4.16
102	2.818
103	2.661
104	3.824
105	7.672
106	0.973
107	2.796
108	2.605
109	1.509
110	1.856
111	2.08
112	2.169
113	1.946
114	2.426
115	1.856
116	3.701
117	1.677
118	1.163
119	1.062
120	2.449
121	2.617
122	1.487
123	1.207
124	0.033
125	3.243
126	2.728
127	2.818
128	1.297
129	2.404
130	3.377
131	1.845
132	1.42
133	3.053
134	1.655
135	1.946
136	2.941
137	2.784
138	2.561
139	2.147
140	1.364
141	3.03
142	3.153
143	3.634
144	2.236
145	2.516
146	1.789
147	0.0
148	2.113
149	2.661
150	1.655
151	1.599
152	2.605
153	1.834
154	1.632
155	1.822
156	3.757
157	2.001
158	2.415
159	4.652
160	4.138
161	2.001
162	4.618
163	2.214
164	3.399
165	4.607
166	4.932
167	2.203
168	3.423
169	1.822
170	2.639
171	1.733
172	3.153
173	2.247
174	2.661
175	4.227
176	3.377
177	4.518
178	1.822
179	3.22
180	2.449
181	2.371
182	3.936
183	5.133
184	4.182
185	2.728
186	2.706
187	6.878
188	0.033
189	1.778
190	4.73
191	4.16
192	3.478
193	1.398
194	1.409
195	4.451
196	3.053
197	3.489
198	7.124
199	7.448
200	4.742
201	4.35
202	4.361
203	6.386
204	4.339
205	3.534
206	5.267
207	2.561
208	2.27
209	3.187
210	2.919
211	2.952
212	3.5
213	5.256
214	2.941
215	4.831
216	2.93
217	3.522
218	4.35
219	1.342
220	4.384
221	2.605
222	3.824
223	3.12
224	5.86
225	3.467
226	4.305
227	2.393
228	1.621
229	2.885
230	2.527
231	1.342
232	3.31
233	2.192
234	2.695
235	2.124
236	3.578
237	4.596
238	3.601
239	2.997
