0	1.342
1	0.917
2	1.688
3	1.185
4	1.386
5	1.453
6	1.487
7	1.23
8	1.14
9	0.917
10	1.174
11	1.084
12	0.95
13	0.827
14	2.303
15	1.655
16	2.594
17	2.035
18	1.118
19	2.057
20	1.017
21	1.299
22	0.94
23	1.59
24	1.42
25	1.83
26	1.534
27	1.402
28	1.15
29	0.973
30	1.163
31	0.794
32	1.621
33	1.353
34	1.219
35	2.348
36	1.062
37	1.398
38	2.091
39	1.14
40	0.726
41	1.532
42	1.442
43	1.174
44	1.14
45	0.603
46	1.487
47	1.487
48	1.666
49	1.151
50	1.118
51	1.319
52	1.017
53	0.771
54	1.599
55	1.028
56	0.973
57	1.096
58	1.207
59	1.207
60	1.89
61	1.129
62	1.565
63	1.263
64	1.174
65	0.827
66	1.096
67	1.576
68	1.543
69	2.08
70	1.878
71	2.102
72	0.816
73	1.476
74	1.364
75	0.995
76	0.894
77	1.778
78	1.621
79	1.565
80	2.505
81	1.364
82	1.263
83	1.632
84	0.95
85	1.297
86	1.263
87	1.386
88	1.286
89	0.76
90	1.487
91	1.755
92	1.062
93	1.319
94	1.498
95	1.207
96	0.794
97	1.8
98	1.084
99	1.286
100	1.912
101	1.912
102	1.498
103	1.174
104	1.196
105	0.939
106	0.995
107	0.928
108	1.61
109	1.073
110	2.371
111	1.084
112	1.565
113	1.431
114	2.952
115	1.028
116	1.163
117	0.838
118	1.263
119	0.805
120	0.973
121	1.263
122	1.163
123	1.263
124	2.124
125	1.062
126	1.051
127	1.241
128	1.699
129	1.297
130	1.443
131	0.548
132	1.612
133	1.283
134	1.384
135	1.297
136	2.013
137	1.263
138	1.878
139	2.281
140	1.946
141	1.912
142	1.61
143	1.017
144	2.035
145	1.364
146	2.494
147	1.979
148	1.118
149	1.666
150	1.632
151	1.308
152	0.995
153	1.051
154	1.543
155	1.084
156	1.375
157	0.726
158	1.04
159	1.207
160	1.107
161	1.196
162	1.185
163	0.682
164	1.073
165	1.409
166	0.771
167	1.028
168	1.521
169	0.704
170	1.196
171	0.682
172	1.342
173	0.704
174	1.957
175	1.33
176	1.822
177	1.476
178	1.219
179	0.849
180	1.129
181	1.274
182	0.894
183	0.917
184	1.107
185	1.286
186	0.603
187	0.905
188	1.286
189	1.174
190	1.33
191	1.543
192	1.129
193	1.61
194	1.174
195	1.096
196	1.453
197	1.375
198	0.682
199	1.263
200	1.375
201	1.353
202	1.274
203	1.297
204	2.147
205	2.214
206	0.671
207	1.688
208	1.521
209	1.274
210	1.968
211	0.447
212	2.505
213	0.872
214	1.8
215	0.0
216	0.033
217	0.0
218	2.158
219	1.42
220	1.398
221	0.637
222	1.588
223	1.509
224	0.581
225	1.263
226	2.516
227	1.274
228	0.939
229	0.682
230	1.23
231	0.346
232	1.778
233	1.096
234	1.644
235	0.659
236	1.878
237	1.576
238	0.201
239	2.013
