0	0.0
1	0.0
2	0.0
3	0.0
4	0.0
5	0.0
6	0.0
7	0.0
8	0.0
9	0.0
10	0.0
11	0.0
12	0.0
13	0.0
14	0.0
15	0.0
16	0.0
17	0.002
18	0.0
19	0.0
20	0.0
21	0.0
22	0.006
23	0.0
24	0.0
25	0.0
26	0.0
27	0.043
28	0.247
29	0.0
30	0.0
31	0.0
32	0.0
33	0.0
34	0.0
35	0.0
36	0.0
37	0.0
38	0.0
39	0.0
40	0.0
41	0.0
42	0.0
43	0.0
44	0.0
45	0.0
46	0.0
47	0.0
48	0.0
49	9.629
50	15.234
51	17.525
52	6.531
53	2.348
54	0.0
55	0.0
56	0.0
57	0.0
58	0.0
59	2.717
60	6.061
61	10.345
62	16.093
63	11.038
64	9.64
65	7.705
66	6.14
67	6.128
68	8.298
69	8.477
70	8.846
71	0.603
72	2.236
73	6.644
74	9.657
75	2.08
76	10.26
77	11.776
78	9.338
79	7.627
80	6.374
81	6.699
82	3.411
83	3.444
84	10.312
85	10.742
86	13.635
87	12.235
88	10.257
89	8.108
90	7.828
91	9.573
92	10.11
93	8.589
94	7.974
95	9.987
96	8.041
97	7.873
98	8.365
99	7.828
100	5.737
101	6.453
102	7.806
103	7.482
104	7.18
105	5.536
106	8.499
107	15.355
108	12.157
109	6.844
110	2.247
111	6.777
112	9.718
113	14.572
114	12.347
115	13.241
116	12.805
117	13.454
118	14.125
119	12.929
120	12.537
121	9.528
122	11.855
123	11.329
124	15.657
125	15.668
126	14.08
127	13.409
128	14.807
129	15.098
130	11.81
131	11.955
132	14.629
133	11.553
134	6.956
135	4.876
136	6.342
137	8.477
138	8.958
139	4.417
140	12.637
141	14.27
142	18.811
143	16.451
144	19.493
145	15.468
146	12.66
147	13.901
148	17.547
149	16.988
150	18.509
151	12.291
152	9.786
153	9.215
154	7.884
155	6.945
156	10.143
157	11.196
158	10.331
159	8.175
160	5.647
161	6.128
162	1.375
163	2.65
164	8.443
165	4.999
166	4.216
167	4.026
168	4.317
169	3.735
170	3.198
171	0.648
172	1.163
173	2.538
174	4.73
175	3.042
176	2.281
177	2.986
178	4.194
179	0.458
180	0.536
181	2.303
182	2.247
183	5.088
184	3.947
185	6.274
186	6.229
187	4.809
188	2.46
189	1.476
190	1.241
191	0.436
192	0.156
193	0.0
194	0.0
195	0.0
196	0.0
197	0.0
198	0.0
199	0.0
200	0.0
201	0.0
202	0.0
203	0.0
204	0.0
205	0.0
206	0.0
207	0.0
208	0.002
209	0.0
210	0.0
211	0.0
212	0.0
213	0.0
214	0.0
215	0.018
216	0.0
217	0.0
218	0.0
219	0.0
220	0.004
221	0.0
222	0.0
223	0.0
224	0.0
225	0.0
226	0.0
227	0.0
228	0.0
229	0.0
230	0.0
231	0.0
232	0.0
233	0.0
234	0.0
235	0.0
236	0.0
237	0.0
238	0.0
239	0.0
