0	79.026
1	76.151
2	65.392
3	35.251
4	25.879
5	36.303
6	35.196
7	50.92
8	29.872
9	32.948
10	22.043
11	24.884
12	44.612
13	36.84
14	45.205
15	34.312
16	42.935
17	33.697
18	26.349
19	36.403
20	44.389
21	33.037
22	48.785
23	48.18
24	45.462
25	39.088
26	51.647
27	44.58
28	56.322
29	49.299
30	47.23
31	60.371
32	43.908
33	49.466
34	40.888
35	63.245
36	61.691
37	48.784
38	54.097
39	31.024
40	53.314
41	47.263
42	64.699
43	34.424
44	40.363
45	42.387
46	40.698
47	38.573
48	53.962
49	63.793
50	54.757
51	37.801
52	40.351
53	27.602
54	29.883
55	28.653
56	31.986
57	43.528
58	25.902
59	20.366
60	29.715
61	43.438
62	41.313
63	71.152
64	91.194
65	78.019
66	87.447
67	83.745
68	79.261
69	93.464
70	68.971
71	84.405
72	70.353
73	82.616
74	54.846
75	47.699
76	51.116
77	64.106
78	60.315
79	43.55
80	60.225
81	67.361
82	54.164
83	47.63
84	37.432
85	11.866
86	33.63
87	47.666
88	79.328
89	70.023
90	69.463
91	83.701
92	37.976
93	72.898
94	58.727
95	59.041
96	79.261
97	82.985
98	77.752
99	80.122
100	82.761
101	84.126
102	57.027
103	72.282
104	68.915
105	82.807
106	80.815
107	79.361
108	62.507
109	77.102
110	77.057
111	60.439
112	73.814
113	77.516
114	71.734
115	80.86
116	80.972
117	80.625
118	76.308
119	80.984
120	71.622
121	67.775
122	50.685
123	56.557
124	37.69
125	61.914
126	61.512
127	63.548
128	46.518
129	53.314
130	55.752
131	52.039
132	56.11
133	51.524
134	43.259
135	75.95
136	55.741
137	52.822
138	55.942
139	59.129
140	69.038
141	53.0
142	49.041
143	53.291
144	45.485
145	39.87
146	52.319
147	49.254
148	45.988
149	44.311
150	36.739
151	41.66
152	42.331
153	49.69
154	59.554
155	73.12
156	69.497
157	65.034
158	64.677
159	58.872
160	41.682
161	69.799
162	76.241
163	72.103
164	82.929
165	84.439
166	81.922
167	65.806
168	65.113
169	77.259
170	78.053
171	75.436
172	78.735
173	76.99
174	48.806
175	40.284
176	35.621
177	37.03
178	44.724
179	44.109
180	30.487
181	29.659
182	27.087
183	31.225
184	32.019
185	29.738
186	30.465
187	39.345
188	46.782
189	43.707
190	54.79
191	51.368
192	42.241
193	46.044
194	46.16
195	48.124
196	47.71
197	41.391
198	50.07
199	57.385
200	57.385
201	0.0
202	0.0
203	0.001
204	0.0
205	0.0
206	0.0
207	0.0
208	0.0
209	0.337
210	2.661
211	1.543
212	0.458
213	0.715
214	2.27
215	0.838
216	2.762
217	0.055
218	0.0
219	0.023
220	0.123
221	0.301
222	0.738
223	2.997
224	2.684
225	2.717
226	2.527
227	2.663
228	3.097
229	4.462
230	3.814
231	5.021
232	4.518
233	4.16
234	3.78
235	3.937
236	4.115
237	4.507
238	3.366
239	3.545
