0	5.703
1	9.741
2	10.132
3	9.718
4	8.41
5	7.135
6	9.17
7	9.909
8	6.497
9	7.269
10	7.359
11	9.752
12	9.338
13	5.357
14	6.307
15	6.419
16	6.128
17	4.294
18	8.309
19	9.517
20	7.359
21	7.772
22	6.229
23	4.708
24	5.569
25	7.515
26	7.538
27	6.218
28	11.318
29	10.792
30	7.146
31	8.074
32	7.964
33	4.597
34	6.855
35	7.269
36	8.701
37	4.657
38	4.372
39	6.084
40	7.873
41	7.28
42	4.037
43	7.638
44	7.884
45	9.573
46	3.511
47	4.484
48	4.518
49	4.462
50	4.362
51	4.037
52	1.8
53	3.142
54	3.22
55	5.111
56	6.565
57	4.596
58	6.464
59	9.987
60	5.111
61	4.07
62	4.764
63	5.938
64	11.564
65	10.602
66	5.77
67	1.576
68	6.978
69	10.718
70	5.882
71	4.361
72	9.215
73	10.993
74	4.652
75	11.172
76	11.687
77	11.184
78	10.859
79	8.018
80	9.45
81	6.922
82	4.954
83	4.764
84	7.448
85	4.898
86	3.567
87	11.217
88	8.645
89	3.388
90	5.133
91	6.866
92	3.824
93	6.14
94	6.732
95	6.788
96	6.732
97	1.845
98	5.457
99	5.558
100	2.505
101	3.109
102	4.708
103	5.39
104	3.165
105	6.128
106	6.251
107	1.912
108	0.961
109	2.516
110	8.197
111	3.455
112	6.654
113	8.365
114	7.045
115	7.772
116	4.719
117	4.73
118	4.417
119	5.021
120	4.607
121	4.059
122	4.686
123	4.54
124	5.066
125	3.992
126	4.216
127	3.109
128	4.339
129	4.473
130	3.623
131	3.992
132	4.07
133	3.724
134	4.249
135	4.216
136	4.473
137	4.305
138	4.395
139	4.182
140	4.317
141	3.981
142	3.355
143	3.008
144	5.457
145	3.5
146	3.467
147	3.645
148	8.074
149	2.896
150	7.18
151	3.824
152	4.674
153	3.623
154	9.685
155	11.217
156	3.265
157	4.037
158	3.155
159	3.109
160	2.628
161	3.813
162	4.003
163	3.053
164	2.885
165	2.382
166	2.639
167	3.187
168	3.735
169	4.238
170	4.249
171	3.545
172	7.314
173	5.021
174	9.349
175	10.68
176	9.327
177	11.43
178	7.515
179	4.238
180	4.462
181	4.216
182	5.211
183	5.155
184	4.372
185	4.283
186	3.422
187	3.791
188	1.722
189	2.259
190	1.778
191	0.806
192	3.511
193	2.728
194	4.563
195	2.46
196	3.232
197	4.607
198	3.131
199	5.099
200	2.818
201	4.07
202	3.008
203	4.551
204	2.628
205	3.153
206	2.639
207	2.93
208	4.943
209	2.885
210	4.35
211	4.138
212	9.618
213	2.27
214	3.936
215	2.538
216	2.728
217	0.939
218	3.713
219	3.165
220	3.69
221	3.679
222	2.74
223	3.657
224	3.176
225	3.153
226	2.505
227	3.254
228	4.249
229	5.536
230	10.255
231	2.907
232	5.267
233	2.762
234	3.992
235	8.086
236	4.563
237	1.23
238	2.751
239	4.037
