0	5.849
1	0.794
2	2.728
3	4.697
4	3.366
5	3.791
6	2.74
7	3.288
8	2.471
9	2.281
10	1.856
11	2.259
12	1.957
13	1.554
14	2.572
15	4.082
16	1.856
17	3.444
18	3.03
19	2.169
20	2.549
21	2.84
22	2.986
23	3.522
24	5.938
25	2.784
26	4.786
27	5.826
28	4.742
29	2.851
30	3.5
31	3.522
32	3.601
33	3.892
34	4.395
35	2.113
36	2.728
37	3.12
38	3.053
39	3.522
40	4.965
41	3.657
42	4.115
43	4.294
44	5.737
45	2.169
46	2.348
47	2.136
48	2.728
49	2.84
50	2.46
51	4.585
52	4.507
53	2.482
54	3.187
55	5.804
56	1.655
57	4.126
58	5.86
59	6.419
60	9.439
61	5.513
62	5.927
63	0.29
64	3.69
65	2.001
66	3.769
67	0.536
68	2.035
69	2.382
70	2.303
71	2.069
72	3.042
73	1.196
74	2.147
75	1.778
76	1.442
77	1.386
78	4.283
79	2.784
80	4.093
81	3.31
82	2.371
83	1.755
84	3.735
85	1.778
86	2.415
87	3.388
88	4.73
89	1.822
90	3.276
91	3.388
92	0.872
93	3.042
94	2.359
95	0.738
96	2.628
97	1.409
98	1.151
99	1.163
100	2.482
101	1.319
102	0.928
103	1.811
104	0.559
105	0.872
106	1.778
107	0.503
108	1.744
109	1.979
110	0.849
111	1.096
112	1.465
113	1.241
114	1.789
115	1.744
116	1.901
117	2.091
118	1.979
119	1.342
120	2.851
121	2.203
122	2.035
123	1.901
124	2.841
125	2.784
126	2.192
127	3.802
128	4.227
129	1.878
130	2.952
131	1.856
132	2.773
133	2.661
134	5.345
135	2.438
136	3.388
137	2.661
138	1.979
139	1.185
140	2.885
141	2.08
142	0.995
143	1.487
144	2.08
145	1.498
146	1.207
147	1.118
148	1.901
149	1.576
150	0.995
151	1.431
152	1.453
153	1.252
154	0.167
155	1.901
156	0.861
157	0.95
158	1.733
159	0.581
160	1.722
161	0.984
162	1.398
163	1.699
164	2.203
165	1.588
166	2.247
167	1.017
168	0.995
169	2.27
170	1.699
171	1.655
172	1.521
173	1.744
174	1.677
175	1.711
176	1.733
177	1.096
178	1.688
179	1.677
180	1.207
181	1.655
182	1.543
183	2.784
184	1.968
185	1.666
186	1.968
187	3.153
188	2.27
189	1.789
190	2.382
191	2.001
192	1.588
193	1.934
194	1.89
195	2.371
196	3.209
197	2.818
198	5.893
199	2.001
200	2.952
201	3.981
202	2.587
203	1.599
204	2.001
205	2.091
206	2.057
207	2.136
208	1.509
209	1.196
210	2.169
211	1.588
212	0.995
213	1.845
214	2.337
215	2.013
216	2.594
217	2.348
218	1.845
219	4.317
220	2.393
221	1.755
222	1.644
223	2.84
224	2.382
225	1.163
226	2.236
227	3.109
228	2.482
229	1.99
230	2.27
231	2.013
232	2.841
233	1.521
234	2.046
235	2.18
236	1.856
237	3.388
238	1.151
239	1.867
