0	2.863
1	1.543
2	3.724
3	5.759
4	7.996
5	5.871
6	6.33
7	3.288
8	2.74
9	7.985
10	7.068
11	10.971
12	3.992
13	7.661
14	8.79
15	2.974
16	3.892
17	4.406
18	1.744
19	1.677
20	8.88
21	2.784
22	3.612
23	3.232
24	3.053
25	3.153
26	2.875
27	0.738
28	5.815
29	8.991
30	2.124
31	4.708
32	0.424
33	2.952
34	4.104
35	4.339
36	0.055
37	1.755
38	5.446
39	4.216
40	6.207
41	1.968
42	3.947
43	0.346
44	1.968
45	0.838
46	1.465
47	0.961
48	1.521
49	1.487
50	1.241
51	1.353
52	1.386
53	1.565
54	1.308
55	2.359
56	0.894
57	1.856
58	3.008
59	1.532
60	2.113
61	4.093
62	8.846
63	2.057
64	7.18
65	3.344
66	0.413
67	0.615
68	1.196
69	1.968
70	2.035
71	4.473
72	1.599
73	3.187
74	1.666
75	2.952
76	1.655
77	4.227
78	4.742
79	2.46
80	3.165
81	2.572
82	3.366
83	2.426
84	3.254
85	4.764
86	4.943
87	3.042
88	2.326
89	2.438
90	2.182
91	2.846
92	2.547
93	2.751
94	3.086
95	6.822
96	2.225
97	2.661
98	3.265
99	2.348
100	2.393
101	0.726
102	0.838
103	1.957
104	1.912
105	1.755
106	2.807
107	3.042
108	2.617
109	2.628
110	2.549
111	1.409
112	3.836
113	4.44
114	1.755
115	3.522
116	4.015
117	4.048
118	2.628
119	4.529
120	0.424
121	3.858
122	5.569
123	9.047
124	3.019
125	7.828
126	3.522
127	5.088
128	5.323
129	2.851
130	5.122
131	2.426
132	3.153
133	3.042
134	4.642
135	3.813
136	7.101
137	7.426
138	1.308
139	3.444
140	2.247
141	4.261
142	2.494
143	4.115
144	1.465
145	2.594
146	2.426
147	1.655
148	2.505
149	1.342
150	3.109
151	2.102
152	3.467
153	3.534
154	2.695
155	3.914
156	2.796
157	2.359
158	2.628
159	4.015
160	4.015
161	4.797
162	3.299
163	4.082
164	3.836
165	3.288
166	5.025
167	3.102
168	10.367
169	4.697
170	4.261
171	3.824
172	6.743
173	9.741
174	2.963
175	4.518
176	1.565
177	2.08
178	2.695
179	2.617
180	0.917
181	2.102
182	2.359
183	2.069
184	4.126
185	1.878
186	4.932
187	2.818
188	4.328
189	3.522
190	4.16
191	3.243
192	2.829
193	2.717
194	2.404
195	5.625
196	3.467
197	4.059
198	4.563
199	4.607
200	3.198
201	1.867
202	2.471
203	0.838
204	4.406
205	2.438
206	2.438
207	3.813
208	6.654
209	2.784
210	4.451
211	2.371
212	2.907
213	2.907
214	3.545
215	4.428
216	3.996
217	3.398
218	2.169
219	2.941
220	3.202
221	0.648
222	4.328
223	3.534
224	3.433
225	1.286
226	3.925
227	1.252
228	2.069
229	2.74
230	2.628
231	2.382
232	2.471
233	2.997
234	2.281
235	3.892
236	2.08
237	3.78
238	3.053
239	1.99
