0	0.794
1	1.767
2	2.348
3	2.672
4	1.04
5	1.755
6	3.276
7	1.375
8	2.203
9	2.426
10	1.632
11	2.035
12	2.505
13	1.8
14	1.722
15	2.382
16	1.8
17	1.946
18	3.053
19	3.321
20	3.332
21	3.411
22	3.959
23	3.299
24	4.305
25	2.672
26	2.404
27	4.25
28	5.032
29	3.858
30	6.14
31	4.294
32	2.986
33	5.234
34	2.549
35	3.299
36	3.008
37	3.892
38	3.399
39	5.592
40	4.775
41	2.158
42	3.433
43	1.912
44	2.807
45	1.8
46	2.717
47	1.174
48	1.957
49	2.192
50	1.398
51	0.771
52	3.433
53	2.549
54	1.576
55	1.811
56	0.38
57	1.979
58	1.878
59	2.102
60	2.706
61	2.247
62	2.326
63	1.61
64	1.878
65	0.715
66	2.169
67	2.169
68	1.946
69	3.209
70	1.174
71	3.288
72	1.453
73	2.65
74	2.471
75	3.209
76	1.498
77	0.671
78	0.771
79	1.252
80	1.688
81	0.917
82	1.711
83	1.409
84	1.957
85	1.834
86	1.308
87	0.961
88	1.487
89	1.677
90	1.711
91	1.968
92	2.426
93	2.158
94	2.706
95	2.684
96	2.326
97	3.546
98	1.61
99	4.227
100	2.001
101	2.986
102	0.492
103	0.492
104	2.65
105	1.744
106	0.0
107	0.0
108	0.382
109	0.738
110	0.671
111	0.603
112	0.917
113	0.637
114	0.872
115	0.682
116	0.715
117	0.76
118	2.482
119	3.075
120	6.374
121	3.791
122	4.082
123	2.158
124	6.296
125	1.834
126	5.949
127	7.895
128	2.695
129	8.6
130	7.538
131	8.835
132	7.616
133	5.368
134	5.849
135	5.793
136	6.766
137	6.296
138	4.909
139	4.988
140	5.972
141	3.075
142	2.896
143	3.064
144	3.97
145	3.254
146	3.455
147	3.478
148	3.232
149	4.126
150	1.621
151	5.905
152	1.644
153	3.299
154	2.326
155	2.605
156	3.612
157	1.163
158	2.896
159	2.404
160	2.974
161	2.18
162	2.762
163	2.08
164	2.303
165	2.829
166	2.326
167	3.12
168	2.907
169	3.522
170	4.697
171	4.473
172	5.457
173	5.558
174	5.245
175	2.326
176	3.22
177	4.697
178	3.344
179	5.58
180	6.755
181	4.249
182	5.222
183	2.549
184	2.315
185	4.126
186	3.556
187	6.374
188	4.842
189	5.424
190	5.01
191	5.77
192	6.565
193	2.952
194	6.386
195	4.216
196	5.804
197	3.355
198	3.769
199	1.565
200	2.874
201	3.265
202	2.326
203	2.773
204	2.393
205	3.209
206	2.013
207	2.415
208	2.359
209	3.332
210	5.592
211	5.043
212	5.468
213	3.612
214	3.69
215	4.473
216	6.14
217	3.981
218	4.92
219	4.786
220	3.623
221	5.849
222	4.317
223	4.328
224	5.088
225	6.419
226	3.824
227	5.603
228	5.133
229	4.417
230	6.24
231	3.254
232	4.842
233	4.261
234	3.209
235	3.489
236	5.435
237	4.395
238	5.893
239	5.86
