0	34.603
1	47.543
2	30.242
3	25.745
4	2.93
5	9.44
6	18.095
7	20.6
8	12.626
9	5.379
10	6.363
11	1.979
12	1.375
13	10.423
14	34.368
15	31.337
16	25.857
17	19.974
18	17.346
19	15.299
20	8.354
21	2.236
22	1.051
23	9.875
24	2.952
25	1.789
26	3.142
27	8.645
28	8.052
29	5.334
30	6.307
31	3.724
32	2.572
33	5.916
34	4.652
35	11.541
36	14.483
37	12.593
38	11.821
39	3.813
40	3.086
41	5.569
42	19.829
43	22.916
44	19.035
45	9.215
46	14.36
47	22.446
48	17.079
49	17.424
50	5.636
51	1.33
52	1.442
53	2.527
54	1.42
55	0.0
56	1.096
57	0.864
58	1.79
59	1.118
60	0.29
61	0.603
62	0.984
63	1.409
64	1.196
65	2.572
66	2.471
67	1.565
68	2.247
69	2.494
70	3.634
71	4.764
72	1.588
73	3.109
74	2.639
75	0.648
76	0.011
77	0.0
78	0.0
79	0.0
80	0.0
81	0.0
82	0.0
83	0.0
84	0.0
85	0.0
86	0.0
87	0.0
88	0.0
89	0.0
90	0.004
91	0.0
92	0.0
93	0.0
94	0.033
95	0.217
96	0.202
97	0.247
98	0.033
99	0.0
100	0.003
101	4.563
102	4.518
103	4.093
104	7.09
105	7.828
106	9.651
107	10.691
108	4.73
109	6.117
110	13.454
111	7.538
112	6.229
113	3.019
114	6.542
115	4.495
116	1.409
117	1.778
118	4.361
119	6.408
120	6.632
121	3.064
122	5.949
123	5.2
124	3.556
125	2.717
126	3.701
127	4.909
128	2.438
129	1.856
130	0.1
131	0.033
132	15.489
133	4.462
134	4.384
135	6.33
136	2.315
137	0.984
138	5.938
139	25.946
140	19.393
141	8.499
142	3.075
143	2.527
144	3.053
145	7.94
146	0.033
147	5.401
148	2.292
149	13.309
150	1.688
151	3.746
152	11.116
153	17.793
154	2.236
155	5.278
156	0.055
157	5.245
158	3.299
159	6.33
160	9.674
161	0.156
162	1.722
163	0.905
164	1.409
165	0.592
166	1.498
167	0.011
168	0.0
169	2.538
170	2.292
171	1.04
172	3.131
173	2.102
174	1.342
175	1.699
176	0.615
177	1.498
178	1.822
179	1.487
180	1.375
181	2.236
182	2.516
183	2.057
184	1.342
185	1.263
186	1.028
187	1.241
188	0.57
189	1.42
190	1.319
191	0.715
192	1.252
193	1.252
194	0.369
195	1.353
196	2.527
197	1.822
198	2.729
199	2.572
200	2.035
201	2.404
202	2.247
203	3.355
204	1.118
205	1.017
206	2.326
207	0.458
208	0.704
209	2.617
210	2.225
211	0.738
212	0.57
213	1.677
214	1.543
215	1.151
216	2.001
217	1.297
218	2.08
219	2.315
220	2.091
221	1.364
222	2.583
223	2.773
224	2.527
225	3.019
226	3.701
227	7.627
228	5.245
229	2.695
230	2.281
231	2.08
232	3.321
233	4.965
234	4.797
235	3.444
236	6.24
237	4.551
238	5.502
239	4.607
