0	2.404
1	2.359
2	2.013
3	2.829
4	2.93
5	1.33
6	2.617
7	2.907
8	2.113
9	2.192
10	0.682
11	2.415
12	1.89
13	1.107
14	1.129
15	1.252
16	0.559
17	2.93
18	1.733
19	2.93
20	2.393
21	1.498
22	1.711
23	3.153
24	1.386
25	3.344
26	3.053
27	2.024
28	2.807
29	3.31
30	1.252
31	2.069
32	3.053
33	3.22
34	4.07
35	4.149
36	3.959
37	4.182
38	2.393
39	1.364
40	0.615
41	2.449
42	1.342
43	0.715
44	0.626
45	1.711
46	0.279
47	1.084
48	1.185
49	2.069
50	0.872
51	1.599
52	1.431
53	0.156
54	1.163
55	1.375
56	0.827
57	0.973
58	2.259
59	2.08
60	0.1
61	1.263
62	1.084
63	0.682
64	1.163
65	0.939
66	0.984
67	0.559
68	1.185
69	1.543
70	2.001
71	2.035
72	2.214
73	1.274
74	0.615
75	1.319
76	0.548
77	2.136
78	1.453
79	1.811
80	0.883
81	1.04
82	1.755
83	0.917
84	0.771
85	1.565
86	1.476
87	1.129
88	1.386
89	0.917
90	1.096
91	0.794
92	0.492
93	0.503
94	0.503
95	0.704
96	0.436
97	0.413
98	0.738
99	0.156
100	0.156
101	0.178
102	0.0
103	0.0
104	0.0
105	0.124
106	2.001
107	0.705
108	2.075
109	0.626
110	0.243
111	1.169
112	1.051
113	0.279
114	1.286
115	1.632
116	1.163
117	0.615
118	1.028
119	0.827
120	0.995
121	0.682
122	1.498
123	0.301
124	1.532
125	0.973
126	1.096
127	0.536
128	1.196
129	0.749
130	0.167
131	1.14
132	1.61
133	0.603
134	1.934
135	1.968
136	0.682
137	1.062
138	0.749
139	0.794
140	2.024
141	1.968
142	0.861
143	1.241
144	1.543
145	0.603
146	0.715
147	1.163
148	0.849
149	0.167
150	1.532
151	1.688
152	0.962
153	1.856
154	1.565
155	2.896
156	0.369
157	1.767
158	2.013
159	1.42
160	0.961
161	1.174
162	1.521
163	1.42
164	1.028
165	1.386
166	1.084
167	0.279
168	0.973
169	0.525
170	0.301
171	1.442
172	1.377
173	0.592
174	0.671
175	1.834
176	1.856
177	0.402
178	0.861
179	1.912
180	1.465
181	0.525
182	0.525
183	1.252
184	1.252
185	41.974
186	42.063
187	41.593
188	42.018
189	41.995
190	42.13
191	39.725
192	39.725
193	43.326
194	41.984
195	41.984
196	41.638
197	41.671
198	38.808
199	42.152
200	42.51
201	41.805
202	40.385
203	40.799
204	42.32
205	42.376
206	41.604
207	38.707
208	45.63
209	42.477
210	41.805
211	41.962
212	41.56
213	41.682
214	39.412
215	42.141
216	42.107
217	42.398
218	41.783
219	43.08
220	42.063
221	41.548
222	41.816
223	42.353
224	41.928
225	42.253
226	42.857
227	42.163
228	33.563
229	45.43
230	41.995
231	41.884
232	42.074
233	42.13
234	42.23
235	42.085
236	42.186
237	41.984
238	42.286
239	42.118
