0	9.036
1	8.018
2	15.131
3	15.299
4	8.141
5	10.143
6	6.263
7	5.122
8	7.157
9	9.081
10	7.463
11	6.047
12	12.067
13	6.934
14	6.542
15	4.73
16	3.959
17	4.574
18	7.783
19	7.258
20	11.855
21	20.12
22	14.259
23	7.683
24	4.54
25	5.77
26	8.969
27	7.661
28	11.81
29	14.326
30	13.544
31	20.634
32	23.531
33	21.183
34	14.712
35	9.847
36	12.504
37	8.611
38	6.531
39	5.278
40	10.68
41	10.725
42	12.045
43	7.414
44	11.553
45	9.036
46	8.757
47	7.191
48	4.07
49	8.891
50	13.722
51	13.499
52	10.166
53	6.855
54	9.607
55	14.192
56	5.682
57	8.511
58	12.626
59	13.23
60	17.603
61	20.802
62	14.516
63	4.954
64	6.408
65	8.052
66	9.272
67	7.538
68	9.875
69	11.855
70	7.135
71	0.939
72	8.566
73	7.828
74	4.238
75	7.806
76	4.261
77	2.751
78	4.697
79	3.31
80	3.993
81	4.361
82	4.719
83	4.574
84	3.601
85	3.042
86	2.359
87	3.198
88	3.008
89	3.22
90	2.661
91	4.283
92	1.89
93	4.82
94	3.992
95	2.952
96	3.634
97	1.923
98	2.605
99	2.84
100	2.74
101	5.2
102	2.236
103	2.169
104	4.876
105	3.388
106	1.99
107	4.104
108	3.735
109	4.048
110	4.932
111	5.67
112	3.88
113	3.377
114	4.898
115	4.037
116	5.592
117	5.905
118	9.484
119	6.476
120	4.674
121	5.267
122	8.197
123	11.351
124	12.76
125	16.373
126	14.941
127	17.547
128	21.148
129	27.065
130	15.819
131	11.223
132	14.766
133	3.444
134	11.955
135	16.966
136	20.909
137	8.262
138	14.338
139	11.74
140	4.988
141	14.841
142	12.308
143	7.593
144	13.991
145	9.718
146	10.065
147	6.587
148	8.701
149	5.938
150	8.175
151	7.258
152	5.099
153	6.475
154	11.698
155	11.575
156	7.907
157	5.424
158	9.741
159	7.616
160	7.459
161	12.145
162	7.828
163	5.782
164	9.439
165	12.056
166	8.354
167	5.536
168	13.353
169	4.999
170	7.325
171	5.424
172	7.839
173	12.414
174	12.201
175	11.832
176	5.623
177	7.068
178	9.226
179	6.274
180	9.014
181	8.589
182	4.641
183	7.638
184	6.699
185	7.47
186	4.965
187	10.121
188	11.184
189	7.169
190	6.027
191	8.399
192	7.337
193	0.0
194	0.0
195	1.891
196	15.795
197	1.091
198	1.089
199	2.178
200	1.089
201	0.0
202	2.178
203	1.089
204	2.178
205	1.093
206	1.782
207	0.023
208	0.0
209	2.178
210	1.089
211	2.017
212	1.089
213	0.0
214	2.178
215	1.089
216	2.178
217	1.093
218	0.861
219	0.581
220	0.0
221	2.178
222	1.089
223	2.178
224	1.093
225	0.0
226	2.178
227	1.089
228	2.179
229	1.089
230	1.693
231	0.883
232	0.0
233	2.178
234	1.089
235	2.178
236	1.089
237	0.0
238	0.373
239	1.089
