0	2.617
1	0.134
2	1.878
3	1.632
4	2.057
5	1.722
6	0.849
7	2.281
8	1.699
9	1.297
10	0.559
11	1.252
12	1.733
13	1.376
14	1.096
15	1.062
16	0.984
17	1.33
18	2.84
19	1.073
20	1.744
21	0.894
22	1.655
23	1.364
24	1.14
25	0.984
26	1.722
27	1.442
28	1.14
29	1.554
30	1.364
31	2.124
32	1.666
33	2.941
34	0.805
35	1.062
36	1.554
37	0.816
38	1.621
39	1.554
40	1.028
41	1.409
42	1.442
43	1.789
44	1.688
45	1.342
46	2.404
47	2.024
48	1.107
49	1.028
50	0.078
51	1.532
52	0.939
53	1.207
54	1.319
55	1.028
56	1.353
57	0.95
58	2.426
59	1.118
60	1.632
61	1.767
62	1.151
63	1.968
64	1.151
65	1.33
66	1.286
67	1.99
68	1.554
69	2.158
70	1.778
71	0.648
72	2.225
73	1.263
74	1.834
75	0.917
76	1.319
77	2.639
78	0.514
79	1.521
80	1.789
81	1.465
82	0.849
83	1.42
84	2.728
85	1.744
86	2.672
87	2.124
88	1.722
89	1.632
90	1.834
91	1.688
92	3.03
93	2.796
94	2.751
95	3.019
96	3.511
97	2.035
98	2.896
99	0.838
100	0.078
101	0.76
102	1.644
103	1.073
104	1.151
105	1.811
106	1.308
107	0.548
108	0.738
109	1.006
110	1.465
111	0.201
112	1.655
113	1.185
114	1.878
115	1.565
116	1.274
117	1.565
118	0.827
119	2.203
120	0.492
121	1.946
122	2.024
123	1.957
124	0.749
125	1.375
126	1.912
127	1.453
128	3.724
129	2.415
130	2.438
131	0.76
132	1.509
133	1.521
134	0.928
135	0.95
136	1.375
137	2.471
138	1.498
139	0.357
140	2.829
141	2.829
142	1.375
143	1.699
144	1.934
145	1.107
146	1.677
147	2.851
148	0.894
149	2.438
150	1.767
151	0.782
152	1.644
153	2.158
154	2.426
155	1.923
156	4.596
157	0.883
158	2.415
159	2.706
160	2.93
161	2.292
162	1.543
163	2.382
164	3.455
165	3.243
166	2.136
167	1.118
168	2.777
169	2.236
170	2.348
171	2.415
172	1.543
173	1.99
174	0.839
175	1.353
176	1.789
177	1.744
178	2.057
179	2.214
180	2.281
181	4.574
182	1.767
183	2.147
184	2.415
185	3.042
186	4.328
187	3.299
188	2.986
189	2.113
190	2.348
191	3.455
192	1.487
193	2.986
194	0.805
195	2.438
196	2.158
197	2.863
198	1.632
199	2.807
200	2.583
201	1.912
202	2.818
203	1.23
204	2.617
205	2.706
206	2.594
207	1.308
208	2.93
209	1.465
210	2.65
211	3.165
212	2.382
213	1.509
214	2.404
215	2.18
216	2.516
217	2.449
218	2.773
219	2.102
220	3.198
221	1.521
222	8.097
223	1.465
224	5.625
225	2.046
226	5.748
227	2.997
228	3.489
229	1.588
230	1.376
231	3.623
232	2.561
233	2.393
234	2.494
235	0.995
236	2.65
237	2.639
238	3.142
239	3.187
