0	8.667
1	5.211
2	4.853
3	8.779
4	11.206
5	13.543
6	7.247
7	10.882
8	6.967
9	8.947
10	12.693
11	4.943
12	5.849
13	8.313
14	7.116
15	9.595
16	7.403
17	6.14
18	6.766
19	6.822
20	2.538
21	2.46
22	5.703
23	5.358
24	0.268
25	4.742
26	3.344
27	4.406
28	1.957
29	1.028
30	3.142
31	1.712
32	3.47
33	2.97
34	4.753
35	4.361
36	2.583
37	2.303
38	0.659
39	2.382
40	2.046
41	2.326
42	4.529
43	2.102
44	3.701
45	2.661
46	2.192
47	1.789
48	1.364
49	1.923
50	1.856
51	3.422
52	1.576
53	2.65
54	1.8
55	1.04
56	2.326
57	1.498
58	2.415
59	3.634
60	2.337
61	5.401
62	2.471
63	7.985
64	6.833
65	3.567
66	2.259
67	2.259
68	3.187
69	5.055
70	5.122
71	1.33
72	4.171
73	4.999
74	3.008
75	2.341
76	1.23
77	2.371
78	1.621
79	1.856
80	1.453
81	1.274
82	1.8
83	2.405
84	2.494
85	1.409
86	1.733
87	1.028
88	2.773
89	1.878
90	2.482
91	1.979
92	2.348
93	3.265
94	1.263
95	2.46
96	3.668
97	3.31
98	4.194
99	2.706
100	1.878
101	2.863
102	3.735
103	1.655
104	1.431
105	2.225
106	2.348
107	3.444
108	4.551
109	1.174
110	0.883
111	2.147
112	2.426
113	3.69
114	3.355
115	2.147
116	2.672
117	4.63
118	6.263
119	2.784
120	5.849
121	4.507
122	8.007
123	6.799
124	8.108
125	7.258
126	8.757
127	11.228
128	11.989
129	10.557
130	10.68
131	8.757
132	6.039
133	9.047
134	13.991
135	13.856
136	17.536
137	12.805
138	1.051
139	5.435
140	3.858
141	2.684
142	3.422
143	5.815
144	3.534
145	3.511
146	5.312
147	5.312
148	6.654
149	0.581
150	4.149
151	1.901
152	1.789
153	4.328
154	6.117
155	8.287
156	6.184
157	1.084
158	4.428
159	5.088
160	3.623
161	2.46
162	4.149
163	3.366
164	7.213
165	4.551
166	6.643
167	1.588
168	3.276
169	3.12
170	3.209
171	4.182
172	7.034
173	4.249
174	2.818
175	4.149
176	2.762
177	2.281
178	3.03
179	3.209
180	2.08
181	2.773
182	4.093
183	4.059
184	3.824
185	3.634
186	1.364
187	3.802
188	1.778
189	2.393
190	2.661
191	4.249
192	3.12
193	3.165
194	2.784
195	3.422
196	3.265
197	2.617
198	2.013
199	2.773
200	3.042
201	4.406
202	3.657
203	6.766
204	3.634
205	4.294
206	10.635
207	5.983
208	1.42
209	3.265
210	3.064
211	4.797
212	3.88
213	4.015
214	7.135
215	1.588
216	4.585
217	2.896
218	2.695
219	1.923
220	3.198
221	1.431
222	3.075
223	2.091
224	1.42
225	2.661
226	2.796
227	1.856
228	2.169
229	1.096
230	1.89
231	2.661
232	2.494
233	2.728
234	1.543
235	3.097
236	5.681
237	4.339
238	3.378
239	3.22
