0	4.495
1	3.176
2	3.645
3	4.909
4	5.692
5	3.288
6	2.919
7	2.863
8	2.829
9	2.583
10	3.254
11	2.807
12	5.536
13	5.256
14	4.372
15	4.16
16	3.332
17	4.775
18	3.858
19	2.773
20	3.724
21	3.209
22	4.305
23	4.876
24	3.824
25	3.679
26	4.283
27	2.337
28	4.607
29	4.943
30	4.115
31	2.919
32	3.388
33	3.591
34	3.109
35	2.952
36	2.885
37	3.042
38	5.099
39	6.117
40	5.507
41	6.039
42	4.999
43	5.278
44	6.665
45	8.141
46	6.229
47	10.803
48	5.256
49	8.511
50	5.826
51	4.372
52	6.229
53	6.005
54	7.023
55	6.531
56	5.357
57	6.576
58	4.831
59	4.205
60	5.334
61	5.871
62	6.598
63	3.455
64	6.598
65	6.24
66	4.574
67	2.046
68	2.549
69	2.438
70	1.867
71	2.136
72	1.811
73	2.158
74	1.174
75	0.525
76	1.107
77	1.811
78	2.091
79	2.997
80	2.057
81	2.281
82	3.03
83	3.377
84	3.042
85	4.261
86	2.763
87	2.684
88	1.789
89	2.382
90	3.097
91	1.308
92	2.035
93	2.796
94	1.476
95	1.487
96	0.917
97	1.006
98	1.61
99	1.207
100	1.04
101	1.655
102	1.89
103	1.521
104	1.118
105	0.928
106	1.286
107	2.102
108	1.051
109	1.465
110	1.073
111	1.554
112	2.124
113	1.711
114	2.091
115	2.013
116	1.789
117	2.628
118	1.576
119	2.896
120	2.661
121	3.142
122	3.923
123	2.83
124	2.762
125	2.046
126	2.773
127	3.12
128	3.735
129	3.578
130	3.433
131	2.762
132	4.43
133	3.042
134	2.796
135	3.199
136	2.572
137	2.74
138	4.216
139	3.064
140	1.566
141	1.8
142	2.527
143	1.286
144	1.342
145	2.819
146	1.107
147	1.577
148	0.928
149	1.23
150	1.666
151	1.778
152	2.672
153	3.075
154	3.198
155	1.778
156	2.907
157	4.104
158	4.742
159	3.847
160	4.518
161	1.398
162	4.63
163	3.097
164	2.27
165	5.983
166	8.812
167	6.251
168	4.35
169	3.556
170	1.811
171	3.579
172	2.471
173	2.65
174	1.912
175	2.404
176	2.684
177	1.398
178	1.711
179	2.315
180	3.075
181	3.422
182	2.494
183	3.321
184	2.516
185	3.232
186	3.276
187	4.674
188	5.111
189	4.182
190	2.986
191	2.829
192	3.802
193	2.282
194	1.957
195	3.859
196	2.963
197	2.829
198	2.482
199	2.057
200	1.8
201	1.744
202	1.532
203	0.827
204	0.973
205	1.051
206	2.449
207	3.344
208	3.992
209	4.428
210	4.082
211	2.359
212	3.165
213	2.471
214	1.733
215	5.01
216	4.507
217	3.243
218	2.326
219	1.89
220	1.99
221	2.292
222	1.006
223	1.487
224	1.912
225	2.594
226	2.214
227	1.867
228	1.543
229	1.711
230	2.415
231	2.303
232	2.136
233	4.339
234	4.54
235	2.538
236	5.055
237	1.14
238	1.632
239	1.923
