0	3.478
1	4.797
2	4.305
3	1.923
4	3.321
5	2.292
6	3.097
7	3.981
8	2.695
9	2.303
10	3.668
11	1.934
12	2.695
13	2.247
14	3.344
15	2.84
16	2.505
17	3.131
18	3.813
19	3.679
20	3.12
21	4.529
22	0.894
23	2.706
24	1.711
25	2.393
26	3.713
27	6.028
28	8.868
29	8.052
30	4.607
31	3.478
32	5.278
33	2.717
34	4.283
35	3.388
36	3.701
37	3.511
38	3.444
39	5.681
40	3.433
41	5.111
42	1.319
43	3.522
44	5.614
45	3.536
46	2.001
47	3.288
48	2.717
49	3.556
50	1.644
51	1.017
52	2.796
53	3.187
54	2.091
55	1.89
56	2.695
57	2.315
58	1.666
59	2.874
60	2.315
61	3.836
62	2.158
63	3.075
64	3.265
65	2.583
66	2.225
67	3.813
68	1.744
69	2.728
70	1.375
71	2.829
72	2.896
73	2.594
74	2.661
75	4.138
76	3.791
77	4.742
78	2.65
79	3.522
80	4.999
81	2.169
82	4.563
83	3.634
84	4.451
85	4.797
86	2.337
87	4.898
88	4.361
89	7.526
90	12.895
91	5.647
92	12.246
93	4.686
94	8.913
95	6.643
96	4.92
97	2.449
98	3.903
99	7.203
100	3.847
101	3.858
102	4.126
103	3.31
104	6.99
105	6.542
106	0.123
107	4.317
108	3.265
109	4.574
110	2.617
111	3.634
112	2.952
113	3.097
114	2.583
115	5.122
116	4.495
117	3.433
118	6.061
119	5.547
120	3.791
121	2.717
122	3.769
123	4.641
124	2.851
125	8.611
126	10.401
127	7.571
128	4.742
129	3.936
130	4.797
131	8.153
132	10.624
133	10.423
134	10.703
135	6.777
136	11.116
137	9.416
138	9.841
139	9.718
140	6.128
141	8.656
142	18.174
143	18.587
144	12.649
145	10.266
146	11.587
147	20.399
148	4.272
149	5.603
150	8.231
151	12.939
152	20.533
153	13.286
154	15.31
155	5.234
156	7.538
157	5.569
158	5.614
159	5.647
160	4.753
161	5.927
162	9.841
163	16.831
164	13.085
165	12.022
166	18.039
167	17.111
168	19.572
169	18.174
170	11.184
171	20.175
172	11.787
173	19.415
174	10.591
175	16.474
176	5.066
177	5.782
178	4.764
179	6.43
180	5.211
181	5.155
182	5.189
183	6.274
184	5.916
185	12.492
186	2.471
187	15.713
188	19.404
189	11.966
190	11.966
191	12.906
192	12.906
193	14.751
194	11.91
195	9.517
196	8.253
197	8.712
198	7.873
199	7.649
200	1.028
201	10.054
202	6.084
203	3.757
204	4.149
205	3.936
206	4.227
207	8.443
208	10.814
209	2.214
210	7.213
211	5.737
212	6.52
213	6.743
214	4.015
215	7.224
216	7.593
217	6.833
218	6.195
219	6.923
220	5.379
221	6.475
222	6.397
223	8.052
224	8.287
225	8.936
226	9.394
227	12.391
228	13.297
229	14.785
230	11.944
231	11.91
232	9.64
233	12.481
234	7.851
235	8.276
236	10.993
237	6.721
238	10.882
239	6.678
