0	83.656
1	81.318
2	79.999
3	78.511
4	82.649
5	57.441
6	68.96
7	65.784
8	46.971
9	76.197
10	79.909
11	77.081
12	77.147
13	73.411
14	74.541
15	44.557
16	72.382
17	60.695
18	77.001
19	81.016
20	77.404
21	76.386
22	78.467
23	80.692
24	77.359
25	81.464
26	82.906
27	54.981
28	75.581
29	70.738
30	70.582
31	65.247
32	55.673
33	77.561
34	81.251
35	55.696
36	51.055
37	74.239
38	70.101
39	61.601
40	80.893
41	65.717
42	59.174
43	76.878
44	78.869
45	79.216
46	83.253
47	83.331
48	85.412
49	82.526
50	82.336
51	81.163
52	81.061
53	81.844
54	82.504
55	83.544
56	82.112
57	63.245
58	39.837
59	35.084
60	76.755
61	80.345
62	60.729
63	69.564
64	71.623
65	79.07
66	78.142
67	76.442
68	68.188
69	61.31
70	66.947
71	78.243
72	74.071
73	70.817
74	79.686
75	75.861
76	71.834
77	78.836
78	70.134
79	78.668
80	82.962
81	79.618
82	80.569
83	61.087
84	87.883
85	75.57
86	82.505
87	83.656
88	78.254
89	77.728
90	62.361
91	81.128
92	91.06
93	72.182
94	81.275
95	82.997
96	79.059
97	77.482
98	34.593
99	39.703
100	76.409
101	69.598
102	59.029
103	64.443
104	51.726
105	40.363
106	58.402
107	74.284
108	81.486
109	56.445
110	72.427
111	79.976
112	78.232
113	76.901
114	73.591
115	79.417
116	76.207
117	69.363
118	33.328
119	57.977
120	30.107
121	47.186
122	60.662
123	74.876
124	78.109
125	70.269
126	69.721
127	77.057
128	62.686
129	48.449
130	50.954
131	72.315
132	69.318
133	75.055
134	78.645
135	80.905
136	80.055
137	80.96
138	82.157
139	80.278
140	46.044
141	53.951
142	78.489
143	63.782
144	71.924
145	72.942
146	75.693
147	81.632
148	75.436
149	79.439
150	79.059
151	55.685
152	84.707
153	62.977
154	54.991
155	80.838
156	68.859
157	85.703
158	92.413
159	90.433
160	92.637
161	96.809
162	83.835
163	67.115
164	92.883
165	70.0
166	97.804
167	79.786
168	62.374
169	34.446
170	77.08
171	71.7
172	42.32
173	50.954
174	38.103
175	26.953
176	57.25
177	65.639
178	83.108
179	81.598
180	51.614
181	60.997
182	60.562
183	48.068
184	61.903
185	62.328
186	72.606
187	49.231
188	39.434
189	73.993
190	72.517
191	83.846
192	64.397
193	77.171
194	84.82
195	66.948
196	80.872
197	58.448
198	58.313
199	52.587
200	53.024
201	48.909
202	64.755
203	71.163
204	83.6
205	71.388
206	75.704
207	79.1
208	87.716
209	74.753
210	86.767
211	77.605
212	81.699
213	86.318
214	82.66
215	83.13
216	83.835
217	79.35
218	74.966
219	61.535
220	61.299
221	55.237
222	47.532
223	47.33
224	56.87
225	77.851
226	78.366
227	84.506
228	69.888
229	37.746
230	30.588
231	52.229
232	53.448
233	32.411
234	28.72
235	28.273
236	60.74
237	80.368
238	85.592
239	80.647
