0	3.086
1	6.52
2	5.625
3	8.757
4	7.291
5	4.507
6	4.786
7	8.141
8	2.807
9	2.035
10	5.323
11	2.561
12	3.455
13	5.86
14	4.261
15	1.398
16	7.448
17	7.403
18	5.972
19	7.605
20	7.224
21	3.735
22	3.623
23	7.638
24	4.674
25	4.484
26	6.833
27	4.115
28	0.894
29	4.16
30	2.259
31	2.169
32	2.762
33	4.753
34	3.746
35	2.874
36	2.952
37	3.992
38	5.401
39	2.941
40	1.979
41	5.267
42	1.576
43	2.359
44	2.751
45	3.22
46	2.348
47	1.856
48	4.618
49	3.556
50	2.863
51	3.556
52	3.265
53	4.216
54	3.209
55	1.845
56	3.232
57	3.142
58	2.93
59	1.655
60	2.136
61	2.124
62	2.997
63	2.974
64	3.142
65	5.032
66	3.232
67	5.446
68	3.97
69	2.404
70	3.288
71	4.261
72	3.388
73	1.655
74	2.001
75	1.252
76	2.415
77	3.03
78	2.001
79	1.621
80	3.455
81	1.767
82	3.433
83	3.097
84	3.455
85	4.563
86	4.261
87	4.261
88	3.31
89	8.13
90	5.871
91	7.303
92	5.614
93	5.368
94	3.713
95	7.269
96	7.236
97	12.201
98	7.068
99	2.941
100	3.232
101	6.43
102	9.036
103	8.332
104	4.328
105	3.388
106	3.489
107	7.504
108	3.489
109	3.142
110	3.914
111	3.165
112	3.925
113	4.217
114	4.519
115	4.048
116	5.01
117	1.946
118	5.401
119	5.871
120	3.198
121	2.113
122	3.366
123	4.372
124	5.468
125	1.755
126	0.883
127	2.247
128	3.265
129	1.789
130	2.136
131	3.288
132	2.773
133	4.54
134	2.695
135	2.315
136	1.699
137	3.332
138	3.053
139	3.735
140	4.954
141	2.863
142	2.572
143	2.292
144	2.057
145	3.444
146	3.623
147	3.981
148	6.688
149	7.649
150	3.78
151	2.359
152	2.952
153	3.153
154	2.024
155	2.001
156	2.672
157	1.431
158	1.509
159	3.411
160	1.588
161	0.011
162	2.885
163	3.545
164	4.507
165	3.187
166	3.198
167	2.784
168	1.722
169	4.473
170	2.617
171	4.015
172	6.307
173	4.194
174	5.066
175	9.394
176	5.949
177	3.601
178	3.947
179	1.14
180	1.912
181	4.317
182	3.422
183	1.319
184	2.214
185	2.907
186	3.769
187	2.315
188	2.438
189	4.44
190	2.516
191	2.359
192	2.796
193	3.086
194	3.064
195	1.733
196	2.001
197	3.992
198	4.44
199	2.628
200	3.086
201	1.565
202	2.896
203	3.042
204	3.31
205	3.757
206	0.592
207	1.711
208	1.364
209	2.404
210	1.767
211	2.773
212	2.247
213	3.042
214	2.762
215	2.382
216	2.617
217	2.93
218	1.398
219	0.95
220	1.946
221	4.306
222	3.176
223	1.856
224	2.829
225	2.829
226	1.755
227	1.699
228	1.733
229	1.867
230	2.583
231	1.398
232	1.476
233	1.118
234	2.236
235	1.733
236	2.158
237	1.174
238	1.33
239	1.386
