0	1.263
1	1.979
2	1.621
3	0.961
4	1.129
5	1.353
6	1.263
7	1.599
8	0.928
9	0.726
10	0.715
11	0.905
12	1.353
13	0.961
14	1.532
15	1.196
16	0.693
17	1.028
18	1.789
19	1.263
20	1.342
21	0.771
22	1.565
23	1.319
24	1.118
25	0.592
26	0.704
27	0.637
28	0.849
29	0.849
30	0.805
31	1.107
32	1.23
33	1.453
34	1.453
35	1.084
36	1.051
37	0.648
38	0.894
39	0.805
40	0.838
41	0.828
42	0.738
43	0.961
44	1.073
45	0.704
46	0.782
47	1.297
48	0.794
49	1.051
50	1.017
51	0.961
52	0.626
53	0.738
54	1.084
55	0.536
56	0.849
57	0.536
58	1.017
59	0.984
60	0.715
61	1.409
62	1.263
63	1.655
64	1.207
65	1.599
66	1.386
67	1.409
68	1.028
69	1.442
70	1.409
71	1.386
72	1.342
73	1.476
74	1.554
75	1.028
76	1.028
77	0.671
78	1.532
79	1.409
80	1.923
81	0.905
82	1.14
83	0.961
84	1.398
85	1.409
86	1.073
87	0.872
88	0.861
89	0.917
90	1.699
91	1.084
92	1.487
93	1.733
94	1.431
95	1.565
96	1.89
97	1.744
98	1.073
99	1.453
100	1.386
101	0.984
102	1.867
103	1.118
104	1.42
105	1.375
106	1.062
107	0.973
108	0.525
109	0.995
110	0.827
111	0.749
112	1.174
113	0.615
114	0.615
115	0.581
116	1.342
117	0.961
118	0.894
119	0.961
120	0.581
121	1.465
122	1.565
123	0.827
124	0.805
125	0.603
126	1.084
127	0.849
128	1.487
129	0.849
130	0.816
131	1.23
132	0.637
133	0.794
134	1.163
135	1.051
136	1.274
137	1.386
138	0.995
139	0.995
140	1.733
141	0.224
142	0.011
143	0.011
144	0.0
145	1.612
146	1.163
147	1.006
148	1.185
149	1.498
150	0.973
151	0.682
152	0.928
153	1.006
154	0.469
155	1.33
156	0.57
157	0.805
158	1.174
159	1.219
160	1.241
161	0.905
162	0.995
163	1.219
164	1.006
165	0.771
166	1.084
167	1.431
168	0.894
169	1.342
170	1.207
171	1.61
172	0.726
173	0.961
174	0.928
175	0.917
176	1.23
177	1.308
178	1.375
179	1.219
180	0.883
181	0.659
182	1.487
183	0.693
184	1.207
185	1.006
186	0.928
187	1.453
188	0.816
189	1.107
190	0.939
191	0.827
192	1.409
193	1.263
194	0.726
195	1.252
196	1.096
197	1.487
198	1.23
199	1.465
200	1.677
201	1.554
202	2.214
203	1.062
204	1.554
205	2.292
206	1.822
207	1.722
208	1.946
209	1.845
210	1.554
211	1.375
212	0.939
213	0.939
214	1.61
215	0.794
216	1.151
217	1.185
218	1.297
219	2.102
220	2.113
221	2.203
222	1.308
223	1.621
224	1.308
225	1.89
226	2.315
227	2.84
228	1.711
229	1.934
230	1.252
231	1.118
232	1.498
233	0.738
234	0.905
235	1.219
236	1.207
237	0.615
238	1.163
239	1.934
