0	3.601
1	2.103
2	2.158
3	3.556
4	3.399
5	2.762
6	2.091
7	2.706
8	2.684
9	3.276
10	3.153
11	3.187
12	4.988
13	3.869
14	3.668
15	3.534
16	2.663
17	2.751
18	2.18
19	1.621
20	2.661
21	1.902
22	2.843
23	2.292
24	0.939
25	1.476
26	0.928
27	1.118
28	0.939
29	1.398
30	2.46
31	1.576
32	1.476
33	1.677
34	1.565
35	0.905
36	0.861
37	1.353
38	2.124
39	1.554
40	1.811
41	2.013
42	1.632
43	2.169
44	1.386
45	1.677
46	2.035
47	2.024
48	1.386
49	1.588
50	1.219
51	2.091
52	1.476
53	1.274
54	1.207
55	1.497
56	1.398
57	2.069
58	1.957
59	2.136
60	3.232
61	1.364
62	1.99
63	2.395
64	1.744
65	3.209
66	2.46
67	1.599
68	2.371
69	1.632
70	2.605
71	2.214
72	2.348
73	2.383
74	1.789
75	1.902
76	2.374
77	3.091
78	2.281
79	2.383
80	1.934
81	1.845
82	2.215
83	2.371
84	2.472
85	1.867
86	3.075
87	1.711
88	1.867
89	2.46
90	1.599
91	2.516
92	2.337
93	1.599
94	2.136
95	2.236
96	2.393
97	2.013
98	2.247
99	1.286
100	2.963
101	1.755
102	2.572
103	1.923
104	2.259
105	3.31
106	2.774
107	3.333
108	1.476
109	3.154
110	2.281
111	2.974
112	3.042
113	3.344
114	3.5
115	2.74
116	2.505
117	2.941
118	2.281
119	2.784
120	2.124
121	3.086
122	3.545
123	2.874
124	2.382
125	2.561
126	2.494
127	2.583
128	3.086
129	3.086
130	3.388
131	1.699
132	2.728
133	2.426
134	2.382
135	1.923
136	2.091
137	3.031
138	2.919
139	1.99
140	2.46
141	2.349
142	1.431
143	2.751
144	2.672
145	2.896
146	2.371
147	2.449
148	1.923
149	2.516
150	2.997
151	1.174
152	2.661
153	1.666
154	2.829
155	3.019
156	4.026
157	3.075
158	2.751
159	3.243
160	2.74
161	3.802
162	3.746
163	2.372
164	2.618
165	1.789
166	3.78
167	1.293
168	1.763
169	1.822
170	1.688
171	1.746
172	2.382
173	2.371
174	2.717
175	3.623
176	3.332
177	3.59
178	2.315
179	2.773
180	2.84
181	1.8
182	1.946
183	1.319
184	3.042
185	2.035
186	1.878
187	2.572
188	2.516
189	3.366
190	4.462
191	2.158
192	3.545
193	2.952
194	3.578
195	4.551
196	5.647
197	3.679
198	3.377
199	4.059
200	2.247
201	2.952
202	2.706
203	2.706
204	2.695
205	2.572
206	3.209
207	3.802
208	3.489
209	3.243
210	2.896
211	1.532
212	1.89
213	1.711
214	2.728
215	1.386
216	1.733
217	1.364
218	1.968
219	1.99
220	1.699
221	1.722
222	2.192
223	0.704
224	2.281
225	1.599
226	1.901
227	1.568
228	1.957
229	1.353
230	1.713
231	1.659
232	2.058
233	1.812
234	1.917
235	2.998
236	0.962
237	2.784
238	2.091
239	1.979
