0	1.89
1	2.18
2	2.013
3	2.236
4	0.246
5	1.699
6	3.042
7	4.339
8	0.894
9	2.505
10	2.024
11	0.514
12	3.981
13	0.917
14	1.196
15	2.124
16	2.136
17	2.952
18	2.941
19	3.097
20	0.156
21	1.655
22	1.487
23	0.178
24	2.46
25	2.773
26	3.001
27	1.923
28	1.163
29	1.107
30	0.995
31	0.928
32	0.704
33	0.771
34	1.453
35	0.123
36	0.894
37	2.147
38	0.603
39	1.621
40	3.097
41	2.069
42	0.771
43	2.549
44	2.706
45	3.008
46	3.433
47	3.131
48	3.478
49	3.209
50	3.086
51	3.601
52	3.198
53	3.556
54	2.561
55	1.822
56	1.923
57	0.894
58	1.543
59	1.61
60	2.18
61	3.176
62	3.31
63	0.917
64	1.699
65	1.589
66	3.5
67	3.668
68	3.992
69	2.784
70	1.957
71	2.572
72	1.968
73	3.187
74	2.672
75	3.645
76	2.069
77	2.628
78	2.169
79	2.527
80	2.796
81	2.124
82	0.76
83	2.896
84	0.928
85	2.963
86	1.99
87	4.92
88	2.505
89	4.093
90	2.583
91	2.672
92	2.359
93	1.778
94	2.997
95	3.858
96	0.749
97	1.509
98	0.805
99	5.659
100	1.04
101	1.61
102	2.236
103	2.583
104	2.851
105	2.762
106	2.482
107	3.075
108	3.813
109	4.663
110	3.858
111	2.113
112	3.019
113	2.203
114	2.941
115	2.751
116	2.247
117	1.599
118	1.868
119	5.278
120	4.842
121	6.128
122	4.362
123	3.534
124	2.639
125	4.451
126	2.572
127	3.455
128	2.013
129	2.315
130	1.789
131	2.001
132	2.035
133	2.236
134	3.701
135	2.225
136	2.941
137	3.411
138	3.411
139	3.992
140	4.686
141	3.746
142	5.949
143	7.996
144	9.226
145	3.288
146	7.526
147	8.611
148	5.994
149	12.514
150	10.065
151	8.969
152	8.522
153	5.826
154	5.659
155	8.164
156	13.588
157	9.282
158	4.305
159	7.884
160	5.077
161	13.051
162	8.499
163	6.486
164	5.636
165	10.512
166	8.141
167	7.448
168	9.07
169	8.88
170	9.148
171	11.362
172	12.179
173	7.705
174	7.595
175	9.394
176	9.528
177	8.723
178	4.07
179	5.032
180	4.652
181	2.147
182	1.733
183	5.01
184	4.92
185	5.703
186	5.446
187	7.873
188	4.484
189	5.111
190	1.409
191	2.18
192	2.773
193	2.315
194	3.22
195	3.377
196	3.556
197	4.07
198	4.495
199	5.278
200	3.824
201	0.458
202	1.442
203	3.623
204	2.561
205	3.534
206	2.229
207	1.565
208	0.156
209	1.297
210	2.382
211	0.592
212	3.355
213	2.292
214	2.292
215	1.274
216	1.934
217	1.722
218	0.033
219	1.163
220	2.18
221	1.118
222	2.549
223	1.319
224	0.883
225	1.073
226	2.247
227	1.386
228	0.917
229	0.894
230	1.453
231	2.885
232	0.301
233	2.952
234	2.449
235	2.818
236	1.744
237	2.158
238	2.717
239	1.509
