0	3.321
1	3.03
2	1.006
3	0.984
4	0.928
5	1.084
6	1.789
7	2.113
8	8.499
9	4.652
10	1.867
11	3.165
12	2.113
13	1.957
14	2.605
15	2.863
16	2.505
17	0.503
18	3.21
19	3.131
20	3.131
21	1.957
22	1.98
23	0.872
24	2.572
25	2.158
26	4.585
27	1.677
28	2.482
29	2.024
30	2.024
31	3.03
32	1.498
33	2.337
34	1.923
35	1.946
36	1.946
37	1.364
38	1.22
39	1.241
40	1.23
41	1.33
42	1.856
43	2.572
44	2.158
45	0.246
46	0.816
47	1.23
48	0.995
49	1.61
50	0.749
51	1.554
52	2.225
53	1.476
54	1.308
55	0.615
56	1.733
57	1.252
58	2.091
59	2.046
60	1.353
61	1.017
62	1.677
63	1.319
64	1.453
65	1.655
66	2.348
67	2.069
68	2.236
69	1.644
70	1.688
71	2.035
72	2.639
73	3.198
74	2.74
75	2.617
76	2.65
77	1.319
78	3.399
79	0.749
80	2.728
81	3.265
82	2.303
83	2.851
84	2.494
85	1.498
86	2.426
87	2.337
88	4.82
89	0.145
90	1.856
91	1.42
92	0.637
93	1.062
94	1.174
95	1.274
96	1.062
97	2.247
98	1.274
99	1.822
100	0.715
101	1.453
102	1.207
103	1.051
104	1.442
105	1.532
106	1.151
107	1.621
108	0.939
109	1.353
110	1.297
111	1.219
112	1.353
113	0.961
114	1.174
115	1.498
116	1.062
117	1.185
118	0.659
119	1.073
120	1.118
121	1.319
122	1.576
123	1.04
124	1.252
125	1.655
126	1.107
127	1.912
128	1.062
129	1.621
130	1.163
131	2.415
132	1.174
133	1.241
134	0.961
135	1.274
136	1.196
137	1.006
138	0.883
139	0.726
140	1.196
141	1.376
142	1.438
143	1.743
144	1.834
145	1.576
146	2.728
147	1.14
148	2.717
149	1.688
150	1.61
151	3.321
152	1.688
153	2.102
154	1.744
155	2.024
156	2.572
157	1.923
158	2.203
159	4.261
160	1.755
161	2.628
162	1.856
163	2.717
164	1.8
165	2.471
166	1.219
167	2.639
168	1.017
169	1.644
170	3.042
171	2.192
172	7.336
173	6.061
174	4.059
175	2.292
176	4.08
177	2.001
178	0.939
179	1.867
180	1.498
181	2.404
182	4.674
183	5.032
184	0.827
185	1.33
186	3.288
187	5.625
188	1.834
189	1.688
190	2.035
191	2.885
192	3.947
193	3.612
194	1.207
195	2.449
196	0.693
197	0.894
198	0.917
199	2.583
200	3.209
201	4.417
202	2.572
203	2.818
204	1.822
205	4.205
206	1.487
207	1.274
208	1.442
209	2.393
210	2.281
211	0.984
212	2.18
213	1.968
214	2.236
215	2.214
216	1.778
217	2.65
218	0.928
219	2.08
220	2.046
221	4.417
222	1.017
223	3.634
224	1.867
225	1.151
226	2.628
227	1.744
228	3.12
229	1.644
230	2.605
231	2.684
232	1.196
233	2.672
234	2.371
235	3.836
236	1.163
237	2.371
238	2.952
239	1.14
