0	2.359
1	4.842
2	3.03
3	1.129
4	2.08
5	2.292
6	2.494
7	2.672
8	1.398
9	1.789
10	2.796
11	2.393
12	2.628
13	2.315
14	2.65
15	1.957
16	3.064
17	0.536
18	3.299
19	2.818
20	1.912
21	2.382
22	2.124
23	2.874
24	5.323
25	2.147
26	2.74
27	2.426
28	2.382
29	1.934
30	1.733
31	3.232
32	3.422
33	2.124
34	3.12
35	3.455
36	1.487
37	1.722
38	2.818
39	4.182
40	3.209
41	3.086
42	3.981
43	2.549
44	2.371
45	1.666
46	1.8
47	2.013
48	2.236
49	2.247
50	2.169
51	2.874
52	2.706
53	2.93
54	2.773
55	3.455
56	1.867
57	2.449
58	2.717
59	2.27
60	3.746
61	2.505
62	2.102
63	2.102
64	2.527
65	1.979
66	0.0
67	0.0
68	0.0
69	1.733
70	1.677
71	1.498
72	1.319
73	2.08
74	1.632
75	2.024
76	2.371
77	1.487
78	1.979
79	1.565
80	1.867
81	1.409
82	2.013
83	1.856
84	1.084
85	2.303
86	1.521
87	1.263
88	1.543
89	1.319
90	1.532
91	2.091
92	0.872
93	2.404
94	0.973
95	2.885
96	2.572
97	2.751
98	1.576
99	2.002
100	2.851
101	0.615
102	2.93
103	1.644
104	2.896
105	0.313
106	2.952
107	2.807
108	1.744
109	2.393
110	2.013
111	2.941
112	1.767
113	4.73
114	2.639
115	0.615
116	1.342
117	2.315
118	1.923
119	1.263
120	3.187
121	2.494
122	2.203
123	3.433
124	2.124
125	2.404
126	2.113
127	2.84
128	1.688
129	0.615
130	1.867
131	1.755
132	3.209
133	0.48
134	2.158
135	2.371
136	1.733
137	2.035
138	2.762
139	3.824
140	2.639
141	1.498
142	5.39
143	4.495
144	5.278
145	4.249
146	3.299
147	6.016
148	5.973
149	3.95
150	0.989
151	2.438
152	3.03
153	2.382
154	2.717
155	4.842
156	6.263
157	5.916
158	1.554
159	2.113
160	7.101
161	6.33
162	1.722
163	1.722
164	0.0
165	0.0
166	0.004
167	0.794
168	0.559
169	0.492
170	0.0
171	0.012
172	0.011
173	0.0
174	0.0
175	0.0
176	0.0
177	0.0
178	0.0
179	0.0
180	0.0
181	0.0
182	0.001
183	0.0
184	0.0
185	0.0
186	0.0
187	0.0
188	0.0
189	0.0
190	3.133
191	2.796
192	4.54
193	7.347
194	5.826
195	4.093
196	7.079
197	7.258
198	3.209
199	3.455
200	3.735
201	3.936
202	4.115
203	6.99
204	3.869
205	2.706
206	4.965
207	11.664
208	12.224
209	10.759
210	6.486
211	4.261
212	4.775
213	4.272
214	5.938
215	4.428
216	5.043
217	5.401
218	4.786
219	6.654
220	4.473
221	9.215
222	5.291
223	5.278
224	7.526
225	6.307
226	6.677
227	8.086
228	6.117
229	4.965
230	6.889
231	8.164
232	7.493
233	7.526
234	9.763
235	7.661
236	7.236
237	10.848
238	10.58
239	6.453
