0	3.914
1	4.305
2	4.384
3	3.433
4	3.69
5	3.701
6	4.507
7	5.334
8	3.489
9	3.914
10	5.882
11	4.16
12	2.907
13	2.382
14	5.838
15	5.838
16	8.488
17	4.82
18	5.457
19	2.885
20	3.153
21	6.173
22	4.07
23	8.108
24	10.065
25	5.178
26	6.878
27	6.195
28	10.054
29	12.335
30	9.998
31	3.377
32	4.607
33	8.164
34	5.592
35	5.055
36	4.372
37	3.467
38	9.293
39	8.287
40	4.428
41	9.797
42	7.672
43	7.56
44	11.575
45	12.682
46	5.424
47	7.784
48	9.797
49	4.082
50	5.815
51	10.423
52	11.385
53	4.842
54	4.205
55	3.668
56	4.149
57	5.413
58	4.372
59	3.019
60	5.793
61	8.298
62	6.766
63	9.114
64	12.101
65	9.327
66	8.421
67	3.78
68	6.016
69	7.091
70	5.949
71	8.13
72	12.224
73	3.757
74	7.217
75	6.14
76	4.44
77	1.364
78	3.086
79	9.964
80	6.587
81	8.365
82	4.876
83	9.036
84	5.256
85	4.697
86	3.992
87	4.697
88	5.334
89	7.884
90	7.75
91	6.016
92	6.24
93	5.401
94	3.433
95	3.892
96	6.547
97	7.557
98	7.557
99	8.846
100	5.357
101	6.151
102	4.372
103	4.652
104	4.474
105	4.611
106	4.832
107	3.858
108	6.408
109	3.388
110	4.417
111	4.999
112	4.529
113	4.272
114	2.851
115	4.976
116	6.307
117	4.305
118	4.596
119	5.513
120	4.652
121	4.417
122	3.254
123	5.692
124	5.2
125	6.598
126	4.909
127	7.47
128	7.113
129	7.157
130	6.117
131	6.922
132	6.922
133	7.034
134	6.497
135	5.111
136	4.686
137	6.307
138	4.138
139	4.384
140	5.323
141	5.323
142	5.379
143	5.379
144	4.909
145	4.909
146	5.569
147	5.111
148	6.084
149	5.01
150	6.911
151	5.737
152	2.527
153	5.032
154	6.945
155	6.945
156	8.322
157	7.552
158	4.216
159	4.216
160	5.556
161	6.386
162	2.236
163	3.769
164	3.109
165	4.564
166	4.574
167	4.596
168	4.596
169	5.468
170	4.003
171	5.2
172	3.791
173	4.954
174	3.288
175	3.064
176	4.898
177	3.735
178	4.093
179	3.992
180	4.518
181	4.205
182	3.836
183	2.963
184	3.388
185	2.192
186	2.382
187	1.398
188	1.375
189	2.572
190	2.214
191	2.773
192	1.845
193	1.274
194	2.091
195	2.426
196	1.062
197	1.912
198	2.851
199	2.046
200	4.395
201	4.205
202	1.811
203	2.762
204	1.89
205	2.684
206	6.084
207	4.529
208	5.905
209	5.759
210	4.171
211	2.303
212	2.308
213	2.812
214	3.388
215	1.241
216	2.583
217	3.78
218	3.433
219	2.672
220	6.465
221	3.545
222	7.157
223	3.187
224	5.468
225	4.395
226	3.668
227	3.388
228	3.288
229	2.74
230	3.321
231	2.863
232	2.874
233	3.198
234	3.858
235	5.167
236	3.78
237	5.815
238	2.415
239	5.256
