0	1.699
1	1.274
2	1.878
3	2.08
4	1.722
5	1.074
6	1.364
7	1.856
8	1.979
9	1.655
10	1.543
11	1.934
12	2.203
13	2.214
14	1.912
15	1.767
16	1.509
17	2.583
18	2.371
19	2.292
20	1.196
21	2.65
22	2.919
23	2.661
24	2.818
25	3.03
26	2.65
27	1.957
28	1.856
29	2.192
30	2.27
31	3.265
32	0.749
33	2.672
34	1.14
35	1.767
36	1.867
37	1.163
38	1.791
39	1.777
40	1.576
41	3.176
42	1.733
43	2.169
44	2.46
45	2.438
46	3.075
47	2.583
48	2.024
49	2.124
50	2.807
51	2.113
52	1.99
53	2.158
54	1.233
55	2.283
56	1.487
57	0.424
58	1.677
59	1.107
60	1.375
61	1.789
62	1.711
63	1.968
64	2.124
65	2.035
66	1.342
67	1.431
68	1.435
69	1.04
70	2.046
71	1.543
72	1.688
73	1.822
74	0.939
75	1.263
76	1.61
77	1.196
78	1.632
79	1.755
80	1.431
81	1.04
82	1.33
83	1.241
84	2.483
85	1.957
86	1.968
87	1.811
88	1.017
89	1.42
90	1.353
91	2.102
92	1.722
93	1.453
94	1.409
95	0.771
96	0.973
97	1.14
98	0.861
99	1.129
100	0.715
101	1.185
102	1.129
103	1.017
104	1.219
105	1.543
106	1.465
107	1.845
108	0.749
109	1.476
110	1.431
111	1.834
112	1.319
113	1.532
114	1.543
115	1.465
116	1.699
117	1.028
118	2.359
119	2.549
120	1.711
121	1.274
122	1.576
123	1.801
124	1.04
125	1.487
126	1.509
127	2.158
128	2.818
129	2.024
130	1.286
131	1.509
132	2.136
133	1.051
134	1.554
135	1.42
136	1.409
137	1.811
138	1.006
139	1.722
140	1.901
141	0.492
142	1.61
143	1.767
144	0.939
145	1.051
146	0.963
147	1.096
148	1.498
149	1.576
150	1.532
151	1.185
152	1.744
153	1.129
154	1.733
155	1.453
156	1.878
157	1.755
158	1.688
159	1.789
160	1.655
161	1.42
162	2.192
163	1.744
164	1.532
165	1.621
166	0.849
167	1.084
168	1.532
169	1.677
170	1.286
171	1.498
172	1.912
173	1.901
174	1.565
175	1.23
176	1.688
177	1.118
178	1.632
179	0.894
180	0.939
181	1.509
182	1.8
183	1.364
184	2.303
185	1.599
186	1.487
187	1.297
188	1.207
189	1.14
190	1.062
191	1.409
192	1.755
193	1.453
194	1.151
195	1.196
196	1.353
197	1.219
198	0.738
199	0.648
200	2.326
201	1.699
202	1.375
203	1.688
204	1.084
205	1.521
206	0.961
207	1.599
208	1.118
209	1.822
210	1.822
211	1.398
212	1.196
213	1.174
214	0.861
215	0.324
216	2.717
217	1.822
218	1.286
219	1.04
220	0.883
221	1.028
222	1.073
223	1.342
224	1.14
225	1.599
226	1.297
227	1.129
228	1.196
229	1.364
230	0.536
231	1.512
232	1.021
233	1.516
234	1.364
235	0.536
236	1.319
237	0.592
238	1.062
239	0.968
