0	1.342
1	1.431
2	1.308
3	1.353
4	1.565
5	1.498
6	1.129
7	2.225
8	1.576
9	1.957
10	1.129
11	1.174
12	0.648
13	1.398
14	1.398
15	1.498
16	1.33
17	1.353
18	1.588
19	0.95
20	1.118
21	1.386
22	1.196
23	1.207
24	0.782
25	1.409
26	1.286
27	1.04
28	1.532
29	1.521
30	1.353
31	0.861
32	1.286
33	1.33
34	0.067
35	2.471
36	1.421
37	1.174
38	1.867
39	2.102
40	1.207
41	0.849
42	1.274
43	0.749
44	3.713
45	1.61
46	1.04
47	0.436
48	1.692
49	1.29
50	3.969
51	2.784
52	2.011
53	2.14
54	2.221
55	2.138
56	2.415
57	2.672
58	3.97
59	4.742
60	3.757
61	3.008
62	3.31
63	3.03
64	3.243
65	3.254
66	3.657
67	4.35
68	5.357
69	6.352
70	3.511
71	4.618
72	4.999
73	4.663
74	5.111
75	3.209
76	5.413
77	2.997
78	6.833
79	6.352
80	4.842
81	5.222
82	2.851
83	3.769
84	2.404
85	3.097
86	3.388
87	4.406
88	3.892
89	2.024
90	3.467
91	5.48
92	4.585
93	5.468
94	5.524
95	5.782
96	6.822
97	3.724
98	4.249
99	4.182
100	4.674
101	4.663
102	4.395
103	3.03
104	4.026
105	4.406
106	4.395
107	3.769
108	4.171
109	4.294
110	4.73
111	4.372
112	4.54
113	3.187
114	3.03
115	3.008
116	2.684
117	2.18
118	3.802
119	4.384
120	3.601
121	3.757
122	2.549
123	4.428
124	3.534
125	3.198
126	3.388
127	4.361
128	3.925
129	3.209
130	3.869
131	4.227
132	5.267
133	4.261
134	3.064
135	4.395
136	3.947
137	3.097
138	4.026
139	3.578
140	5.592
141	5.435
142	1.811
143	2.393
144	4.294
145	4.294
146	41.302
147	40.172
148	31.427
149	36.683
150	36.538
151	32.064
152	32.455
153	28.977
154	28.06
155	29.895
156	31.661
157	29.659
158	31.192
159	32.422
160	34.133
161	28.798
162	31.539
163	39.557
164	39.267
165	40.34
166	36.292
167	40.765
168	29.626
169	36.146
170	39.87
171	39.703
172	30.588
173	34.726
174	38.719
175	31.572
176	39.334
177	36.772
178	39.535
179	37.578
180	37.265
181	23.766
182	29.492
183	38.26
184	39.725
185	38.506
186	38.92
187	37.801
188	38.715
189	40.184
190	37.276
191	36.213
192	31.919
193	36.459
194	39.882
195	39.032
196	39.535
197	32.948
198	39.815
199	39.58
200	38.786
201	30.867
202	37.824
203	34.681
204	27.49
205	36.605
206	31.024
207	34.871
208	35.274
209	34.963
210	27.165
211	26.17
212	36.526
213	32.936
214	35.43
215	27.277
216	36.012
217	39.11
218	36.157
219	35.576
220	26.942
221	25.443
222	27.344
223	30.923
224	31.639
225	30.532
226	26.125
227	29.615
228	29.575
229	27.915
230	30.185
231	28.027
232	27.054
233	25.902
234	23.889
235	28.865
236	26.17
237	38.003
238	38.786
239	37.645
