0	1.196
1	0.95
2	0.581
3	1.163
4	1.051
5	0.626
6	0.637
7	0.704
8	0.402
9	0.961
10	0.984
11	0.514
12	0.492
13	0.782
14	1.23
15	0.648
16	0.872
17	2.124
18	1.878
19	0.458
20	1.364
21	1.319
22	0.883
23	1.42
24	0.917
25	0.939
26	0.883
27	1.017
28	0.76
29	1.308
30	0.961
31	0.816
32	0.615
33	0.782
34	0.984
35	1.051
36	0.794
37	0.559
38	0.246
39	1.185
40	1.207
41	0.905
42	0.301
43	1.42
44	0.089
45	1.342
46	1.241
47	1.163
48	0.449
49	1.376
50	1.442
51	0.637
52	1.465
53	1.482
54	1.482
55	13.577
56	12.224
57	10.109
58	7.661
59	7.448
60	17.995
61	26.863
62	28.967
63	18.822
64	17.279
65	20.254
66	29.827
67	19.795
68	20.22
69	10.143
70	10.635
71	9.048
72	22.502
73	23.821
74	22.737
75	14.785
76	15.288
77	16.708
78	13.633
79	17.804
80	18.677
81	23.452
82	18.621
83	17.927
84	23.063
85	24.034
86	23.81
87	26.897
88	26.192
89	19.493
90	21.853
91	15.825
92	10.714
93	13.801
94	21.618
95	18.431
96	18.733
97	9.316
98	13.376
99	18.42
100	21.506
101	18.565
102	19.873
103	17.2
104	18.726
105	17.223
106	15.657
107	12.66
108	11.418
109	13.006
110	11.776
111	9.584
112	11.877
113	8.645
114	12.805
115	11.765
116	14.014
117	13.767
118	13.331
119	9.819
120	13.789
121	5.569
122	13.197
123	12.917
124	13.454
125	14.472
126	10.322
127	11.083
128	7.09
129	6.307
130	8.991
131	9.931
132	4.943
133	8.466
134	11.933
135	14.136
136	15.512
137	13.599
138	10.546
139	11.765
140	13.152
141	11.62
142	9.808
143	5.133
144	5.468
145	7.325
146	6.609
147	8.745
148	11.855
149	5.245
150	4.954
151	5.155
152	2.851
153	2.728
154	2.505
155	3.69
156	4.194
157	3.757
158	3.444
159	3.422
160	2.091
161	2.751
162	1.789
163	1.755
164	1.509
165	1.867
166	1.644
167	2.751
168	4.607
169	3.344
170	2.674
171	2.561
172	2.236
173	3.522
174	3.332
175	3.757
176	5.155
177	2.404
178	3.612
179	5.211
180	4.328
181	2.136
182	5.357
183	5.245
184	3.153
185	3.142
186	5.938
187	3.545
188	3.176
189	2.27
190	2.561
191	3.623
192	2.561
193	3.411
194	3.455
195	3.366
196	3.366
197	2.93
198	3.31
199	1.666
200	3.713
201	2.728
202	1.778
203	2.046
204	3.713
205	3.276
206	3.265
207	3.12
208	2.158
209	4.093
210	3.344
211	6.061
212	2.169
213	5.502
214	2.415
215	3.556
216	3.556
217	3.88
218	5.334
219	3.735
220	2.371
221	3.265
222	4.16
223	3.243
224	3.669
225	3.455
226	4.395
227	5.972
228	6.665
229	6.128
230	2.617
231	6.016
232	4.585
233	2.08
234	2.404
235	3.534
236	6.453
237	4.54
238	2.907
239	5.435
