0	23.285
1	32.5
2	21.719
3	32.489
4	25.823
5	20.925
6	34.234
7	36.929
8	38.551
9	27.568
10	27.658
11	36.661
12	39.658
13	39.926
14	32.791
15	27.221
16	37.511
17	37.79
18	37.723
19	32.198
20	19.762
21	26.774
22	38.226
23	34.155
24	35.676
25	39.132
26	16.328
27	8.086
28	12.582
29	9.763
30	28.452
31	30.934
32	32.444
33	27.076
34	31.315
35	35.822
36	25.868
37	33.059
38	16.015
39	27.334
40	35.632
41	26.472
42	26.606
43	31.304
44	28.955
45	30.219
46	31.997
47	30.319
48	20.354
49	33.149
50	39.457
51	34.144
52	24.571
53	24.571
54	11.251
55	13.107
56	17.581
57	18.755
58	15.713
59	26.785
60	22.893
61	17.939
62	17.022
63	19.963
64	24.067
65	15.814
66	17.324
67	15.858
68	10.926
69	14.147
70	31.371
71	33.552
72	39.02
73	19.683
74	17.916
75	13.912
76	15.299
77	19.75
78	19.963
79	25.633
80	23.866
81	43.852
82	45.876
83	44.378
84	31.852
85	30.398
86	38.249
87	26.953
88	33.977
89	39.481
90	39.199
91	32.546
92	26.785
93	21.496
94	12.068
95	10.691
96	11.351
97	6.978
98	14.047
99	14.472
100	16.183
101	30.704
102	27.892
103	31.874
104	22.11
105	22.166
106	21.327
107	23.374
108	27.68
109	34.122
110	38.115
111	38.316
112	28.083
113	29.447
114	18.408
115	34.927
116	34.95
117	30.263
118	21.238
119	19.806
120	19.158
121	17.659
122	16.104
123	22.58
124	22.077
125	20.623
126	19.348
127	30.454
128	29.906
129	30.319
130	24.548
131	28.485
132	30.946
133	24.929
134	15.937
135	23.743
136	32.087
137	37.578
138	37.343
139	43.953
140	54.365
141	39.747
142	41.884
143	23.441
144	24.962
145	36.94
146	63.044
147	65.079
148	61.408
149	62.238
150	58.156
151	57.362
152	52.822
153	41.291
154	46.76
155	30.029
156	27.132
157	36.292
158	22.692
159	33.607
160	42.555
161	54.052
162	47.576
163	54.085
164	56.669
165	56.512
166	65.09
167	66.555
168	64.419
169	61.388
170	40.005
171	56.445
172	34.927
173	34.882
174	41.157
175	43.081
176	31.125
177	48.225
178	39.803
179	25.454
180	28.709
181	36.907
182	26.74
183	42.063
184	33.943
185	26.852
186	37.466
187	52.967
188	52.251
189	44.155
190	50.419
191	45.24
192	29.236
193	31.787
194	46.081
195	32.759
196	59.868
197	66.602
198	47.576
199	57.911
200	43.517
201	46.313
202	54.545
203	49.523
204	55.226
205	53.516
206	41.179
207	38.495
208	40.061
209	35.643
210	52.486
211	53.839
212	23.587
213	32.355
214	49.243
215	25.622
216	33.138
217	38.439
218	30.521
219	30.857
220	40.329
221	42.801
222	37.881
223	26.472
224	28.955
225	29.279
226	13.599
227	11.664
228	18.364
229	13.04
230	8.712
231	14.46
232	8.656
233	18.14
234	20.354
235	13.465
236	11.43
237	12.224
238	18.118
239	38.003
