0	2.784
1	0.905
2	1.554
3	2.326
4	2.672
5	3.288
6	3.947
7	3.701
8	1.923
9	1.431
10	2.829
11	0.861
12	2.091
13	2.292
14	2.74
15	2.337
16	2.426
17	2.147
18	2.158
19	0.469
20	1.297
21	1.576
22	1.621
23	1.576
24	0.167
25	0.536
26	1.543
27	1.297
28	2.102
29	2.415
30	2.549
31	1.878
32	1.677
33	1.431
34	1.241
35	0.548
36	1.129
37	0.301
38	0.067
39	0.0
40	0.0
41	0.0
42	2.001
43	4.585
44	4.037
45	4.484
46	4.407
47	2.528
48	2.147
49	2.18
50	2.382
51	4.295
52	4.529
53	2.796
54	3.187
55	4.944
56	5.245
57	6.643
58	3.153
59	2.941
60	6.621
61	4.618
62	5.38
63	2.717
64	3.411
65	3.097
66	2.639
67	3.254
68	6.296
69	5.055
70	4.306
71	6.755
72	5.893
73	3.5
74	3.098
75	2.718
76	2.013
77	7.057
78	9.249
79	6.789
80	4.003
81	7.202
82	5.547
83	5.961
84	5.692
85	5.256
86	4.451
87	5.278
88	2.986
89	4.261
90	4.149
91	6.833
92	7.124
93	5.089
94	4.194
95	4.597
96	4.786
97	5.324
98	4.329
99	3.892
100	4.138
101	4.272
102	6.173
103	6.296
104	5.67
105	6.185
106	4.116
107	4.283
108	4.082
109	5.983
110	5.302
111	4.92
112	4.44
113	5.961
114	4.07
115	4.049
116	4.294
117	4.261
118	4.898
119	5.48
120	5.402
121	6.319
122	7.057
123	5.176
124	4.331
125	2.818
126	0.816
127	1.286
128	1.668
129	0.883
130	0.626
131	3.043
132	3.275
133	2.426
134	2.976
135	2.338
136	2.511
137	3.736
138	5.526
139	8.9
140	7.177
141	8.186
142	4.194
143	5.234
144	6.086
145	4.585
146	7.224
147	7.426
148	11.072
149	8.488
150	6.553
151	6.095
152	5.514
153	2.371
154	2.629
155	3.601
156	2.494
157	2.74
158	3.03
159	3.78
160	2.561
161	2.505
162	1.129
163	2.807
164	3.165
165	3.669
166	2.829
167	3.847
168	3.601
169	2.695
170	1.409
171	1.924
172	3.054
173	3.433
174	1.61
175	3.053
176	2.851
177	2.359
178	2.773
179	0.905
180	0.492
181	0.346
182	0.95
183	0.805
184	0.704
185	1.174
186	1.666
187	2.36
188	2.528
189	1.968
190	1.274
191	2.304
192	3.769
193	3.299
194	1.699
195	2.471
196	1.185
197	0.849
198	1.733
199	1.813
200	2.863
201	2.17
202	1.812
203	2.639
204	2.55
205	3.098
206	3.49
207	2.762
208	2.103
209	0.995
210	1.8
211	2.684
212	1.834
213	1.655
214	1.778
215	2.505
216	3.053
217	3.199
218	2.124
219	3.209
220	3.847
221	4.049
222	4.003
223	1.554
224	3.411
225	3.746
226	3.489
227	1.498
228	2.404
229	3.355
230	3.724
231	3.824
232	3.88
233	3.019
234	2.069
235	2.303
236	2.035
237	1.711
238	2.046
239	2.348
