0	6.005
1	4.585
2	5.379
3	4.988
4	3.422
5	3.925
6	3.947
7	3.981
8	5.021
9	2.672
10	2.471
11	2.639
12	3.019
13	2.292
14	5.647
15	6.363
16	6.173
17	4.059
18	6.721
19	6.296
20	4.037
21	6.061
22	6.263
23	4.764
24	5.457
25	8.13
26	7.146
27	8.041
28	7.157
29	8.645
30	7.124
31	4.754
32	5.021
33	5.334
34	5.938
35	4.596
36	6.654
37	5.815
38	6.296
39	5.29
40	3.578
41	5.256
42	4.104
43	7.303
44	6.676
45	4.697
46	7.347
47	6.419
48	5.088
49	6.005
50	5.826
51	7.784
52	5.558
53	1.744
54	2.236
55	4.038
56	3.008
57	1.498
58	4.796
59	3.462
60	3.911
61	1.818
62	1.255
63	3.061
64	3.213
65	2.438
66	2.538
67	2.102
68	2.896
69	1.923
70	2.538
71	1.923
72	2.65
73	2.426
74	2.505
75	2.438
76	2.874
77	2.303
78	2.124
79	2.113
80	2.337
81	1.968
82	2.102
83	2.046
84	2.438
85	2.326
86	1.744
87	1.957
88	3.467
89	2.74
90	2.538
91	2.784
92	3.724
93	3.713
94	3.59
95	4.037
96	3.109
97	2.136
98	2.505
99	2.247
100	3.276
101	2.874
102	2.829
103	3.366
104	2.404
105	2.773
106	2.986
107	1.878
108	2.661
109	2.024
110	3.59
111	6.04
112	2.773
113	4.216
114	3.623
115	3.959
116	4.497
117	4.129
118	2.863
119	3.703
120	2.562
121	2.987
122	3.758
123	4.317
124	3.143
125	2.751
126	3.399
127	3.444
128	3.299
129	3.668
130	2.661
131	3.601
132	4.015
133	3.142
134	2.773
135	3.534
136	2.986
137	2.706
138	2.65
139	2.628
140	3.511
141	3.265
142	3.097
143	2.93
144	3.131
145	3.366
146	4.093
147	3.455
148	4.149
149	3.03
150	4.104
151	2.986
152	4.082
153	4.272
154	5.178
155	3.713
156	2.684
157	2.885
158	2.091
159	1.901
160	1.934
161	2.617
162	3.947
163	3.746
164	5.2
165	7.214
166	4.361
167	4.999
168	4.954
169	4.182
170	3.847
171	4.753
172	3.992
173	4.933
174	3.649
175	4.691
176	4.663
177	4.261
178	3.321
179	4.486
180	4.552
181	4.126
182	3.299
183	3.567
184	4.596
185	3.69
186	5.647
187	3.511
188	3.802
189	3.478
190	6.967
191	7.202
192	4.764
193	4.73
194	2.874
195	4.473
196	3.869
197	4.037
198	5.133
199	5.334
200	2.482
201	3.616
202	3.59
203	3.109
204	3.131
205	4.462
206	3.914
207	4.641
208	2.639
209	5.222
210	3.467
211	2.617
212	1.979
213	5.032
214	3.411
215	5.368
216	7.873
217	6.397
218	4.138
219	5.793
220	3.276
221	7.28
222	8.555
223	7.347
224	5.368
225	7.012
226	6.497
227	7.828
228	9.942
229	9.763
230	5.536
231	4.428
232	6.464
233	4.339
234	6.117
235	4.652
236	4.428
237	6.207
238	5.972
239	6.307
