0	0.026
1	0.026
2	0.0
3	0.0
4	0.0
5	7.193
6	3.769
7	6.061
8	4.149
9	5.077
10	4.82
11	2.113
12	2.113
13	3.165
14	2.371
15	2.303
16	1.398
17	0.111
18	5.2
19	3.724
20	4.104
21	6.028
22	1.822
23	4.205
24	3.187
25	3.187
26	2.248
27	2.337
28	6.822
29	3.511
30	3.601
31	2.158
32	3.668
33	2.796
34	2.583
35	1.8
36	2.113
37	1.934
38	4.451
39	3.511
40	4.317
41	2.057
42	3.109
43	3.053
44	3.5
45	2.147
46	6.464
47	7.772
48	3.802
49	5.144
50	7.258
51	3.411
52	4.596
53	0.849
54	2.371
55	5.558
56	1.286
57	3.243
58	1.699
59	2.393
60	3.008
61	1.543
62	1.364
63	2.27
64	1.14
65	4.708
66	4.529
67	3.892
68	3.824
69	3.344
70	9.383
71	11.418
72	14.181
73	15.076
74	13.185
75	14.572
76	10.658
77	6.33
78	9.539
79	6.855
80	5.949
81	11.966
82	13.599
83	13.096
84	13.107
85	5.826
86	3.836
87	5.849
88	12.112
89	4.909
90	3.578
91	3.657
92	6.005
93	5.01
94	2.807
95	3.97
96	2.192
97	4.238
98	4.462
99	4.63
100	8.69
101	6.632
102	12.772
103	11.239
104	0.246
105	8.197
106	4.417
107	6.285
108	6.486
109	10.544
110	1.968
111	3.053
112	1.99
113	1.912
114	3.657
115	1.923
116	2.18
117	1.923
118	2.404
119	2.583
120	1.342
121	3.601
122	6.352
123	2.371
124	5.468
125	2.292
126	1.655
127	4.003
128	6.106
129	5.802
130	7.58
131	7.113
132	6.14
133	14.226
134	6.464
135	8.544
136	10.266
137	5.547
138	11.653
139	3.086
140	5.715
141	15.232
142	5.155
143	12.045
144	10.725
145	2.605
146	4.093
147	5.29
148	7.515
149	4.238
150	8.824
151	7.526
152	11.049
153	8.302
154	7.493
155	11.62
156	10.032
157	5.055
158	8.969
159	6.039
160	5.077
161	4.182
162	3.947
163	7.951
164	6.52
165	7.101
166	4.048
167	3.254
168	1.957
169	2.482
170	2.963
171	0.894
172	3.679
173	0.95
174	2.348
175	2.818
176	3.209
177	3.824
178	1.028
179	1.923
180	2.941
181	1.342
182	1.554
183	1.767
184	4.294
185	4.428
186	4.428
187	4.831
188	3.109
189	4.317
190	3.701
191	4.395
192	2.807
193	1.554
194	1.901
195	2.594
196	3.377
197	3.959
198	2.773
199	2.08
200	2.382
201	2.415
202	2.572
203	1.744
204	2.247
205	1.319
206	1.822
207	1.869
208	1.23
209	1.722
210	1.062
211	0.693
212	1.666
213	1.017
214	0.872
215	2.08
216	0.849
217	0.726
218	1.151
219	1.263
220	1.028
221	0.581
222	1.308
223	0.402
224	0.894
225	1.23
226	1.107
227	0.648
228	0.749
229	0.838
230	0.503
231	1.084
232	1.118
233	1.342
234	1.565
235	0.984
236	1.062
237	0.861
238	1.118
239	0.973
