0	2.124
1	1.8
2	2.069
3	1.789
4	2.326
5	2.46
6	1.028
7	1.375
8	1.554
9	2.538
10	1.856
11	1.621
12	2.057
13	1.89
14	1.767
15	1.286
16	1.487
17	1.017
18	2.203
19	1.252
20	2.65
21	2.192
22	2.169
23	0.995
24	0.973
25	1.33
26	0.749
27	1.688
28	1.04
29	1.878
30	1.554
31	2.158
32	1.263
33	1.342
34	0.95
35	1.532
36	1.151
37	1.353
38	1.744
39	1.129
40	0.883
41	1.599
42	1.688
43	1.666
44	2.415
45	1.42
46	0.794
47	1.073
48	2.572
49	1.42
50	2.08
51	2.348
52	1.588
53	1.813
54	1.051
55	2.773
56	0.682
57	1.834
58	2.538
59	1.219
60	1.699
61	1.979
62	1.521
63	1.028
64	1.297
65	1.632
66	0.973
67	1.386
68	2.113
69	1.442
70	1.263
71	1.834
72	2.919
73	1.118
74	1.14
75	1.006
76	1.297
77	1.04
78	1.487
79	1.017
80	1.677
81	2.091
82	1.599
83	2.091
84	1.677
85	2.315
86	1.207
87	1.912
88	1.42
89	0.48
90	1.151
91	1.364
92	1.398
93	1.107
94	0.917
95	2.035
96	1.174
97	0.917
98	1.968
99	1.308
100	1.342
101	1.062
102	0.995
103	0.659
104	2.27
105	1.252
106	0.805
107	1.207
108	0.894
109	0.973
110	1.241
111	0.883
112	0.76
113	1.151
114	0.861
115	2.057
116	1.274
117	1.8
118	2.236
119	2.147
120	2.024
121	1.431
122	0.928
123	1.979
124	0.659
125	1.8
126	1.297
127	1.107
128	1.342
129	0.503
130	1.666
131	0.19
132	1.073
133	0.592
134	1.263
135	0.894
136	1.442
137	0.905
138	1.207
139	1.297
140	0.939
141	0.671
142	1.107
143	1.219
144	1.207
145	0.648
146	1.129
147	1.901
148	1.107
149	1.42
150	2.024
151	1.375
152	1.61
153	1.297
154	1.017
155	1.308
156	2.001
157	1.476
158	0.861
159	1.431
160	0.525
161	0.951
162	1.196
163	1.755
164	0.682
165	0.57
166	0.973
167	1.353
168	0.346
169	1.073
170	1.051
171	0.794
172	0.849
173	1.364
174	0.659
175	0.917
176	1.319
177	1.744
178	1.554
179	1.196
180	0.794
181	1.722
182	0.995
183	0.771
184	0.894
185	0.76
186	1.028
187	0.559
188	1.129
189	1.118
190	1.442
191	1.677
192	1.028
193	0.424
194	1.375
195	1.342
196	0.849
197	1.062
198	0.671
199	1.711
200	1.364
201	1.297
202	1.028
203	0.0
204	0.961
205	1.084
206	0.592
207	1.487
208	0.313
209	0.603
210	0.827
211	1.107
212	0.671
213	1.386
214	1.14
215	0.671
216	0.76
217	0.48
218	0.827
219	0.592
220	1.129
221	1.498
222	0.861
223	1.23
224	1.196
225	0.872
226	0.928
227	1.386
228	1.431
229	0.894
230	0.458
231	0.357
232	1.252
233	1.521
234	0.738
235	1.778
236	0.973
237	1.733
238	0.581
239	0.782
