0 1.69632
1.02 1.438208
2.032 1.575936
3.04 1.405376
4.192 1.357056
5.198 1.368
6.199 1.088
7.21 1.729152
8.219 1.339712
9.222 1.663488
10.23 1.383488
11.263 1.740096
12.27 1.591424
13.278 1.882368
14.282 1.58048
15.291 1.86048
16.298 1.657088
17.311 2.057472
18.318 1.274048
19.33 2.166912
20.338 1.449152
21.35 1.9152
22.37 1.602368
23.371 2.062016
24.51 2.276352
25.518 1.657088
26.531 2.046528
27.558 1.919744
28.571 1.930688
29.59 2.155968
30.591 2.029184
31.598 1.083456
32.61 1.372544
33.618 1.849536
34.619 1.492928
35.63 1.674432
36.638 1.214784
37.651 1.52576
38.658 1.554048
39.67 1.022336
40.678 1.192896
41.691 1.411776
42.703 0.86912
43.719 0.43776
44.97 0.525312
45.998 0.306432
47.03 0.777024
48.031 0.426816
49.05 0.1906
50.051 1.028736
51.058 1.827648
52.063 1.558592
53.071 1.630656
54.079 1.394432
55.083 2.215232
56.239 1.772928
57.25 1.602368
58.251 2.374848
59.258 1.777472
60.27 2.302784
61.418 2.13408
62.423 1.996352
63.438 1.608768
64.458 1.131776
65.462 1.181952
66.47 1.236672
67.478 0.891008
68.491 0.700416
69.511 1.171008
70.519 0.131072
71.558 1.930944
72.57 1.050624
73.577 0.897408
74.589 0.75968
75.609 0.744192
76.617 0.580032
77.629 0.38304
79.51 1.405376
80.517 1.346112
81.537 1.554048
82.55 1.263104
83.57 1.47744
84.577 1.503872
85.59 1.827648
86.597 1.164608
87.61 1.75104
88.617 1.536704
89.618 1.794816
90.622 1.788416
91.629 2.090304
92.637 1.875968
93.649 1.875968
94.65 2.276352
95.662 1.514816
96.669 2.287296
97.676 1.700856
98.689 1.865024
99.776 1.25856
100.777 1.597824
101.788 1.077056
102.789 0.558144
103.808 0.634752
104.837 1.050624
105.848 0.912896
106.856 1.269504
107.869 1.444608
108.876 0.584576
109.887 0.087552
112.968 2.707712
113.987 1.105344
114.988 0.448704
115.992 1.777472
117.015 2.309184
118.02 1.85408
119.027 1.729152
120.028 1.19744
121.035 0.569088
122.067 0.196992
123.079 0.021888
125.735 0.306432
126.847 0.43776
127.855 0.38304
128.867 0.21888
129.895 0.372096
130.899 0.245312
131.923 1.14912
132.927 0.569088
133.947 0.722304
134.966 0.748736
135.974 1.400832
136.979 1.488384
137.986 0.8144
138.995 0.886464
140.006 0.733248
141.026 0.459648
142.066 0.726848
143.074 1.466496
144.086 1.389888
145.102 1.14272
146.119 1.53216
147.126 1.044224
148.138 1.521216
149.145 1.554048
150.157 1.098944
151.173 1.597824
152.185 1.427264
153.194 1.291392
155.206 1.79936
156.218 1.849536
157.225 1.284992
158.245 0.284544
159.852 2.642048
161.184 0.864576
162.204 0.580032
163.22 1.58688
164.224 1.317824
165.244 1.882368
166.257 1.208392
167.264 1.25856
168.276 1.131776
169.304 1.47744
170.313 1.346112
171.324 0.464192
172.336 0.744192
173.364 0.43776
174.384 1.280448
175.385 1.405376
176.392 1.707264
177.396 1.3616
178.405 1.378944
179.412 1.214784
180.417 1.109888
181.424 0.809856
182.452 1.280448
183.465 1.372544
184.472 1.718208
185.485 1.449152
186.492 1.904256
187.497 1.52576
188.505 1.718208
189.516 0.880064
190.524 0.60192
191.544 0.634752
192.564 0.503424
193.584 0.284544
194.612 0.404928
195.624 0.475136
196.884 0.426816
197.924 0.120384
198.993 0.722304
200.003 0.952128
201.011 0.9248
202.031 0.841728
203.032 0.32832
204.583 0.295488
205.591 0.678528
206.604 0.995904
207.611 0.420416
208.623 0.678528
209.631 0.667584
