0 0.65664
1.012 0.295488
2.041 0.207936
3.092 0.580032
4.1 0.908352
5.113 0.5408
6.24 0.60192
7.252 0.470592
8.3 0.700416
9.312 1.192896
10.313 0.934784
11.32 0.87552
12.333 0.941184
13.34 0.43776
14.361 0.497024
15.393 0.5472
16.4 0.908352
17.401 1.722752
18.572 1.893312
19.58 1.624256
20.592 1.652544
21.613 0.798912
22.616 0.606464
23.62 1.072512
24.631 1.14912
25.64 1.03328
26.759 1.017792
27.779 1.072512
28.799 1.127232
29.812 1.055168
30.82 1.444608
31.839 1.241216
32.851 1.619712
33.859 1.3616
34.86 1.6416
35.872 1.488384
36.879 1.3616
37.891 1.630656
38.892 1.547648
39.9 1.904256
40.912 1.657088
41.919 1.76652
42.939 1.980864
43.951 1.460096
44.958 1.893312
45.982 1.821248
46.99 2.07936
47.991 1.79936
48.999 2.07296
50.178 2.057472
51.191 1.230272
52.21 1.904256
53.218 1.3616
54.37 1.400832
55.371 1.554048
56.378 1.295936
57.39 1.663488
58.391 1.514816
59.398 1.980864
60.41 0.989504
61.498 1.564992
62.511 1.175552
63.53 1.400832
64.539 1.630656
65.551 1.098944
66.558 1.69632
67.571 1.558592
68.578 1.794816
69.598 1.678976
70.608 1.630656
71.624 0.825344
72.628 1.335168
73.636 1.543104
74.64 0.847232
75.656 0.459648
76.676 0.503424
77.696 1.171008
78.697 0.748736
79.708 0.196992
80.768 0.372096
81.789 0.831744
82.808 0.919296
83.816 0.661184
85.148 0.251712
86.688 1.411776
87.694 1.613312
88.698 1.991808
89.722 1.843136
90.726 1.849536
91.727 1.657088
92.738 2.035584
93.747 1.624264
94.754 1.707264
95.758 1.52576
96.766 1.740096
97.775 1.558592
98.779 1.838592
99.787 1.547648
100.807 2.010008
101.814 1.67172
102.815 1.886912
103.826 2.013696
104.827 1.602368
105.834 2.35296
106.839 2.083904
107.846 1.985408
108.854 2.199744
109.859 1.996352
110.866 2.116736
111.867 1.871424
112.874 1.678976
113.894 2.418624
114.906 2.248064
115.907 2.171456
116.926 2.046528
117.939 1.777472
118.946 1.930688
120.027 2.046528
121.034 1.919744
122.039 2.254464
123.046 2.094848
124.054 2.116736
125.067 2.046528
126.079 1.766528
127.087 1.958976
128.094 1.449152
129.107 1.674432
130.114 1.49292
131.127 1.455552
132.134 1.263104
133.146 0.995904
134.167 0.8208
135.186 0.131072
137.194 1.832448
138.205 1.42272
139.217 1.284992
140.226 2.1888
141.233 1.755584
142.238 1.882368
143.245 1.47104
144.258 1.729152
145.265 1.41632
146.266 1.521216
147.285 1.000448
148.297 0.525312
149.305 1.324224
150.306 1.055168
151.313 1.25856
152.326 1.324224
153.333 0.715904
154.346 0.612864
155.373 0.952128
156.405 1.42272
157.406 0.945728
158.513 0.459648
159.606 0.459648
160.626 0.908352
161.633 0.748736
162.653 0.853632
163.673 0.908352
164.685 0.98496
165.686 0.956672
166.693 1.138176
167.705 1.017792
168.714 0.726848
169.725 0.733248
170.733 0.809856
171.745 0.864576
172.753 0.836288
173.865 0.798912
174.885 0.831744
175.893 0.700416
176.905 0.49248
177.934 0.726824
178.945 0.38304
179.953 0.908352
180.966 0.853632
181.973 0.8582
182.994 1.225728
184.005 0.864576
185.145 1.171008
186.153 0.901952
187.165 0.919296
188.173 0.76608
189.185 0.5472
190.205 0.551744
191.206 0.974016
192.213 1.138176
193.226 0.934784
194.245 1.236672
195.253 1.31328
196.265 1.077056
197.266 1.25856
198.273 1.269504
199.293 0.945736
200.305 1.225728
201.306 1.302336
202.325 0.989504
203.326 1.171008
204.333 1.105344
205.346 0.97856
206.353 1.083456
207.377 1.061568
208.384 1.164608
209.385 1.225728
