0 1.27712
1.029 0.88452
2.039 0.875368
3.048 0.976288
4.059 0.910152
5.068 1.184664
6.259 1.14912
7.268 0.741824
8.288 0.459648
9.638 0.459648
10.658 0.131072
14.73 1.172248
15.737 0.196992
16.747 0.043776
20.091 1.54708
21.098 0.585016
22.108 0.541264
23.118 0.501464
24.288 0.575848
25.508 0.540152
26.538 0.435824
27.558 0.468952
28.568 0.533248
29.578 0.621088
30.808 0.729248
31.818 0.789088
32.828 0.732288
33.838 0.77036
34.888 1.14912
35.898 0.725968
36.998 0.858912
38.012 1.210552
39.018 1.138368
40.028 0.948192
41.048 1.00388
42.059 0.893184
43.068 1.048432
44.078 1.358104
45.079 1.433432
46.089 0.95296
47.128 0.076608
48.548 1.088232
49.549 1.031336
50.558 0.939672
51.568 1.088272
52.589 1.2942
53.598 1.405624
54.599 1.31708
55.619 1.20064
56.62 1.26848
57.629 1.236576
58.638 1.051672
59.689 1.400832
60.698 1.137224
61.699 1.471568
62.929 1.400832
63.939 1.170648
64.949 1.47744
65.959 0.900464
66.979 1.348608
68.079 1.575936
69.08 1.16924
70.099 1.22076
71.189 1.488384
72.199 1.188504
73.209 0.949952
74.225 1.180008
75.229 1.428248
76.237 1.310064
77.267 1.6416
78.28 1.359896
79.287 1.283536
80.288 1.80576
81.297 1.16408
82.298 1.455552
83.307 0.44412
84.317 1.357056
85.327 1.016072
86.337 1.225728
87.347 0.91792
88.357 1.400832
89.366 1.008344
90.367 1.433664
91.376 1.096896
92.377 1.212144
93.385 1.517496
94.595 1.53216
95.616 1.167064
96.625 1.23272
97.698 1.582968
98.895 1.600512
99.905 1.393704
100.975 1.742384
102.125 2.057472
103.135 1.25676
104.145 1.375432
105.155 1.849072
106.235 2.21248
107.236 1.836992
108.255 1.820272
109.256 1.853712
110.265 1.677256
111.275 1.970448
112.276 1.8636
113.335 2.1888
114.336 1.611992
115.345 2.210688
116.355 1.52444
117.365 2.166912
118.375 1.358496
119.385 2.177856
120.386 1.708968
121.387 1.665496
122.396 1.914464
123.405 2.200072
124.591 2.090304
125.6 2.177856
126.61 1.668104
127.619 1.948032
128.62 1.389888
129.629 1.027864
130.64 1.017792
131.8 0.963072
132.81 0.569088
133.83 0.415872
134.849 0.426816
135.879 0.238504
136.89 0.153216
137.9 0.131328
138.92 0.262656
139.94 0.426816
140.96 0.514368
141.99 0.963072
143.0 0.921584
144.002 0.734392
145.01 1.236672
146.011 1.209008
147.02 0.876736
148.04 1.521216
149.05 1.261712
150.06 1.295216
151.07 1.718208
152.08 1.17636
153.081 1.260664
154.19 1.510272
155.198 1.361224
156.208 1.472368
157.209 1.677256
158.397 1.718208
159.398 1.35892
160.399 1.4408
161.527 1.466496
162.537 1.137176
163.538 1.365968
164.557 1.654872
165.709 1.794816
166.718 1.273592
167.72 1.457544
168.726 1.663488
169.735 1.465824
170.74 1.904256
171.749 1.251488
172.75 1.519872
173.76 2.187112
174.84 1.772168
175.857 2.124112
177.117 2.331072
178.118 2.237424
179.119 1.954296
180.137 2.604672
181.144 1.707264
182.154 1.060424
185.776 6.62112
186.785 1.154168
187.794 1.849536
189.505 2.202976
190.573 1.072512
191.583 1.335168
192.593 1.215432
193.595 1.882368
194.602 1.532512
195.603 2.265408
196.612 1.32392
197.622 1.871424
198.624 1.30132
199.632 1.80576
200.642 1.380944
201.643 1.904256
202.652 1.58088
203.653 1.796368
204.673 1.839952
205.823 2.02464
206.833 1.53096
207.843 1.826504
208.849 1.937088
209.859 1.380976
