0 2.62656
1.001 2.189248
2.002 2.348776
3.01 2.918496
4.011 2.918096
5.021 2.419968
6.032 2.926456
7.163 3.020512
8.841 2.779088
10.841 2.96828
12.841 2.588312
14.852 2.714112
15.853 2.611296
16.861 2.105072
17.862 2.563968
19.111 3.020544
20.112 0.463416
22.872 2.853216
23.972 2.821952
25.052 3.301304
26.882 2.62656
27.883 1.615472
30.912 2.768832
31.913 0.638296
32.922 2.13408
33.932 1.604104
34.933 1.828176
36.843 2.528064
37.853 2.056504
38.863 1.615648
40.843 2.576768
42.853 2.105544
44.833 2.276352
45.843 0.630688
46.844 1.25116
48.903 1.374808
50.834 1.390936
52.843 1.476784
54.874 1.08652
56.924 1.147032
58.855 1.128944
60.834 1.718208
61.845 0.223672
63.104 1.786384
64.854 1.817712
66.844 1.838728
68.855 1.313552
70.925 1.336872
72.855 2.251952
74.835 1.478016
80.366 0.38304
81.386 0.71136
82.446 0.963072
83.486 1.216536
84.487 3.307848
85.488 3.431896
86.507 2.73976
87.517 3.64404
88.518 3.304344
89.528 3.253016
92.887 3.458304
93.888 3.1246
96.817 2.723888
97.818 1.753984
98.838 3.447792
100.888 2.382832
102.838 2.392184
104.828 2.532792
106.818 3.521016
108.828 4.595528
110.008 5.045184
111.009 4.099592
112.01 1.720208
113.038 2.689216
114.828 2.824952
116.889 2.807632
118.83 3.051224
120.819 3.181968
126.399 0.426816
127.439 0.71136
128.449 0.787968
129.459 1.303472
130.469 2.834136
131.589 4.048872
132.601 4.042032
133.65 1.655528
134.819 2.888864
138.379 2.112192
139.38 1.719968
140.829 0.569016
146.343 0.393984
147.353 0.489712
148.354 0.276104
151.094 1.05412
152.114 0.23744
153.134 0.333864
154.823 0.745936
155.844 0.53316
156.845 0.682736
158.904 0.710648
164.459 0.38304
165.519 0.446208
166.55 0.564216
167.689 0.70272
168.7 0.162544
171.39 0.483152
172.87 0.551616
174.86 0.49248
175.9 0.205712
176.92 0.32832
177.93 0.361152
178.95 0.130248
180.051 0.284544
181.062 0.175104
182.09 0.076608
196.272 0.109384
197.292 1.58688
198.293 1.734208
199.294 2.342016
200.303 1.978992
201.304 1.99968
202.313 1.9152
203.314 1.914848
204.316 2.167528
205.354 2.091528
206.363 2.05116
207.394 2.09976
208.404 2.070608
209.414 2.062784
