0 0.182952
1.071 0.393728
2.701 0.792432
3.721 0.677816
4.732 0.824376
5.95 0.746496
6.951 0.676912
7.961 0.143888
9.093 0.464064
10.101 0.676304
11.121 0.765
12.221 0.78792
13.232 0.862384
14.241 0.864944
15.281 0.629624
16.331 0.458232
17.351 1.04704
18.361 0.919656
19.37 0.952008
20.39 1.14988
21.43 1.121112
22.48 1.08564
23.56 0.974752
24.64 0.6374
25.651 0.58368
26.669 0.44824
27.679 0.477928
28.799 0.662192
29.8 1.144376
30.811 0.744032
31.9 0.714696
32.918 0.783432
34.109 0.524848
35.119 0.153216
36.168 0.131072
37.873 1.545496
39.03 1.434496
40.049 1.226648
41.209 1.22728
42.218 1.230192
43.399 1.229864
44.409 1.107712
45.549 1.093184
46.558 1.064088
47.969 0.5472
48.979 0.760848
49.98 1.12236
50.981 0.874808
51.988 0.954696
53.089 1.278472
54.108 1.017056
55.339 1.397352
56.35 1.072704
57.358 0.783088
58.528 0.4936
59.529 0.623016
60.538 0.675424
61.548 0.474248
62.558 0.499552
63.568 0.457656
64.578 0.582976
65.768 0.94772
66.789 1.146112
67.938 1.091536
69.018 1.19416
70.159 1.104064
71.168 0.850928
72.348 0.861128
73.368 0.761952
74.387 0.719872
75.398 0.529616
76.468 0.665344
77.488 0.207936
78.508 0.210168
79.557 0.317376
81.167 0.46564
82.168 0.608488
83.178 0.412792
84.197 0.196992
85.377 0.768552
86.397 1.127048
87.398 1.161056
88.507 0.79372
89.557 0.963608
90.737 1.016768
91.747 1.227224
92.757 1.197704
93.759 1.100904
94.767 1.244128
95.768 1.091192
96.777 1.10052
97.907 1.10444
98.917 1.221792
99.927 0.973776
101.057 1.20604
102.067 1.155752
103.297 1.157072
104.337 1.301128
105.366 1.171696
106.367 1.128424
107.376 1.028464
108.377 0.965888
109.378 1.194944
110.386 1.093152
111.387 1.131944
112.397 0.90084
113.407 0.522344
114.416 0.848096
115.437 1.039352
116.446 1.078128
117.448 1.156544
118.616 1.480776
119.786 1.575184
120.937 1.119144
121.947 0.968824
123.017 1.11708
124.027 1.00984
125.037 0.966224
126.038 0.88156
127.047 0.950336
128.067 1.072016
129.077 1.029448
130.086 0.898256
131.105 0.806344
132.106 1.048896
133.235 1.118168
134.396 1.340688
135.636 1.013144
136.755 1.173808
137.756 0.996112
138.757 1.034552
139.976 1.16604
140.977 1.13736
141.996 1.161568
143.006 1.08256
144.015 0.876136
145.036 1.142664
146.185 1.202136
147.195 1.007616
148.206 1.073568
149.345 1.18392
150.346 1.094296
151.347 1.02008
152.356 1.006632
153.515 1.200072
154.516 1.009112
155.525 1.123608
156.926 1.023144
157.935 0.959304
159.065 1.29496
160.265 1.170112
161.435 1.105184
162.575 1.029872
163.616 1.056128
164.775 1.145544
165.964 1.0282
167.054 0.958056
168.064 0.721208
169.074 0.932936
170.104 0.761744
171.113 0.448616
172.144 0.57904
173.154 0.799496
174.274 0.939776
175.334 1.048024
176.343 1.347264
177.522 1.398088
178.523 1.081016
179.713 0.928936
180.853 1.376048
182.063 1.216632
183.073 0.771856
184.084 0.869112
185.087 1.204704
186.089 1.12496
187.093 1.061424
188.094 0.696912
189.193 0.749056
190.203 0.412408
191.204 0.42416
192.223 0.472808
193.232 0.32832
194.273 0.131072
195.377 0.049744
203.434 0.51784
204.525 0.63484
205.535 0.687544
206.585 1.006888
207.835 1.006296
208.836 1.355824
209.837 1.318192
