0 0.120384
1.02 0.131328
2.124 0.142272
3.148 0.142272
4.18 0.153216
5.204 0.142272
6.264 0.16416
7.285 0.11904
8.305 0.132672
9.384 0.11904
10.405 0.143616
11.424 0.153216
12.48 0.142272
13.484 0.128576
14.5 0.13408
15.58 0.131328
16.68 0.196736
24.444 0.77088
26.784 0.098496
27.82 0.131328
28.944 0.131328
29.98 0.120384
31.0 0.131328
32.144 0.120384
33.284 0.120384
34.381 0.120384
35.664 0.10944
36.82 0.11904
37.964 0.067008
39.1 0.087552
40.2 0.065472
41.244 0.0768
42.444 0.05472
43.524 0.05472
44.724 0.043776
55.524 0.809856
56.528 0.087552
57.608 0.175104
58.708 0.142272
59.892 0.153216
61.028 0.16416
62.068 0.092096
63.968 0.10944
65.008 0.153216
66.128 0.175104
67.268 0.186048
68.429 0.186048
69.688 0.153216
70.704 0.142272
71.708 0.140928
72.928 0.198336
73.964 0.142272
75.088 0.16416
76.108 0.16416
77.148 0.16416
78.268 0.131072
85.885 1.0992
87.088 0.153216
88.148 0.16416
89.185 0.16416
90.224 0.16416
91.269 0.16416
92.288 0.16416
93.344 0.16416
94.377 0.16416
95.429 0.16416
96.464 0.16416
97.484 0.16416
98.504 0.159296
99.505 0.15808
100.528 0.16416
101.548 0.153216
102.568 0.16416
103.588 0.16416
104.625 0.16416
105.644 0.16416
106.689 0.15776
108.248 0.142272
109.332 0.131328
110.348 0.175104
111.388 0.153216
112.428 0.175104
113.488 0.153216
114.668 0.186048
115.689 0.120384
116.728 0.186304
117.748 0.15296
118.868 0.153216
119.924 0.175104
121.132 0.186048
122.192 0.153216
123.328 0.153216
124.372 0.131328
125.384 0.131328
126.464 0.16416
127.604 0.142272
128.608 0.131328
129.668 0.142272
130.729 0.037376
132.824 0.065664
133.904 0.120384
134.908 0.087552
135.988 0.142272
137.008 2.703168
138.009 3.616064
139.01 4.189696
140.011 4.765184
141.012 4.397632
142.059 4.951232
143.06 4.721408
144.061 4.397632
145.062 4.852736
146.078 4.3648
147.079 4.896512
148.08 4.58368
149.158 4.513472
150.159 4.3712
151.16 4.222528
152.259 3.681728
153.269 4.283624
154.27 4.1414
155.271 4.174208
156.278 3.456448
157.279 3.922496
158.289 3.824
159.299 4.250816
160.304 3.637952
161.308 3.937984
162.348 3.287744
163.458 3.2768
164.468 3.813056
165.469 2.981312
166.47 3.703616
167.478 4.130432
168.479 3.922496
169.48 3.747392
170.481 3.905152
171.528 4.217984
172.529 4.677632
173.53 4.244416
174.57 3.900608
175.578 3.517568
176.579 3.484736
177.58 3.2768
178.588 3.025088
179.59 3.036032
180.591 3.079808
181.592 2.725056
182.598 2.751488
183.599 2.642048
184.607 2.78432
185.608 2.259008
186.613 2.817152
187.648 2.976768
188.649 2.576384
189.658 2.48884
190.659 2.576384
191.668 2.488832
192.718 2.035584
193.719 1.9088
194.727 1.9152
195.737 1.875968
196.738 2.083904
197.817 1.980864
198.818 1.514816
199.827 1.991808
200.832 2.269952
201.837 1.86048
202.838 1.241216
203.846 1.904256
204.848 1.394432
205.849 1.80576
206.861 1.58048
207.867 1.849536
208.868 3.44096
209.878 2.937536
