0 2.849792
1.008 2.10548
2.148 1.734656
3.149 2.189216
4.15 2.5344
5.158 0.18264
6.168 1.408
7.17 1.948672
8.178 1.265032
9.182 1.91488
10.189 0.779056
11.208 1.959936
12.209 1.454968
13.228 1.374208
14.229 1.46432
15.239 1.915656
16.241 1.713664
17.249 2.095304
18.411 3.04128
19.413 0.758496
20.609 2.5344
21.62 0.424624
22.629 1.588224
23.64 1.461824
24.75 1.284096
25.76 1.362944
26.779 0.451408
27.85 0.540672
29.23 1.108792
30.239 0.856064
31.25 0.822272
32.29 0.300624
33.33 0.484352
34.948 0.934912
35.981 0.174336
37.39 0.05632
42.081 0.011264
45.331 0.033792
46.351 0.16896
47.389 0.630784
48.391 0.643544
49.392 0.819872
50.393 0.790984
51.411 0.977568
52.422 1.104776
53.432 1.158856
54.592 1.185608
55.683 1.127224
56.892 0.45056
57.902 0.781512
58.982 0.540672
60.604 0.80784
61.664 0.878592
62.684 1.09932
63.685 1.269008
64.693 1.240624
65.704 2.202472
66.713 2.230016
67.973 2.091928
68.978 2.032248
69.985 1.700864
70.988 1.197448
72.014 2.1152
73.024 2.774688
74.044 1.557632
75.053 1.076264
76.065 1.144928
77.084 1.597384
78.184 1.768448
79.185 2.385672
80.284 1.906312
81.315 2.399232
82.316 1.068432
83.334 1.205248
84.344 1.1264
85.345 0.928656
86.685 0.671744
88.165 1.557656
89.264 1.329152
90.265 1.748864
91.367 0.540672
92.685 1.507688
93.885 0.2816
95.987 0.495616
96.996 0.259072
97.997 0.16896
99.005 0.969472
100.006 1.347512
101.015 1.356208
102.166 1.38456
103.175 0.68516
104.176 0.828752
105.187 0.825056
106.206 0.775032
107.396 0.720896
108.416 0.291552
109.418 0.855168
110.426 0.947928
111.436 0.912384
112.446 0.76428
113.447 0.918184
114.467 0.626688
115.468 1.230936
116.469 1.05004
117.477 0.903264
118.49 1.18272
119.507 1.310408
120.568 0.66048
121.757 1.490944
122.769 1.015912
123.787 1.160192
124.789 1.11964
125.797 1.211352
126.818 0.698368
127.819 0.850416
128.827 0.822272
129.829 0.609944
130.83 0.78848
131.858 0.534976
132.859 0.889856
133.889 0.618816
134.898 0.799744
135.918 0.664576
136.948 0.238016
138.198 0.671744
141.4 2.012456
142.569 1.712984
143.58 1.345216
144.639 1.509768
145.649 1.096912
146.669 1.37908
147.679 1.117688
148.681 1.356424
149.691 1.49256
150.697 1.14248
151.699 2.445592
152.7 2.753344
153.708 1.689064
154.709 1.435088
155.909 1.729944
156.969 1.340976
157.97 2.084288
158.98 2.287408
159.989 2.379216
160.99 2.880016
162.0 2.537648
163.179 2.423224
164.18 1.991664
165.219 2.588872
166.389 1.88852
167.399 1.028024
168.479 0.667584
169.499 0.21888
170.521 0.142272
171.569 0.153216
172.589 0.350208
173.63 0.131328
174.7 0.07864
175.73 1.543104
176.74 1.57536
177.741 1.24808
178.76 1.575936
179.761 1.305792
180.77 1.37544
181.791 1.0944
182.801 1.0066
183.81 1.050624
184.82 1.043064
185.941 0.590976
186.951 0.175104
187.97 0.175104
189.01 0.21888
190.03 0.142272
191.421 0.481536
192.431 1.050976
193.441 1.494936
194.581 2.375456
195.591 2.062864
196.622 2.25716
197.648 2.200568
198.801 2.708704
199.802 3.222224
200.803 2.56756
201.812 2.945688
202.813 2.099968
203.822 1.690016
204.823 1.498016
205.832 1.59656
206.833 1.686512
207.842 2.410496
208.843 3.126512
209.852 2.392064
