0 0.076608
1.06 0.10944
2.09 0.179048
3.12 0.16416
4.16 0.142272
5.26 0.081328
6.309 0.142272
7.4 0.10944
8.49 0.043776
9.53 0.264128
10.589 0.098496
11.599 0.087552
12.769 0.032832
13.929 0.467296
14.939 0.251712
15.949 0.09428
16.969 0.065664
18.488 0.043776
19.638 0.05472
20.688 0.05472
21.778 0.076608
22.888 0.087552
23.977 0.112112
25.583 0.585672
26.588 0.654136
27.598 1.159952
28.608 0.902312
29.613 0.577024
30.627 0.588232
31.648 0.47652
32.697 0.308872
33.717 0.3238
34.718 0.554152
35.728 0.428928
36.777 0.459264
37.788 0.450448
38.918 0.512904
39.937 0.508672
40.947 0.448704
41.948 0.335752
42.967 0.519576
44.057 0.610968
45.137 0.672632
46.157 0.905616
47.158 0.778712
48.307 0.993584
49.427 1.136872
50.527 1.135232
51.677 0.99272
52.678 0.80996
53.68 1.08488
54.687 1.186552
55.828 0.954664
56.839 0.900336
58.017 0.914856
59.027 0.906304
60.048 0.834072
61.057 0.837952
62.067 0.714376
63.077 0.368576
64.097 0.482424
65.107 0.812152
66.127 1.197
67.137 0.847424
68.147 0.688112
69.148 0.818224
70.327 0.777024
71.329 0.31672
72.337 0.525312
73.347 0.428864
74.356 0.5472
75.407 0.281472
76.427 0.372096
77.446 0.539048
78.447 1.00776
79.456 0.656728
80.457 0.891968
81.466 0.639192
82.486 0.784512
83.496 0.699496
84.514 0.896328
85.516 1.324928
86.526 1.253688
87.666 1.1228
88.667 1.032304
89.668 0.834296
90.836 1.194496
91.886 1.058024
92.896 0.576152
93.946 0.196992
95.016 0.267552
96.076 0.262656
97.085 0.224552
98.106 0.240768
99.156 0.181304
100.336 0.775576
101.346 0.926432
102.356 0.87864
103.375 0.762384
104.376 0.607696
105.396 0.693432
106.406 0.798024
107.416 0.721744
108.436 0.694872
109.437 0.615424
110.446 0.931744
111.455 1.101568
112.506 1.146904
113.515 0.734016
114.525 0.92372
115.605 1.077288
116.715 1.324744
117.724 1.18196
118.725 1.517912
119.726 1.09928
120.734 1.676016
121.894 1.412448
122.914 1.320656
123.965 1.263144
124.966 0.9032
125.975 1.071256
126.984 1.18568
128.044 1.269384
129.045 1.258224
130.095 1.228848
131.224 1.199456
132.264 1.176208
133.284 1.28048
134.324 1.151848
135.394 0.992096
136.395 1.146128
137.404 0.920528
138.454 1.064848
139.484 0.97588
140.486 1.1012
141.494 1.11152
142.504 0.610184
143.514 0.898552
144.515 1.0818
145.524 0.764352
146.534 0.823424
147.754 0.982768
148.762 0.795048
149.772 0.864016
150.773 0.668104
151.802 0.665256
152.812 0.580032
153.822 0.472336
154.842 0.327952
155.852 0.514368
156.871 0.390616
157.872 0.536256
158.892 0.488864
159.912 1.021856
160.913 0.89316
161.933 0.859264
163.012 0.849704
164.041 0.969736
165.091 1.37824
166.231 0.696672
167.241 0.404928
168.271 0.369072
169.471 0.525312
170.479 0.2444
171.48 0.295488
172.49 0.215896
176.389 0.207936
177.408 0.2736
178.439 0.254712
180.78 0.196992
181.8 0.16416
182.809 0.120384
187.928 0.053472
190.689 0.38304
191.699 0.668368
192.708 0.40504
193.718 0.557728
194.748 0.424616
195.778 0.372096
196.799 0.17688
197.808 0.45624
