0 0.832576
1.161 1.477168
2.17 1.340032
3.36 1.684128
4.361 1.326744
5.44 1.78652
6.441 1.534528
7.451 1.90212
8.471 1.628336
9.481 1.6358
10.5 1.725032
11.511 2.074192
12.521 2.500024
13.522 2.396472
14.523 3.133784
15.68 2.426976
16.76 2.9462
17.841 2.799024
18.871 2.922576
19.951 2.590752
21.08 2.509952
22.081 2.84124
23.082 2.824048
24.084 3.055504
25.091 3.156544
26.171 3.197584
27.172 3.849872
28.173 3.316368
29.271 4.308688
30.351 2.85676
31.352 3.069448
32.361 2.786368
33.521 3.2416
34.532 2.32868
35.541 2.155392
36.551 2.194536
37.552 2.495232
38.561 2.144064
39.562 2.283912
40.563 2.29236
41.581 2.68128
42.582 2.120344
43.59 2.363904
44.601 1.62972
45.629 1.69632
46.63 0.824328
47.64 1.718208
48.65 1.437352
49.66 1.510272
50.661 1.212328
51.67 1.812528
52.77 1.794816
53.771 1.338528
54.78 1.415112
55.84 1.630656
56.841 2.06604
57.852 2.452392
58.858 1.615016
59.869 1.386648
60.879 1.707264
61.889 1.617552
62.89 1.999904
63.9 2.046528
64.91 1.846776
65.92 2.418624
66.93 1.163672
67.94 1.488384
68.947 1.389888
69.957 1.157936
71.147 0.820544
74.498 5.618968
75.777 1.521216
76.778 1.926144
77.787 1.373328
78.807 1.761984
79.808 1.812984
80.817 1.772928
81.818 1.318936
82.837 1.444608
83.847 1.333168
84.859 1.904536
85.959 1.608768
86.969 1.125344
87.97 1.685376
88.971 1.497464
89.975 1.539272
91.085 2.210688
92.086 1.702696
93.095 1.825816
94.096 2.298176
95.098 2.136984
96.107 1.652544
97.128 1.193632
98.138 1.575352
99.147 2.112192
100.149 1.760824
101.159 1.791664
102.161 1.951024
103.209 2.374848
104.219 1.740688
105.231 2.976768
106.237 1.868136
107.247 2.976768
108.248 2.116352
109.268 3.303584
110.269 2.221
111.27 2.40128
112.278 2.214328
113.279 2.21084
114.288 1.882368
115.3 1.47728
116.309 2.1888
117.319 2.150928
118.32 2.366096
119.34 2.717472
120.479 2.331072
121.502 1.423136
122.509 1.707264
123.51 1.205208
124.639 0.974016
125.649 0.842688
126.65 1.024856
127.659 1.006848
128.669 1.105344
129.689 0.909728
130.69 1.455552
131.699 0.979552
132.7 1.75104
133.701 1.597528
134.719 1.636424
135.72 1.419288
136.73 1.761664
137.88 1.82728
139.0 1.466496
140.01 1.045288
141.02 1.511312
142.021 1.904368
143.03 1.408384
144.051 2.035584
145.06 1.739432
146.07 1.435152
147.09 1.377552
148.101 1.499328
149.11 1.146744
150.12 1.225728
151.129 1.08788
152.13 1.574224
153.139 1.740096
154.149 1.239712
155.159 1.072512
156.167 0.573816
157.179 0.569088
158.217 0.50916
159.227 0.886464
160.237 0.84124
161.248 1.028736
162.257 0.983144
163.277 1.006848
164.287 0.750592
165.357 0.777024
166.377 0.361152
167.407 0.131072
180.282 1.603192
181.317 0.043776
182.379 0.021888
196.931 0.525312
197.941 0.52396
198.991 0.478472
200.051 0.600344
201.052 0.706312
202.181 0.989512
203.182 1.146224
204.192 1.088072
205.201 1.222328
206.382 1.215648
207.391 1.346112
208.402 1.13076
209.421 0.799992
