0 0.990312
1.08 0.937656
2.081 0.973368
3.28 1.000552
4.3 1.110544
5.311 1.106904
6.33 1.127376
7.54 1.20692
8.55 1.34436
9.57 1.051224
10.571 1.319656
11.59 1.130968
12.592 0.88344
13.599 0.905848
14.6 0.486248
15.629 0.52516
16.68 1.052312
17.8 1.031248
18.901 1.015224
20.059 0.969624
21.248 0.860576
22.259 0.721384
23.269 0.861448
24.278 0.850176
25.288 0.986136
26.448 0.89808
27.459 0.801424
28.468 0.71432
29.607 1.346408
30.608 0.98724
31.647 1.07296
32.648 1.167368
33.649 1.253568
34.657 1.03296
35.797 1.41836
36.798 1.152392
37.957 1.515432
39.057 0.641296
40.118 0.9362
41.128 0.840016
42.237 1.31976
43.358 1.2408
44.359 1.019544
45.368 1.476
46.387 1.033256
47.497 1.0642
48.504 0.951208
49.505 1.017168
50.506 1.079304
51.535 1.162264
52.561 1.382968
53.775 1.264712
55.265 1.18108
56.501 1.2118
57.661 1.1396
58.671 0.960344
59.681 1.153368
60.692 1.328008
61.701 1.054976
62.711 0.920488
63.721 1.157072
64.731 1.113944
65.732 1.030672
66.733 1.003544
67.961 1.093864
69.111 1.574032
70.112 1.064368
71.121 0.679128
72.131 0.960696
73.142 1.194952
74.161 0.723264
75.351 0.742832
76.36 0.82728
77.38 0.59776
78.5 1.187552
79.61 1.4638
80.78 1.169056
81.8 0.504344
82.99 0.845704
83.999 0.529832
85.239 0.67464
86.25 0.352016
87.34 0.744168
88.349 0.53328
89.359 0.869072
90.379 0.578056
91.38 0.928864
92.389 0.67296
93.391 0.98948
94.41 0.85304
95.42 0.786608
96.429 0.912424
97.45 0.84588
98.461 0.931536
99.469 0.884712
100.485 0.800256
101.488 0.35996
102.568 0.562912
103.579 0.558928
104.588 0.409144
105.659 0.885232
106.668 0.917168
107.669 0.956208
108.679 1.192224
109.688 1.146152
110.689 1.165488
111.889 1.142696
112.899 0.95372
113.9 1.146952
114.908 1.092152
115.918 1.023888
116.919 0.937672
118.129 0.996016
119.13 1.002064
120.139 1.02136
121.149 0.992752
122.168 0.927552
123.169 1.038072
124.179 1.069424
125.18 0.963528
126.207 1.069472
127.297 1.075976
128.498 0.971536
129.507 1.043504
130.518 0.99708
131.527 0.988608
132.529 1.110688
133.617 1.166192
134.618 0.815616
135.698 1.115472
137.037 1.130952
138.038 0.842712
139.039 1.217824
140.057 0.77128
141.077 1.228
142.327 1.271288
143.337 1.061248
144.377 1.10488
145.457 1.07176
146.698 1.172896
147.707 0.733368
148.717 1.26436
149.877 1.217008
150.937 1.101152
151.966 0.6112
153.089 0.908592
154.097 0.941136
155.138 1.138568
156.297 1.145352
157.497 1.150888
158.506 0.811584
159.516 0.5402
160.527 0.98952
161.547 0.220624
165.166 0.284544
166.248 0.432488
167.257 0.508512
168.466 0.616352
169.467 0.639184
170.497 0.683008
171.498 0.719696
172.676 0.80308
173.677 0.874192
174.686 0.155848
175.043 0.995232
176.053 1.238984
177.063 1.206152
178.072 0.773392
179.122 0.77016
180.123 0.931776
181.132 0.836656
182.143 0.7734
183.152 0.6878
184.254 1.259232
185.423 0.913312
186.443 0.982632
187.603 1.05868
188.672 1.093864
189.673 1.54768
190.822 1.113344
191.833 1.2152
192.853 1.346992
193.854 1.12388
195.052 1.264048
196.073 1.366944
197.082 1.179448
198.083 1.244344
199.252 1.396232
200.262 1.28076
201.263 0.933792
202.264 1.5146
203.281 0.847976
204.381 1.313888
205.382 1.145928
206.582 1.392048
207.583 1.090696
208.701 1.262424
209.702 1.34544
