0 2.796264
1.01 2.333336
2.011 3.785312
3.02 3.448568
4.03 3.150872
5.031 2.37608
6.119 2.342016
7.121 1.366056
8.122 1.816704
9.129 1.937088
10.13 2.851352
11.131 2.123136
12.139 0.139136
14.96 6.240016
15.979 3.08756
16.98 2.849464
17.99 3.77568
18.991 1.67568
20.009 1.874144
21.019 1.977296
22.02 2.630344
23.021 2.922048
24.03 1.804856
25.04 1.980864
26.041 1.679064
27.048 2.090304
28.049 0.229824
30.018 0.93024
31.019 1.171008
32.028 1.050624
33.029 0.967536
34.038 1.47744
35.058 1.269504
36.068 1.291392
37.069 1.619712
38.078 0.99372
39.089 1.794816
40.098 1.761984
41.099 0.556208
44.978 6.304
45.979 2.760576
46.989 2.864672
48.039 1.772928
49.048 1.20384
50.058 1.396752
51.059 2.270216
52.06 2.834496
53.068 2.018576
54.078 2.124088
55.079 2.187888
56.08 1.553744
57.088 2.065928
58.098 2.309328
59.108 2.056624
60.128 1.913736
61.138 1.625392
62.139 1.802864
63.14 1.616968
64.147 1.611576
65.148 1.25856
66.157 1.404952
67.158 1.26372
68.159 1.783872
69.16 1.758936
70.168 1.59724
71.179 1.47744
72.187 1.671952
73.188 1.932504
74.297 2.156672
75.298 2.172832
76.337 2.07436
77.338 2.153632
78.348 2.075896
79.358 1.42272
80.359 0.97248
81.507 1.499328
82.508 2.318816
83.509 2.604672
84.518 1.862976
85.527 1.827648
86.538 1.405376
87.548 1.996848
88.799 1.783872
89.808 2.13408
90.817 1.619832
91.818 2.254464
92.819 2.615616
93.827 2.036704
94.828 3.0096
95.829 2.151008
96.838 2.79072
97.839 2.081608
98.848 1.563728
99.856 1.02072
100.857 1.772928
101.858 1.644848
102.866 1.472392
103.877 2.123136
104.886 1.464536
105.895 1.80576
106.906 1.758024
107.916 2.170248
108.925 1.859504
109.926 1.528328
110.984 0.777024
112.165 2.18908
113.174 2.20468
114.205 1.619712
115.206 2.342016
116.214 2.52156
117.215 2.495232
118.096 2.149568
119.105 2.105792
120.115 2.07936
121.116 2.226176
122.135 1.810304
123.215 2.068416
124.225 1.689768
125.226 1.904256
126.229 1.263256
127.235 2.090304
128.236 2.094848
129.247 2.193344
130.255 2.4624
131.256 2.051072
132.266 2.29184
133.286 2.385792
134.287 2.062016
135.288 2.193344
136.295 2.177856
137.296 2.116736
138.297 2.817152
139.305 3.0032
140.306 2.762432
141.313 2.155968
142.325 1.460096
143.335 2.57184
144.336 2.543552
145.337 2.94848
146.338 2.29184
147.343 2.105792
148.364 2.539008
149.365 2.302784
150.366 2.379392
151.375 2.609216
152.384 2.703168
153.385 2.379392
154.395 2.171456
155.405 2.576384
156.444 1.893312
157.445 1.613312
158.454 2.177856
159.465 2.116736
160.466 2.160512
161.474 2.210688
162.475 1.569536
163.484 1.674432
164.494 1.733696
165.495 1.893312
166.496 1.700864
167.504 2.379392
168.505 1.838592
169.514 1.74464
170.534 1.926144
171.535 1.985408
172.536 2.149568
173.554 1.96992
174.555 1.810296
175.556 1.926144
176.564 1.821248
177.566 2.24352
178.574 1.9088
179.575 2.007296
180.576 2.385792
181.585 2.280896
182.605 1.9088
183.606 1.96992
184.624 1.624256
185.625 2.013696
186.626 1.985408
187.634 1.79936
188.644 2.451456
189.645 1.985408
190.654 1.882368
191.655 1.47104
192.664 1.685376
193.665 1.449152
194.666 1.816704
195.684 1.41632
196.694 1.564992
197.695 1.284992
198.704 1.291392
199.714 1.105344
200.724 0.86912
201.725 1.127232
202.734 1.03968
203.743 0.573632
204.744 1.072512
205.754 1.050624
206.764 0.580032
207.784 0.37664
208.794 0.623808
209.814 0.503424
