0 1.85408
1.12 1.160064
2.133 0.809856
3.14 0.919296
4.152 0.792512
5.153 1.028736
6.172 0.21888
7.192 0.755136
8.2 0.901952
9.22 1.225728
10.221 1.20384
11.232 0.912896
12.236 1.783872
13.24 0.87552
14.404 0.836288
15.416 1.827648
16.432 1.061568
17.44 0.639296
18.461 0.60192
19.472 0.623808
20.492 1.160064
21.5 0.825344
22.513 1.740096
23.532 1.514816
24.553 1.619712
25.56 1.3616
26.573 0.612864
27.593 0.798912
28.612 0.733248
29.621 0.590976
30.7 0.672128
31.712 0.65664
32.717 0.71136
33.72 0.404928
34.772 0.612864
35.781 0.350208
36.832 0.32192
37.84 0.448704
38.86 0.49248
39.872 0.569088
40.88 0.372096
42.032 0.5472
43.041 0.470592
44.052 0.453248
45.06 0.590976
46.072 0.71136
47.08 0.634752
48.112 0.8208
49.121 0.606464
50.133 0.71136
51.153 0.787968
52.16 0.864576
53.172 0.672128
54.18 0.744192
55.181 0.755136
56.192 0.755136
57.193 0.49248
58.212 0.507968
59.712 0.536256
60.72 0.689472
61.74 0.689472
62.773 0.645696
63.78 0.678528
64.8 0.507968
65.82 0.634752
66.84 0.634752
67.86 0.744192
68.872 0.569088
69.881 0.628352
70.9 0.645696
71.901 0.798912
72.912 0.689472
73.913 0.590976
74.921 0.43136
75.933 0.49248
76.96 0.470592
77.992 0.580032
79.012 0.689472
80.032 0.678528
81.053 0.453248
82.06 0.853632
83.08 0.787968
84.1 0.796608
85.113 0.674432
86.12 0.689472
87.132 0.831744
88.14 0.787968
89.153 0.825344
90.172 0.71136
91.173 0.787968
92.18 0.744192
93.193 0.87552
94.2 0.770624
95.213 0.689472
96.22 0.65664
97.232 0.886464
98.233 0.70496
99.24 0.76608
100.272 0.43776
101.3 0.590976
102.312 0.65664
103.32 0.48608
104.432 0.284544
105.472 0.251712
106.48 0.317376
107.5 0.32832
108.532 0.175104
110.624 0.2736
112.54 0.993216
113.552 0.674816
114.553 0.470592
115.581 0.470592
116.601 1.116288
117.605 1.19744
118.72 0.995904
119.74 1.017792
120.753 1.214784
121.772 0.825344
122.773 1.247616
123.78 1.25216
124.952 0.908352
125.96 0.623808
126.992 0.5472
128.032 0.678528
129.04 0.901952
130.06 1.411776
131.071 1.400832
132.078 0.912896
133.091 1.03968
134.098 0.777024
135.119 0.880064
136.13 1.105344
137.131 0.908352
138.15 0.919296
139.151 0.726848
140.171 1.061568
141.178 0.744192
142.195 0.372096
143.198 0.229824
144.238 0.175104
145.258 0.10304
146.27 0.38304
147.278 0.448704
148.29 0.393984
149.31 0.503424
150.33 0.886464
151.339 0.617408
152.478 0.98496
153.491 1.181952
154.498 1.050624
155.598 0.584576
156.662 0.941184
157.669 0.689472
158.69 0.645696
159.697 0.726848
160.709 0.777024
161.718 0.864576
162.729 0.733248
163.749 0.748736
164.769 0.722304
165.789 0.809856
166.797 0.733248
167.809 0.912896
168.857 0.886464
169.858 0.98496
170.87 0.8208
171.878 0.912896
172.909 1.171008
173.91 1.181952
174.918 0.825344
175.929 0.569088
176.933 0.798912
177.937 0.908352
178.95 0.901952
179.957 0.995904
180.977 0.995904
181.99 1.03968
182.997 0.59552
184.001 1.302336
185.009 0.317376
186.649 0.755136
187.653 0.420416
188.909 0.240768
189.969 0.678528
190.997 0.853632
192.013 0.907328
193.029 0.596544
196.13 0.175104
197.197 0.032832
