0 1.009296
1.01 1.251848
2.011 1.14904
3.17 0.762576
4.2 1.207352
5.211 1.152296
6.22 1.24088
7.221 1.191656
8.23 1.281976
9.24 1.238568
10.25 1.086192
11.251 0.861632
12.259 0.688472
13.26 0.714392
14.28 0.616624
15.29 0.698848
16.3 0.658072
17.309 0.84252
18.319 0.747472
19.32 0.724528
20.43 0.663424
21.439 0.598232
22.45 0.655704
23.46 0.666224
24.463 0.669352
25.48 0.773104
26.66 0.6974
27.67 1.08992
28.68 0.895424
29.69 1.0636
30.7 1.113
31.709 1.127352
32.71 1.084344
33.711 1.002536
34.72 1.104512
35.739 1.019072
36.74 1.054048
37.749 1.339296
38.76 0.909616
39.77 1.186408
40.78 1.235096
41.781 1.112872
42.79 1.327224
43.99 1.525128
45.149 1.320304
46.298 1.55308
47.309 1.424712
48.33 1.483336
49.338 1.170376
50.349 1.484448
51.528 1.316952
52.537 1.375424
53.538 1.543664
54.539 1.237224
55.609 1.686864
56.627 1.314888
57.679 1.190576
58.737 1.254592
59.758 1.422072
60.767 1.205744
61.907 1.281024
62.908 1.346208
63.948 1.828992
64.968 1.306536
65.969 1.646008
66.978 1.22092
67.988 1.678376
68.997 1.592888
70.008 1.292432
71.137 1.332048
72.138 1.120144
73.208 1.274584
74.217 1.326448
75.397 1.415448
76.598 1.680256
77.606 1.482936
78.608 1.448184
79.728 1.511352
80.867 1.4822
81.957 1.184024
83.007 1.412896
84.118 1.555712
85.127 1.424896
86.298 1.532424
87.307 1.296688
88.417 1.376632
89.597 1.295
90.608 1.060376
91.609 1.33648
92.688 1.273864
93.696 1.195184
94.697 1.111856
95.706 0.987232
96.716 1.13312
97.726 0.960272
98.736 1.133672
99.756 0.967224
100.766 0.96672
101.926 0.81944
103.086 0.922624
104.245 1.154912
105.314 1.208744
106.494 1.31452
107.554 1.237576
108.644 1.216608
109.704 1.134232
110.833 1.022336
111.945 1.041328
113.104 0.821872
114.112 0.51784
115.172 0.283424
116.433 0.207936
118.263 0.664208
119.392 0.38304
120.393 0.299816
121.413 0.466512
122.463 0.38304
123.492 0.262656
124.553 0.20068
125.616 0.503424
126.662 0.14016
127.672 0.415872
128.692 0.083064
128.938 1.4278
129.939 2.02464
130.948 1.352512
131.978 1.53784
132.979 1.1998
134.002 1.251208
135.056 1.434328
136.067 1.381
137.146 1.755968
138.296 1.788208
139.297 1.835688
140.306 2.11524
141.317 2.168656
142.327 2.6252
143.328 2.711608
144.337 3.979632
145.338 2.06068
146.343 1.597112
147.353 1.66552
148.363 1.597824
149.373 1.487808
150.374 1.324688
151.379 1.557504
152.499 1.740096
153.5 1.441104
154.509 1.586632
155.53 2.0718
156.653 1.904256
157.662 1.543456
158.663 1.688288
159.673 2.688632
160.674 2.946864
161.677 2.375624
162.717 2.466808
163.718 2.39756
164.887 2.24352
165.908 2.206896
166.909 2.542344
167.91 2.94732
168.911 2.110712
169.917 3.018624
170.918 2.878272
171.92 2.576152
172.921 2.924776
173.922 2.364664
174.923 2.602384
175.93 2.627472
176.935 2.689016
177.936 3.389168
178.937 3.552128
179.945 3.86368
180.955 3.705832
181.959 3.549296
183.11 3.021888
184.18 2.812608
185.181 2.17132
186.19 1.969888
187.191 2.04584
188.281 2.604672
189.291 2.136536
190.302 2.44604
191.303 2.775456
192.319 1.214784
193.328 1.328048
194.489 2.199744
195.49 2.782848
196.902 2.641272
197.909 2.04336
198.91 2.068416
199.918 1.58528
200.919 1.904256
201.929 1.572152
202.931 2.221632
203.932 2.425328
204.942 1.491928
205.943 2.670336
206.951 2.151304
207.952 1.992336
208.953 2.31916
209.963 2.801664
