0 0.60192
1.03 0.2956
2.04 0.251712
3.28 0.37168
4.29 0.59972
5.312 0.472368
6.32 0.423408
7.331 0.534024
8.34 0.718944
9.341 0.58552
10.359 0.527856
11.371 0.251712
12.42 0.327056
13.43 0.467936
14.454 0.21888
15.5 0.412232
16.52 0.367728
17.57 0.272224
18.61 0.325912
19.73 0.47456
20.808 0.503488
21.977 0.359216
22.998 0.240192
24.158 0.38304
25.168 0.473184
26.178 0.142272
27.208 0.105776
28.298 0.49248
29.308 0.37884
30.328 0.284544
31.348 0.445864
32.388 0.624896
33.389 0.832344
34.398 0.89364
35.418 0.798296
36.438 0.638304
37.448 0.752112
38.628 0.612864
39.648 0.544344
40.688 0.967984
41.768 0.984504
42.788 0.759152
43.808 0.832384
44.818 0.654072
45.827 0.838296
46.888 1.012704
47.988 0.667752
49.008 0.434416
50.048 0.317592
51.098 0.406512
52.128 0.901464
53.248 0.988656
54.288 0.032832
54.33 0.92052
55.343 1.718208
56.352 2.105728
57.361 0.907264
58.363 0.973624
59.37 1.05952
60.381 1.108936
61.61 1.270176
62.8 1.022736
63.801 1.320304
64.82 1.103248
65.83 1.149232
66.926 1.456872
67.931 1.447656
68.94 1.192464
69.95 1.221424
71.0 1.083856
72.009 0.926536
73.019 0.86716
74.029 1.14904
75.03 1.3446
76.039 1.231208
77.04 1.090304
78.089 0.32832
79.099 0.461696
80.129 0.459648
81.149 0.212704
82.169 0.251712
83.239 0.229824
84.269 0.290832
85.409 0.580032
86.419 0.439096
87.459 0.623808
88.469 0.295488
89.769 0.24116
90.788 0.612864
91.799 0.633656
92.809 0.60192
93.819 0.623056
94.829 0.875072
96.018 0.76608
97.028 0.446512
98.047 0.744192
99.048 0.579656
100.078 0.729232
101.318 0.963072
102.328 0.722912
103.348 0.835424
104.368 0.809856
105.378 0.625512
106.387 0.611664
107.406 0.645696
108.407 0.637416
109.417 1.098576
110.427 1.04764
111.436 1.272776
112.456 0.738928
113.465 0.72924
114.645 0.818968
115.765 1.189784
116.866 1.167632
117.867 1.326416
119.055 1.267752
120.065 0.813992
121.066 0.78432
122.067 0.760856
123.086 0.809872
124.095 0.851824
125.165 0.981464
126.295 1.006848
127.326 0.589208
128.336 0.928312
129.337 0.833288
130.345 0.985864
131.355 0.679784
132.365 0.893696
133.514 0.831184
134.574 1.31328
135.584 0.721584
136.594 0.746184
137.644 0.842688
138.664 0.73636
139.674 0.755136
140.694 0.662976
141.704 0.645696
142.724 0.405272
143.755 0.536256
144.774 0.503424
145.784 0.372296
146.795 0.525312
147.804 0.393984
148.854 0.292296
149.874 0.590976
150.904 0.459648
151.915 0.098496
153.194 0.186048
154.195 0.765144
155.204 0.590976
156.236 0.371952
157.255 0.284544
158.275 0.131328
159.444 0.120384
160.694 1.036504
161.695 1.021
162.704 1.086048
163.884 0.908352
164.894 0.692752
165.904 0.689472
166.935 0.374304
167.955 0.21888
168.966 0.207936
169.984 0.569088
171.013 0.736632
172.014 0.789584
173.063 0.943224
174.073 0.783672
175.083 1.014456
176.093 0.621336
177.115 0.672928
178.134 0.699008
179.143 0.84416
180.223 1.105344
181.233 0.921808
182.242 1.253992
183.473 1.072512
184.482 0.88752
185.492 0.83604
186.511 0.87472
187.513 1.620872
188.522 1.138752
189.523 1.208344
191.092 0.481536
192.162 0.48876
193.172 0.690784
194.191 0.809856
195.202 0.341616
196.442 0.525312
197.472 0.65664
198.492 0.620544
199.501 0.755136
200.502 0.891944
201.511 1.199696
202.521 1.174712
203.541 1.247864
204.552 1.0986
205.702 1.24312
206.752 1.238712
207.76 1.305784
208.761 1.464304
209.762 1.648272
