0 1.277368
1.21 1.581384
2.22 1.395872
3.23 1.23904
4.242 0.967872
5.26 0.90112
6.271 1.0428
7.321 1.367824
8.331 1.734664
9.341 1.296928
10.351 0.960896
11.371 1.047552
12.382 1.1204
13.562 1.081344
14.572 0.777216
15.592 0.498944
16.612 1.57696
17.622 0.408504
19.144 0.495616
20.253 2.006288
21.262 1.330304
22.323 1.57696
23.333 0.765664
24.343 1.425512
25.344 1.36812
26.415 1.09956
27.424 1.34628
28.445 1.912072
29.453 1.520936
30.465 1.211568
31.474 1.773432
32.475 1.579416
33.485 1.289304
34.504 1.690064
35.524 1.871112
36.565 2.070984
37.575 1.891816
38.795 1.771112
39.796 1.554432
40.797 1.4964
41.805 1.748672
43.235 1.861728
44.246 1.92744
45.247 1.846632
46.496 2.568192
47.516 1.461592
48.576 2.207744
49.667 1.496584
50.898 1.790976
51.907 1.647752
53.147 1.115136
54.148 0.50688
56.188 2.095104
57.189 1.975368
58.208 2.139744
59.217 1.716672
60.238 1.739936
61.307 1.91488
62.308 1.005432
63.318 1.07008
64.328 0.830136
65.698 2.10676
66.699 1.284096
67.7 0.900232
68.708 1.633024
69.789 1.847296
70.799 0.972672
71.819 0.585728
72.829 0.709632
73.838 1.1642
74.839 1.496296
75.84 1.52284
76.909 1.441792
77.919 1.250352
78.98 2.390792
79.989 1.366816
81.011 2.497024
82.019 1.892352
83.02 1.970816
84.022 2.433024
85.029 1.422304
86.03 2.030128
87.041 2.2528
88.042 2.126608
89.051 2.444288
90.06 1.99784
91.061 2.523136
92.081 2.061664
93.082 2.320384
94.083 2.144752
95.091 2.45252
96.261 1.959936
97.362 1.574216
98.391 2.342912
99.393 2.015784
100.394 2.658304
101.402 1.96224
102.404 2.14016
104.302 1.167016
105.303 2.455552
106.312 1.61252
107.313 1.903616
108.323 1.453056
109.343 1.498112
110.353 0.716952
112.123 1.63328
113.124 0.585728
114.133 0.439296
115.263 0.89992
116.264 1.002496
117.274 0.646664
118.284 0.95744
119.304 1.329152
120.314 0.756336
121.315 1.284096
122.334 0.883328
123.674 1.77528
124.924 1.025024
125.925 1.076544
126.985 1.5838
128.275 0.608256
129.276 1.18964
130.285 1.394944
131.436 1.509376
132.446 1.263952
133.448 1.367792
134.456 1.568752
135.511 2.185216
136.516 1.58456
137.526 1.169424
138.527 1.694592
139.537 1.813504
140.547 1.409608
141.567 1.223464
142.587 1.227776
143.617 1.116672
144.728 1.622016
145.737 0.920976
146.738 1.171456
147.748 0.367904
148.768 0.315392
149.777 0.799744
150.788 1.779712
151.798 0.62784
152.808 1.803624
153.958 0.529408
155.04 0.968704
156.058 0.715232
157.079 0.416768
158.208 1.543168
159.219 0.774888
160.239 1.148928
161.24 0.713064
162.521 1.512152
163.53 1.261568
164.539 1.05624
165.61 1.430528
166.64 1.146224
167.65 1.59884
168.822 1.790976
169.831 0.895432
170.861 1.376504
171.94 0.9624
172.97 1.044904
174.202 1.264384
175.401 0.991232
176.411 0.642048
177.441 0.574464
178.461 0.608256
179.462 0.45056
180.481 0.208672
181.501 0.371712
182.522 0.16896
186.132 0.90112
187.222 0.202752
188.252 0.090112
190.813 0.157696
191.853 0.11264
192.873 0.1536
193.963 0.351096
194.973 0.101376
196.525 0.101376
197.604 0.11264
198.944 0.090112
200.153 0.067584
202.203 0.418448
203.213 0.349184
204.233 0.351488
205.234 0.518144
206.454 0.090112
207.514 0.271904
208.524 0.907256
209.535 0.722768
