0 1.0048
1.1 1.2292
2.11 0.854752
3.12 1.223984
4.121 1.131264
5.24 1.76632
6.25 1.32132
7.26 1.940136
8.28 1.827216
9.281 1.650472
10.41 1.802168
11.411 1.963576
12.421 1.908096
13.43 1.933104
14.441 1.6258
15.45 1.62684
16.62 1.654072
17.64 1.725928
18.65 1.68584
19.661 1.138176
20.701 0.900864
21.721 1.58688
22.751 1.222224
23.752 1.575688
24.909 1.729152
25.92 1.447992
26.93 1.565344
27.939 1.797728
28.979 2.21804
30.169 2.191728
31.272 2.173472
32.43 2.270568
33.599 1.875832
34.6 1.883736
35.63 2.002208
36.632 1.920736
37.64 1.690064
38.65 2.131128
39.729 1.7716
40.73 1.958976
41.739 1.650624
42.74 2.287296
43.741 1.1206
44.749 0.229824
45.93 2.191528
47.069 1.072512
48.07 2.200504
49.08 2.875984
50.269 2.835408
51.273 3.061112
52.28 3.028016
53.29 2.6
54.46 3.086656
55.55 2.917864
56.6 3.126432
57.61 3.629456
58.619 3.196992
59.62 4.3054
60.629 4.190832
61.79 3.89852
62.8 3.255896
63.801 3.377376
64.802 3.155696
65.811 2.5968
66.812 2.451456
67.82 2.203512
68.821 1.922976
69.83 1.902656
70.84 2.40768
71.841 1.59404
72.85 1.849536
73.86 1.302336
74.87 0.882224
75.88 1.488384
76.9 0.32832
78.282 1.480984
79.301 2.177856
80.302 1.822984
81.32 1.56552
82.33 2.35296
83.331 1.509304
84.34 1.466496
85.341 1.309216
86.352 1.701248
87.48 1.893312
88.491 1.547536
89.492 1.718208
90.5 1.937088
91.51 1.219368
92.53 1.358512
93.68 1.455552
94.69 0.997112
95.691 1.685376
96.7 1.828448
97.711 1.892312
98.721 1.751848
99.87 1.455552
100.881 1.34656
101.891 0.864576
102.9 0.755136
103.91 0.733248
104.92 0.538608
105.93 0.744192
106.951 0.755136
107.96 0.603904
108.99 0.93024
110.011 0.87552
111.02 0.968888
112.171 1.608768
113.18 1.309384
114.181 1.661544
115.283 1.619712
116.291 1.283304
117.301 0.962088
118.311 1.663488
119.312 0.929216
120.331 0.93024
121.34 0.963072
122.341 0.240768
123.37 1.163352
124.381 2.3344
125.911 1.423088
126.912 1.453608
127.931 0.769544
129.181 1.69632
130.182 2.121232
131.201 0.742296
132.491 0.787968
133.501 0.580032
134.503 1.017792
135.521 1.13488
136.522 1.783872
137.531 1.172792
138.542 1.280448
139.551 0.912
140.562 1.194104
141.591 1.585616
142.622 1.94324
143.623 2.169808
144.631 1.589216
145.751 1.357056
146.752 1.5092
147.763 1.903384
148.772 1.502216
149.781 0.645696
150.801 0.76608
151.811 0.580032
152.831 1.057088
153.851 1.58688
154.852 1.564992
155.853 1.262696
156.861 1.433664
157.877 1.302336
158.881 0.581024
159.882 0.864576
160.892 1.111032
161.901 1.338584
162.912 1.359968
163.973 1.378944
164.974 2.440368
165.975 2.231688
167.142 2.175584
168.143 2.130928
169.182 2.28952
170.183 2.484288
171.191 1.611752
172.202 1.827296
173.371 1.937088
174.372 1.994088
175.374 2.145024
176.382 1.910856
177.392 2.604672
178.402 2.08876
179.412 1.488384
180.413 1.69788
181.421 2.195008
182.592 2.013696
183.602 1.609624
184.622 1.685376
185.632 1.602744
186.633 2.385792
187.634 1.581784
188.642 1.981504
189.812 1.991808
190.822 1.910296
191.952 2.232576
192.962 1.935472
193.963 2.648448
194.972 1.57152
195.975 2.331072
196.977 1.834496
197.982 2.28936
198.984 1.762416
199.992 1.656832
201.002 2.051696
202.162 2.287296
203.172 2.295312
204.173 2.4488
205.174 1.783872
206.183 0.580032
207.222 1.652544
208.223 0.982552
209.352 2.002752
