0 4.364808
1.002 5.7392
2.018 5.108992
3.019 5.163712
4.028 5.761088
5.029 4.890112
6.038 5.4656
7.039 4.572736
8.04 5.284096
9.108 5.564072
10.109 4.933912
11.118 5.312384
12.119 4.791616
13.128 5.531256
14.137 5.152768
15.138 5.152768
16.139 5.4656
17.148 4.715008
18.158 5.257664
19.159 3.462848
20.167 3.839488
21.168 4.404032
22.177 3.966272
23.178 4.119488
24.179 3.92704
25.187 4.163264
26.188 4.185152
27.189 3.539456
28.207 4.141376
29.218 4.244416
30.219 4.119488
31.22 4.393088
32.248 4.85728
33.268 5.213888
34.269 4.550848
35.271 5.290496
36.273 4.408576
37.298 5.159168
38.299 4.715008
39.3 4.830848
40.301 4.047424
41.328 5.202944
42.348 4.627456
43.368 5.443712
44.369 4.485184
45.37 4.84164
46.512 2.773528
47.513 5.13728
48.528 3.59872
49.529 5.268608
50.531 4.485184
51.617 5.13728
52.618 4.780672
53.619 5.367104
54.627 4.375744
55.639 5.13728
56.641 4.704064
57.689 5.4656
58.708 4.39764
59.709 5.13728
60.711 4.671232
61.717 5.268608
62.718 4.539904
63.746 5.016896
64.747 4.813504
65.786 5.30144
66.788 4.824448
67.8 5.476544
68.807 4.704064
69.808 4.601024
70.81 4.58368
71.817 5.24672
72.818 4.58368
73.826 4.787072
74.827 5.054272
75.867 5.159168
76.868 4.912
77.869 5.30144
78.877 5.119936
79.879 5.104448
80.88 4.277248
81.881 4.776128
82.886 4.660288
84.006 5.290496
85.007 4.141376
86.008 4.791616
87.009 4.962168
88.01 3.751936
89.035 4.502528
90.046 4.42592
91.047 5.032384
92.049 4.86368
93.053 4.649344
94.055 4.929344
95.056 4.3648
96.135 5.005952
97.136 4.130432
98.146 3.970816
99.166 5.509376
100.167 4.74784
101.168 5.202944
102.176 4.200648
103.185 5.421824
104.186 5.065216
105.187 4.819904
106.188 5.065216
107.189 4.3712
108.195 4.758784
109.276 4.787072
110.277 4.163264
111.285 4.572736
112.286 5.08256
113.287 5.13088
114.288 5.399936
115.289 3.572288
116.295 3.32512
117.475 3.2768
118.546 5.454656
119.547 4.375744
120.555 4.622912
121.556 4.48064
122.586 3.900608
123.596 4.518016
124.597 5.257664
125.598 4.627456
126.605 4.6448
127.606 4.0912
128.607 4.502528
129.608 5.229376
130.695 4.819904
131.696 4.568192
132.704 3.156408
133.715 3.839488
134.805 3.889664
135.806 4.130432
136.815 3.87872
137.816 3.966272
138.817 4.85728
139.819 5.367104
140.821 4.769728
141.826 4.436864
142.827 3.802112
143.836 3.76288
144.837 3.99908
145.839 3.26588
146.877 4.743296
147.878 3.38624
148.884 3.5504
149.885 3.69268
150.904 3.456448
151.905 4.633856
152.906 4.80896
153.915 3.87232
154.916 3.966272
155.917 3.342464
156.925 4.020992
157.926 4.185152
158.927 3.795712
159.935 5.443712
160.936 4.988608
161.937 5.399936
162.938 3.883264
163.997 5.279552
164.998 4.605568
165.999 5.181056
167.002 4.627456
168.004 5.35616
169.005 4.715008
170.006 5.334272
171.008 4.167808
172.014 5.257664
173.015 5.108992
174.016 5.7392
175.017 5.087104
176.034 5.02144
177.104 4.732352
178.105 5.049728
179.194 3.839488
180.204 4.655744
181.205 4.660288
182.251 5.432768
183.252 4.824424
184.254 4.830872
185.269 4.901056
186.272 5.367104
187.285 4.715
188.288 5.542208
189.294 4.922944
190.295 5.202792
191.306 2.521816
192.307 4.550848
193.308 5.060672
194.328 4.441408
195.414 4.436864
196.415 5.268608
197.424 3.948928
198.425 5.443712
199.434 4.069312
200.435 4.513472
201.436 4.031936
202.438 4.649352
203.44 4.984064
204.444 4.485184
205.454 5.115392
206.455 4.911976
207.457 5.575064
208.459 4.85728
209.461 4.940288
