0 1.824376
1.01 0.997712
2.049 1.33288
3.089 1.35612
4.109 1.073368
5.569 1.493912
6.57 1.752144
7.571 1.519048
8.669 1.825712
9.67 1.138824
10.718 1.256848
11.899 1.275976
12.918 1.243392
13.919 1.8028
15.008 2.085448
16.149 2.069176
17.318 1.934704
18.319 1.596584
19.328 1.362912
20.33 1.724952
21.338 1.716976
22.358 2.501352
23.368 1.484248
24.419 1.84508
25.421 1.945696
26.427 1.995656
27.607 1.944232
28.608 2.126656
29.776 2.013848
30.777 1.830072
31.917 1.495896
33.206 1.586184
34.207 2.216344
35.256 2.0592
36.357 1.78228
37.435 1.256736
38.466 1.202008
39.467 1.34852
40.485 1.324272
41.486 1.363008
42.615 1.158592
43.706 1.119376
44.708 1.165232
45.709 1.262136
46.895 1.254256
47.896 1.191688
48.951 1.552624
49.955 1.684888
50.965 1.111816
52.014 1.556936
53.015 1.28252
54.204 1.047968
55.404 1.010376
56.515 1.024216
57.524 1.15264
58.525 1.272456
59.534 1.193752
60.544 1.2778
61.725 1.195144
62.734 1.374752
63.735 1.393328
64.964 1.499816
66.065 1.765808
67.155 1.606952
68.165 1.851496
69.176 2.224648
70.335 1.714728
71.345 1.547768
72.347 1.581032
73.354 0.881704
74.365 0.938928
75.384 1.341984
76.394 0.50048
77.404 0.196992
78.424 0.329856
79.446 0.21888
80.654 0.619056
81.663 0.414728
82.673 0.359248
83.683 0.426816
84.703 0.40208
85.713 0.470456
86.743 0.457216
87.753 1.10444
88.763 0.43988
89.823 0.810184
90.833 1.102976
91.842 1.123376
93.203 0.959576
94.213 1.186024
95.214 1.049696
96.348 1.243536
97.353 0.86152
98.536 1.049144
99.543 0.99956
100.553 0.929144
101.563 0.743488
102.572 0.828408
103.593 0.977456
104.603 0.6538
105.692 0.780384
106.703 0.797008
107.705 0.675312
108.713 0.61748
109.723 0.718992
110.743 0.551152
111.753 0.818664
112.923 0.659664
113.924 0.552416
114.943 0.490976
115.963 0.49248
116.982 0.508184
117.992 0.655256
119.228 0.9814
120.363 0.86948
121.372 1.084928
122.373 1.100296
123.374 1.26256
124.473 0.829616
125.486 0.123792
127.902 0.372096
128.912 0.560736
130.052 0.472912
131.068 0.60732
132.082 0.742952
133.084 0.404152
134.123 0.08468
135.152 0.458208
136.392 0.426816
137.394 0.428536
138.404 0.330344
139.432 0.306136
140.444 0.393984
141.462 0.4518
142.472 0.76608
143.623 0.946368
144.642 0.861696
145.652 1.16348
146.653 1.135216
147.672 0.966352
148.673 1.07324
149.704 1.205664
150.712 0.983024
151.713 0.719416
152.722 1.326496
153.723 0.997384
154.724 0.847232
155.732 1.006144
156.742 0.966296
157.743 1.391776
158.744 1.204744
159.752 1.180032
160.793 1.562352
161.794 0.818408
162.842 1.375384
163.952 1.332136
164.962 1.151368
165.973 1.498384
167.075 1.481984
168.161 1.512416
169.162 1.397144
170.17 1.019696
171.281 0.989232
172.301 1.06028
173.311 1.300112
174.322 1.229008
175.431 0.91936
176.451 0.990264
177.471 0.68776
178.511 0.84216
179.521 0.902568
180.531 0.932352
181.532 0.748872
182.561 0.721528
183.571 0.595336
184.58 0.57048
185.591 0.802856
186.601 0.826992
187.611 0.80656
188.621 0.642216
189.731 0.532888
190.76 0.350208
192.36 0.544696
193.37 1.006736
194.38 0.792872
195.381 0.95732
196.43 1.179376
197.431 0.965504
198.439 1.008576
199.44 0.996184
200.441 0.66932
201.73 0.743904
202.769 0.649296
203.849 1.011896
204.869 0.818064
205.889 0.495664
206.909 0.543384
207.949 0.853632
208.95 0.77572
