0 0.618952
1.185 0.789216
2.195 1.020432
3.205 0.918832
4.215 0.77536
5.225 0.784072
6.346 0.689472
7.356 0.674424
8.366 0.594288
9.386 0.615328
10.646 0.689472
11.666 0.590184
12.686 0.481536
13.706 0.23352
14.716 0.700416
15.726 0.49604
16.746 0.65608
17.896 0.97448
18.947 1.329976
19.948 1.503264
20.956 1.329776
21.957 1.158024
22.965 1.289376
23.976 1.421376
24.985 1.308344
26.095 1.466496
27.096 1.323472
28.097 1.068928
29.104 1.0838
30.305 1.740096
31.314 1.082296
32.323 1.269504
33.334 0.49524
34.343 0.448704
35.433 0.580032
36.434 0.986024
37.443 1.124272
38.444 1.31708
39.445 1.21256
40.644 1.138176
41.654 0.960624
42.662 0.838968
43.832 0.71136
44.852 0.67692
45.872 0.645696
46.882 0.906752
48.07 1.14912
49.09 0.52476
50.1 0.525312
51.11 0.481536
52.16 0.35416
53.35 0.470592
54.36 0.131072
55.441 1.261384
56.45 0.878512
57.46 1.140208
58.461 1.061032
59.57 0.80044
60.571 0.881072
61.58 1.066128
62.581 0.915928
63.59 0.932504
64.79 1.020992
65.801 1.225968
66.9 1.521216
67.91 1.255688
68.911 1.21644
69.913 1.267432
70.921 1.309136
71.933 1.588736
73.14 1.52148
74.35 1.521736
75.54 1.490576
77.14 1.444608
78.15 1.016024
79.17 1.47744
80.179 1.01668
81.18 1.303128
82.36 1.564992
83.37 1.224376
84.38 1.4688
85.56 1.499328
86.69 0.68924
87.79 0.842688
88.921 0.794184
89.93 1.105344
90.94 0.885832
91.944 1.236672
92.96 0.928896
93.97 1.346112
94.981 0.956792
95.99 1.324224
97.0 1.0462
98.001 1.195304
99.151 1.510272
100.153 1.5244
101.321 1.69632
102.33 1.289496
103.341 1.772928
104.351 1.338496
105.352 1.431848
106.391 1.564992
107.4 0.691824
108.58 0.448704
109.67 0.251712
110.84 0.383952
111.945 0.470592
112.97 0.514368
114.0 0.368832
115.03 0.426816
116.066 0.131072
118.222 0.789912
121.1 0.87016
122.11 0.570112
123.12 0.717672
124.13 0.358336
125.14 0.768048
126.141 0.758512
127.318 0.8826
128.429 0.944672
129.548 0.8648
130.549 0.864576
131.558 0.52076
132.568 0.744192
133.578 0.38304
134.628 0.269928
135.728 0.864576
136.738 0.843248
137.749 0.78088
138.758 0.741536
139.839 1.236672
140.898 1.807008
141.899 2.393416
142.907 1.727784
143.938 2.209064
144.985 2.406608
145.986 2.15864
146.987 2.484208
147.994 2.622312
148.997 1.813512
150.005 1.740864
151.013 1.980864
152.023 1.666024
153.024 2.226784
154.033 1.882368
155.034 1.71072
156.043 2.038768
157.044 1.761984
158.052 1.343008
159.062 2.67496
160.273 2.983256
161.472 2.615616
162.712 1.833904
163.713 1.569192
164.772 1.991808
165.792 1.863568
166.793 2.07936
167.802 1.661088
168.807 1.887032
169.812 2.177856
170.822 1.905376
171.825 1.863464
172.832 2.363904
173.833 1.723184
174.844 2.22488
175.852 2.391784
177.003 2.24352
178.004 2.037408
179.013 2.435344
180.132 2.331072
181.143 1.828296
182.153 2.035584
183.163 1.584328
184.168 2.254464
185.197 1.592688
186.198 1.705072
187.217 2.145024
188.218 1.997536
189.23 3.139384
190.231 3.261312
191.232 2.80492
192.24 2.549208
193.38 3.17376
194.382 2.90012
195.401 2.360384
196.42 2.343808
197.56 2.484288
198.561 2.377208
199.562 2.684744
200.67 2.776824
201.671 3.10596
202.675 2.809504
203.679 3.275168
204.889 3.596864
205.893 3.8682
206.898 2.412392
207.909 2.77384
208.91 2.735472
209.969 3.493928
