0 0.172544
1.064 0.16176
2.18 0.16176
3.24 0.16176
4.302 0.172544
5.359 0.140192
6.362 0.16176
7.458 0.118624
12.178 0.70096
13.498 0.118624
14.603 0.10784
15.738 0.118624
16.818 0.10784
17.938 0.118624
18.958 0.16176
20.158 0.140192
22.566 0.343552
24.582 0.086272
25.602 0.140192
26.623 0.129408
27.738 0.16176
28.754 0.129408
29.774 0.129408
30.794 0.140192
31.858 0.140192
32.938 0.10784
40.278 0.690176
42.074 0.043136
43.078 0.064704
45.074 0.075488
46.454 0.05392
47.939 0.032352
49.214 0.021568
52.259 0.064704
53.298 0.075488
54.522 0.118624
55.722 0.10784
56.742 0.097056
57.822 0.131072
63.919 0.2248
65.042 0.05392
66.062 0.246496
68.238 0.064704
69.247 0.05392
70.302 0.064704
71.398 0.064704
72.499 0.086272
73.618 0.075488
74.822 0.064704
75.943 0.075488
77.098 0.064704
78.102 0.075488
79.183 0.064704
80.298 0.075488
81.702 0.075488
82.721 0.097056
83.741 0.086272
84.841 0.075488
85.977 0.064704
87.061 0.086272
88.157 0.075488
96.721 0.280384
97.781 0.48528
100.157 0.075488
101.282 0.064704
102.461 0.097056
103.561 0.075488
104.637 0.075488
105.641 0.075488
106.677 0.075488
107.718 0.075488
108.721 0.075488
109.741 0.075488
111.077 0.075488
112.101 0.064704
113.201 0.05392
114.257 0.097056
115.361 0.055096
116.477 1.872648
117.481 2.732768
118.482 1.627936
119.491 1.276408
120.5 1.590472
121.501 1.46716
122.511 1.063624
123.512 1.670512
124.521 1.989824
125.621 2.124456
126.622 2.353032
127.631 2.801232
128.632 2.649264
129.752 2.467
130.762 1.958832
131.872 2.917192
132.873 2.492352
133.874 2.133368
134.882 1.81816
135.883 1.860944
136.892 1.707264
137.893 1.688832
138.894 1.846032
139.903 1.739848
141.033 1.236672
142.043 0.999288
143.113 1.181952
144.123 0.95248
145.223 1.291392
146.224 1.00976
147.234 1.652544
148.244 1.539512
149.254 1.228656
150.264 1.554048
151.265 1.856096
152.266 1.909416
153.275 1.908664
154.276 2.047352
155.285 1.76752
156.475 2.221632
157.485 2.006088
158.486 1.521216
159.496 1.185336
160.636 1.58688
161.645 1.191416
162.646 1.181952
163.666 0.807936
164.796 1.302336
165.797 1.618432
166.806 1.679072
167.817 1.881056
168.827 1.357056
169.836 1.509008
170.847 2.047664
171.857 2.417864
173.057 2.768832
174.058 2.632832
175.059 3.349312
176.06 2.63332
177.068 2.579232
178.078 2.567888
179.089 1.96032
180.099 2.40768
181.1 1.197304
182.108 1.652544
183.109 1.56496
184.12 2.144336
185.308 2.812608
186.309 1.70972
187.31 1.559576
188.311 2.68128
189.32 1.921824
190.33 1.864304
191.331 2.112192
192.341 2.126208
193.342 2.123136
194.35 1.940856
195.351 1.76976
196.361 2.07776
197.48 2.484288
198.49 1.736312
199.491 2.02464
200.492 1.626416
201.501 2.396736
202.502 2.455
203.504 2.271688
204.505 2.287824
205.511 2.64748
206.522 2.7976
207.582 2.07936
208.584 1.613696
209.592 1.843024
