0 1.597824
1.001 1.564992
2.012 1.071768
3.02 1.357056
4.031 1.368
5.04 1.29404
6.061 1.718208
7.062 1.44608
8.1 1.488384
9.11 1.433664
10.121 1.218872
11.131 0.907088
12.14 1.050624
13.142 1.768136
14.143 2.391024
15.259 2.581712
16.261 2.461528
17.281 2.782664
18.292 2.983232
19.301 2.389928
20.302 1.444608
21.31 0.853632
22.371 2.146016
23.373 1.802752
24.401 1.543104
25.411 1.25996
26.611 1.138176
27.702 1.619712
28.713 1.02376
29.731 1.20384
30.761 0.448704
31.781 0.435608
32.991 1.6416
34.0 1.784448
35.001 2.318664
36.002 2.482016
37.004 1.682224
38.011 1.57816
39.021 2.108224
40.022 1.765304
41.031 1.25856
42.081 0.607456
43.091 1.499328
44.092 1.101584
45.093 1.597824
46.112 1.515656
47.114 1.677872
48.121 1.926144
49.131 1.143336
50.141 1.280448
51.151 0.831064
52.152 0.98496
53.161 0.776672
54.361 1.105344
55.362 1.62664
56.371 1.361976
57.422 2.528064
58.423 2.722904
59.424 2.676168
60.431 2.306016
61.444 2.0096
62.451 1.389888
63.472 1.512336
64.481 1.751472
65.932 1.864768
66.971 2.106416
67.972 2.64552
69.413 2.834496
70.415 2.4488
71.422 2.604672
72.423 1.901848
73.432 2.51712
74.434 2.287688
75.45 2.189904
76.531 2.604672
77.532 2.32244
78.602 0.2624
80.312 5.551952
81.322 2.145024
82.332 2.030808
83.512 2.320128
84.514 2.282608
85.522 1.935432
86.532 2.385792
87.541 2.084528
88.542 1.828296
89.543 2.256384
90.602 1.718208
91.604 1.707368
92.612 2.522104
93.792 2.046528
94.793 1.88112
95.812 1.448608
96.832 0.05472
98.294 2.035584
99.302 1.563352
100.303 1.695736
101.313 1.95884
102.314 2.126408
103.322 2.182048
104.333 2.670336
105.334 1.931896
106.342 2.03612
107.343 1.875688
108.344 2.139848
109.354 3.075264
110.355 2.370208
111.362 2.539008
112.363 2.549952
113.373 2.114776
114.374 2.256736
115.375 2.07936
116.382 1.343664
117.383 1.378944
118.393 0.908528
119.394 1.58688
120.402 1.239448
121.412 2.068416
122.413 1.69548
123.422 1.833312
124.423 1.761984
125.433 1.201544
126.442 0.525312
127.443 1.192896
128.444 2.33464
129.633 2.4624
130.634 2.155968
131.642 1.884312
132.643 1.789704
133.652 1.783872
134.653 1.188808
135.654 2.005024
136.834 1.488384
137.862 0.661096
139.093 2.244296
140.233 3.611528
141.234 4.185192
142.414 3.628488
143.423 2.39696
144.424 3.011112
145.463 3.345776
146.465 3.949792
147.502 2.98112
148.503 4.168568
149.515 3.622048
150.523 1.342064
151.563 2.101248
152.573 2.29648
153.574 2.670336
154.575 2.974736
155.583 3.58528
156.584 3.34128
157.585 3.748168
158.586 4.705616
159.604 4.490008
160.605 4.513152
161.613 4.552704
162.614 3.759704
163.615 4.538072
164.618 3.677184
165.623 3.522856
166.743 0.207936
167.888 7.130608
168.913 4.104
169.914 3.375056
170.915 3.37596
171.917 3.348216
172.919 4.378312
173.923 4.767152
174.937 4.420648
175.939 4.294584
176.943 3.25848
177.944 4.114944
178.945 3.443656
179.952 2.507032
181.704 10.097312
182.832 4.15872
183.833 4.694976
184.844 4.477592
185.853 3.831288
186.854 4.224384
187.855 3.458016
188.861 3.800648
189.862 3.99456
190.863 3.693552
191.864 3.907008
192.872 3.048896
194.232 3.534912
195.234 3.523968
196.242 1.190304
198.672 6.629408
199.771 1.564992
200.772 1.926144
201.782 1.346112
202.802 1.31328
203.822 0.98496
205.062 0.306432
206.202 1.516824
207.212 1.597824
208.222 1.533192
209.233 2.002752
