0 0.912896
1.013 1.14912
2.02 1.247616
3.033 1.055168
4.04 1.192896
5.053 1.181952
6.08 0.956672
7.092 1.116288
8.26 1.214784
9.261 0.901952
10.293 1.03968
11.3 1.0944
12.309 1.000456
13.313 1.214784
14.333 1.160064
15.34 0.989504
16.353 1.006848
17.36 1.138176
18.361 0.92384
19.372 0.908352
20.38 0.853632
21.393 0.131072
25.168 1.416576
26.179 0.952128
27.191 0.809856
28.199 0.404928
29.2 0.578816
30.212 1.143936
31.219 0.8208
32.227 0.853632
33.232 1.241216
34.239 1.214784
35.251 0.93024
36.252 0.836288
37.279 1.31328
38.292 1.225728
39.299 0.92384
40.311 0.941184
41.312 1.14912
42.319 1.000448
43.42 1.291392
44.432 1.42272
45.44 0.891008
46.452 1.028736
47.459 1.116288
48.471 0.92384
49.472 1.247616
50.479 1.247616
51.487 1.000448
52.492 1.061568
53.499 1.03968
54.512 0.836288
55.608 0.481536
56.692 0.262656
57.699 0.175104
58.779 0.120384
59.787 0.426816
60.791 0.787968
61.799 0.755136
62.823 0.409472
63.832 1.499328
64.839 1.777472
65.842 1.948032
66.846 1.810304
67.851 2.090304
68.87 1.843136
69.878 1.996352
70.97 2.112192
71.978 1.755584
72.979 2.24352
73.998 1.886912
74.999 1.832192
76.051 2.013696
77.058 1.722744
78.07 2.112192
79.071 1.843136
80.079 2.112192
81.091 1.164608
82.099 1.160064
83.103 0.97856
84.19 1.061568
85.198 0.952128
86.21 0.131072
87.546 2.127936
88.549 1.291392
89.557 0.989504
90.577 1.061568
91.588 1.171008
92.595 1.109888
93.6 0.689472
94.648 0.120384
96.723 0.514368
97.728 0.459648
98.748 0.38304
99.755 0.317376
100.775 0.196992
101.815 0.153216
102.975 0.05472
103.996 0.043776
143.023 0.05472
144.183 0.098496
145.187 0.076608
146.207 0.04816
148.227 0.064704
149.247 0.10784
150.267 0.10784
151.323 0.086272
152.403 0.10784
153.507 0.140192
154.707 0.118624
156.027 0.118624
157.107 0.086272
158.187 0.10784
159.528 0.086272
160.623 0.010784
166.887 0.32352
169.023 0.409792
170.147 0.118624
171.303 0.118624
172.467 0.118624
173.491 0.150976
174.567 0.10784
175.707 0.097056
179.988 0.32352
181.023 0.217344
182.147 0.180128
183.206 0.129408
184.526 0.21568
185.546 0.129408
186.843 0.150976
187.886 0.129408
188.982 0.118624
189.987 0.129408
191.042 0.118624
192.106 0.129408
193.167 0.114016
194.19 0.123232
195.206 0.129408
196.262 0.032352
200.147 0.150976
201.182 0.118624
202.202 0.517632
203.246 0.118624
204.302 0.118624
205.362 0.150976
206.426 0.172544
208.242 0.246496
209.426 0.16176
