0 0.880064
1.08 1.116288
2.095 0.919296
3.11 1.116288
4.162 1.000448
5.18 1.47744
6.19 1.186496
7.201 1.521216
8.21 1.335168
9.22 0.661184
10.23 1.006848
11.242 1.291392
12.25 1.164608
13.255 1.433664
14.26 1.591424
15.27 1.663488
16.28 1.230272
17.281 1.619712
18.29 1.777472
19.3 1.707264
20.31 1.613312
21.32 1.14912
22.339 1.017792
23.341 1.317824
24.35 1.707264
25.36 1.47104
26.37 1.597824
27.38 0.590976
28.39 0.49248
29.41 0.639296
30.42 0.886464
31.43 0.853632
32.44 1.164608
33.46 2.057472
34.47 1.700864
35.479 1.86048
36.481 1.558592
37.489 1.236672
38.509 1.247616
39.519 0.694016
40.529 1.630656
41.539 1.050624
42.548 1.066112
43.549 1.335168
44.55 1.066112
45.558 1.42272
46.559 1.466496
47.589 0.97856
48.598 1.138176
49.607 1.291392
50.627 1.6352
51.632 2.587328
52.637 2.466944
53.697 2.331072
54.708 1.74464
55.717 1.488384
56.725 1.503872
57.734 1.794816
58.735 1.241216
59.744 1.783872
60.753 1.985408
61.754 1.816704
62.755 2.248064
63.763 1.722752
64.844 1.488384
65.853 0.98496
66.854 1.241216
67.873 1.948032
68.882 1.919744
69.883 1.937088
70.891 1.077056
71.892 1.619712
72.901 1.558592
73.911 2.013696
74.92 2.280896
75.921 2.554496
76.931 2.313728
77.94 1.958976
78.951 1.941632
79.96 2.652984
81.048 1.871424
82.05 1.449152
83.058 0.941184
84.07 1.42272
85.078 1.733696
86.079 2.423168
87.168 2.440512
88.178 2.280896
89.188 2.543552
90.197 2.598272
91.198 3.053376
92.199 2.259008
93.207 2.488832
94.218 1.985408
95.266 2.692224
96.267 3.233024
97.268 2.871872
98.287 1.941632
99.296 2.368448
100.313 2.287296
101.332 3.211136
102.333 3.813056
103.334 3.473768
104.342 3.598744
105.411 3.955328
106.412 4.15232
107.413 4.469704
108.414 3.806656
109.501 3.239424
110.503 3.11264
111.504 3.48928
112.581 3.462848
113.582 3.079808
114.66 3.287744
115.761 3.162816
116.771 2.751488
117.779 2.587328
118.79 2.849984
119.791 2.926592
120.792 2.87172
121.8 2.499928
122.949 2.648448
123.95 3.156416
124.951 3.572288
125.952 3.353408
126.953 2.051072
127.959 0.908352
128.969 0.8144
129.97 1.378944
130.979 1.740096
131.989 1.985408
132.991 2.313728
133.999 2.521664
135.0 2.768832
136.001 2.56544
137.009 2.707712
138.01 2.7296
139.011 2.248064
140.012 3.108096
141.02 2.817152
142.029 1.96352
143.049 1.214784
144.05 1.591424
145.051 2.718656
146.052 2.819864
147.059 2.065704
148.06 2.23712
149.069 2.259008
150.109 2.177856
151.11 1.492928
152.118 2.89376
153.199 3.206592
154.208 2.466944
155.218 2.631104
156.219 2.773376
157.227 3.123584
158.228 2.521664
159.229 2.670336
160.237 2.335616
161.247 1.766528
162.248 2.155968
163.257 2.01824
164.267 2.149568
165.268 3.397184
166.269 3.243968
167.277 2.849984
168.357 2.911104
169.358 2.565416
170.359 2.959448
171.367 3.178304
172.368 2.871872
173.377 2.970368
174.378 3.145472
175.379 2.817144
176.38 2.817152
177.387 2.320128
178.397 2.12768
179.407 2.138624
180.417 2.51712
181.418 2.981312
182.42 2.94848
183.426 2.62016
184.427 3.725504
185.428 2.116736
186.437 1.718208
187.446 1.492928
188.456 2.02464
189.457 1.022336
190.467 1.69632
191.477 1.105344
192.486 1.131776
193.487 2.499776
194.488 3.11264
195.566 1.904256
196.568 2.12768
197.586 2.385792
198.587 1.449152
199.603 1.96352
200.636 3.320576
201.637 3.243968
202.677 3.38624
203.686 3.265856
204.697 3.178312
205.777 2.834496
206.778 2.499776
207.779 2.423168
208.78 3.999104
209.781 3.867776
