0 1.482824
1.001 1.669328
2.178 1.596408
3.268 1.810264
4.349 1.866264
5.419 1.693456
6.487 1.638432
7.518 2.137624
8.626 1.520792
9.628 1.58376
10.636 1.500056
11.637 1.737624
12.638 1.225608
13.646 1.878104
14.807 1.9588
16.007 1.465608
17.008 1.79288
18.017 1.741736
19.046 1.754808
20.136 1.899
21.347 1.930856
22.526 1.794264
23.528 1.773688
24.726 1.825264
25.727 1.618472
26.765 1.362912
27.767 1.765048
28.785 1.546552
29.786 2.292416
30.885 1.451032
31.944 1.612064
33.154 1.858968
34.254 1.925728
35.255 1.905
36.256 1.235648
37.276 1.790888
38.336 1.8278
39.404 1.675664
40.413 1.379128
41.473 1.631176
42.475 1.815048
43.642 2.22024
44.643 1.549272
45.644 1.496312
46.645 1.815096
47.822 1.392296
48.823 1.652592
49.824 1.603288
51.033 1.57804
52.052 1.496328
53.102 1.955472
54.313 1.82644
55.315 1.858232
56.362 1.6964
57.403 2.115864
58.601 1.7828
59.604 1.017784
60.722 1.559496
61.723 1.768304
62.792 1.139624
63.793 1.308448
64.842 1.744088
66.043 1.64044
67.202 1.740056
68.342 1.991808
69.363 1.947248
70.372 1.592568
71.423 2.69304
72.424 2.001472
73.425 2.08668
74.426 1.845288
75.563 2.020184
76.564 1.679216
77.642 1.67948
78.644 1.802288
79.682 1.611216
80.692 1.495968
81.702 1.387392
82.712 1.477648
83.722 1.27952
84.812 1.288368
85.952 1.225736
86.953 1.727208
87.962 1.47564
89.102 1.63076
90.103 1.53268
91.181 1.680984
92.261 1.613296
93.331 1.6206
94.341 1.693848
95.442 1.575616
96.592 1.730904
97.593 1.855432
98.601 1.350112
99.621 1.32408
100.751 1.368792
101.84 1.406888
102.951 1.403136
104.136 1.574952
105.199 2.326216
106.329 2.112648
107.33 2.056472
108.34 1.571824
109.349 1.560168
110.359 2.126888
111.43 1.951872
112.539 2.040696
113.699 1.81196
114.829 2.11328
116.009 1.555312
117.099 1.579664
118.12 1.09672
119.121 1.528664
120.13 1.325544
121.191 1.527184
122.289 1.492096
123.29 1.437968
124.319 1.448872
125.33 1.846024
126.439 2.016976
127.44 1.252984
128.529 1.67272
129.538 1.724952
130.588 1.754944
131.63 1.749792
132.719 1.633552
133.73 1.656488
134.731 1.059104
135.768 1.993704
136.948 1.373624
137.949 1.427264
139.038 1.422616
140.139 1.446344
141.148 1.507688
142.278 1.8266
143.428 1.585048
144.599 1.68064
145.728 1.715128
146.838 1.478864
147.85 1.484576
148.897 1.848024
150.067 1.718488
151.068 2.07412
152.237 1.480624
153.267 1.58004
154.268 1.423488
155.348 2.067792
156.356 1.750016
157.366 1.597984
158.536 1.561
159.676 1.579104
160.677 1.289392
161.725 1.817408
162.727 1.30612
163.728 1.5994
164.736 1.597976
165.836 1.574312
166.925 1.672104
167.927 1.555544
168.928 1.684248
170.015 1.520008
171.085 1.66204
172.105 1.685168
173.266 1.227808
174.268 1.042936
175.275 1.027848
176.336 1.175432
177.445 1.329
178.446 1.349464
179.545 1.644912
180.554 1.306608
181.704 1.534136
182.705 1.282848
183.826 1.875928
184.834 1.670936
185.843 1.074272
186.932 1.475344
187.933 1.682912
189.123 1.938904
190.311 1.798744
191.312 1.21264
192.432 1.28048
193.622 0.860728
194.643 0.280176
195.922 1.090592
196.923 1.45572
198.062 1.413128
199.171 1.512136
200.172 1.228472
201.201 1.611488
202.361 1.600208
203.562 1.485528
204.563 1.1102
205.591 1.570304
206.791 1.606808
207.792 1.76336
208.801 1.339128
209.811 1.46584
