0 1.147192
1.12 1.244544
2.132 0.99776
3.139 0.695592
4.164 1.110376
5.172 1.32632
6.291 1.238344
7.443 1.269504
8.444 0.946824
9.583 1.034952
10.596 0.798912
11.603 0.569088
12.635 0.639504
13.654 0.8208
14.666 0.68872
15.675 0.864576
16.687 0.813384
17.746 0.919296
18.759 0.723384
19.774 0.76976
20.778 0.865016
21.787 0.969192
22.891 0.834064
23.903 0.470592
24.942 0.6636
25.95 0.66628
27.07 0.842688
28.083 0.658672
29.115 0.590976
30.254 0.33768
31.273 0.631896
32.294 0.8248
33.525 0.8572
34.693 0.634752
35.716 0.295624
36.737 0.76608
37.764 0.479112
38.772 0.573464
39.795 0.733248
40.808 0.66708
41.815 0.722464
42.826 0.777136
43.834 1.03176
44.839 0.77508
45.846 0.83312
46.847 0.841008
47.859 1.145344
48.87 0.906408
49.878 0.826744
50.93 1.030648
51.942 1.050624
52.961 0.719728
54.01 0.897408
55.014 0.80836
56.114 1.03968
57.122 0.885448
58.134 0.986584
59.141 1.001552
60.153 0.993512
61.174 0.96708
62.186 1.149096
63.365 1.177528
64.577 1.153712
65.764 1.225728
66.768 0.59728
67.817 0.64772
68.916 0.700416
69.937 0.40664
70.949 0.481536
71.977 0.459648
73.04 0.608728
74.048 0.470592
75.109 0.021888
76.461 0.716744
77.469 0.650712
78.471 0.65664
79.478 0.36728
80.511 0.16416
81.61 1.094472
82.623 0.835152
83.642 0.982296
84.663 0.856728
85.682 0.84896
86.707 0.91412
87.902 0.886464
88.906 0.509584
89.926 0.645696
90.994 0.087552
92.054 0.404928
93.059 1.0498
94.067 1.224344
95.079 1.209792
96.098 1.067288
97.191 1.367432
98.37 1.342504
99.55 1.42272
100.551 0.821584
101.559 1.20384
102.571 1.056536
103.635 1.061568
104.639 1.184472
105.854 1.214784
106.866 1.192896
107.874 0.858288
108.886 1.25856
109.893 0.871552
110.913 1.433664
111.918 1.056416
112.926 1.400832
113.937 0.934744
114.945 1.008976
115.949 1.357056
116.95 0.99956
117.978 1.42272
119.002 1.378944
120.009 1.107232
121.01 1.138176
122.201 0.689472
123.393 0.678528
124.454 0.591536
125.473 0.908352
126.493 0.963072
127.5 1.006848
128.504 0.880832
129.505 1.269504
130.509 1.37928
131.704 1.575936
132.716 1.384896
133.725 1.674432
134.729 1.227416
135.737 1.466496
136.748 0.842688
137.756 0.974016
138.765 1.041352
139.769 1.58688
140.781 1.433664
141.787 1.192896
142.807 0.732888
143.811 1.357056
144.812 1.171008
145.831 1.411776
146.832 1.35344
147.843 1.608768
148.852 1.597824
149.871 1.116288
150.936 0.5836
151.944 1.47744
152.963 1.740096
153.969 1.158584
154.982 1.006848
155.994 0.8208
157.015 0.5472
158.027 0.339264
159.055 0.10944
160.099 0.087552
161.118 0.207936
162.187 0.032832
