0 3.76928
1.001 3.944384
2.002 3.528512
3.003 3.594176
4.01 3.703616
5.011 3.71456
6.013 3.92704
7.019 4.228928
8.021 4.3712
9.022 4.31648
10.023 4.342912
11.032 4.633856
12.043 4.211584
13.051 4.174208
14.053 3.856832
15.058 4.42592
16.059 4.299136
17.06 4.305536
18.061 4.272704
19.062 4.042872
20.081 3.37984
21.082 3.977216
22.083 4.469696
23.092 4.491584
24.111 3.948928
25.112 3.375296
26.118 4.239872
27.172 4.217984
28.182 3.98816
29.183 4.299136
30.2 4.787072
31.201 4.020992
32.202 4.069336
33.338 4.21796
34.34 3.703616
35.342 2.456
36.343 1.25856
37.353 0.590976
38.363 0.032832
71.605 0.070216
72.685 0.087552
73.815 0.142272
74.845 0.10944
75.865 0.144064
76.975 0.129536
78.065 0.16416
79.085 0.196992
80.095 0.789568
81.13 0.131072
83.035 0.206592
84.045 0.120384
85.055 0.098496
86.094 0.21888
87.115 0.175104
88.125 0.142272
89.135 0.229824
90.185 0.256256
91.195 0.350208
92.225 0.350208
93.265 0.415872
94.285 0.361152
95.295 0.38304
96.305 0.415872
97.345 0.32832
98.375 0.262656
99.384 0.32832
100.423 0.32192
101.894 0.32832
102.915 0.32832
103.944 0.426816
104.952 0.372096
105.955 0.5472
106.964 0.612864
107.984 0.43136
108.995 0.49248
110.024 0.525312
111.055 0.612864
112.075 0.569088
113.095 0.514368
114.104 0.459648
115.115 0.37664
116.164 0.295488
117.195 0.229824
118.254 0.207936
119.265 0.21888
120.324 0.251712
121.334 0.2736
122.395 0.317376
123.403 0.32832
124.443 0.317376
125.444 0.372096
126.454 0.32192
127.455 0.404928
128.474 0.339264
129.495 0.2736
130.504 0.2736
131.524 0.262656
132.544 0.2736
133.584 0.240768
134.585 0.251712
135.604 0.251712
136.624 0.262656
137.664 0.21888
138.674 0.124928
139.714 0.186048
140.763 0.175104
141.804 0.207936
142.824 0.251712
143.864 0.284544
144.904 0.2736
145.934 0.262656
146.95 0.251712
147.984 0.207936
148.994 0.21888
150.054 0.251712
151.074 0.196992
152.123 0.175104
153.154 0.142272
154.174 0.113984
155.224 0.142272
156.234 0.16416
157.283 0.229824
158.323 0.262656
159.343 0.306432
160.384 0.306432
161.414 0.306432
162.424 0.339264
163.444 0.459648
164.454 0.404928
165.494 0.43136
166.504 0.700416
167.514 0.623808
168.534 0.689472
169.544 0.787968
170.554 0.551744
171.564 0.71136
172.574 0.733248
173.584 0.525312
174.594 0.623808
175.614 0.518912
176.623 0.864576
177.624 0.853632
178.634 0.689472
179.644 0.722304
180.654 0.715904
181.663 0.831744
182.673 0.941184
183.674 0.897408
184.683 0.825344
185.774 0.974016
186.783 1.072512
187.784 0.8144
188.794 0.963072
189.803 0.8208
190.804 0.744192
191.814 0.65024
192.823 0.787968
193.824 0.787968
194.833 0.733248
195.844 0.770624
196.853 0.700416
197.873 0.678528
198.883 0.733248
199.903 0.689472
200.913 0.694016
201.923 0.65664
202.933 0.974016
203.953 0.963072
204.963 0.967616
205.974 1.127232
206.981 1.280448
207.983 1.000448
208.993 1.03968
