0 3.22848
1.008 2.051072
2.009 2.029184
3.01 2.221632
4.019 2.937536
5.021 1.875968
6.038 1.6416
7.039 1.405376
8.058 2.259008
9.139 2.035584
10.158 1.350656
11.16 1.58688
12.178 1.543104
13.179 1.602368
14.18 1.74464
15.188 2.429568
16.189 2.040128
17.19 2.576384
18.198 3.44096
19.199 2.751336
20.208 1.816704
21.209 1.296088
22.348 1.116288
23.37 1.181952
24.379 1.186496
25.38 1.58688
26.388 1.466496
27.398 1.055168
28.399 1.006848
29.408 1.171008
30.409 1.088
31.438 1.280448
32.448 1.164608
33.45 0.886464
34.463 0.470592
35.478 0.733248
36.479 1.460096
37.488 1.575936
38.498 1.241216
39.558 1.346112
40.559 1.47744
41.568 1.350656
42.569 1.75104
43.588 1.58048
44.598 1.838592
45.608 1.558592
46.618 1.958976
47.628 1.733696
48.629 1.674432
49.638 1.25216
50.639 1.324224
51.648 0.891008
52.677 1.072512
53.679 1.564992
54.687 1.722752
55.697 1.652544
56.707 0.912896
57.708 0.853632
58.717 0.667584
59.746 0.93024
60.747 1.438208
61.748 1.816704
62.757 1.25216
63.758 1.335168
64.768 1.077056
65.926 0.580032
67.105 0.569088
68.115 1.291392
69.116 1.777472
70.126 2.090304
71.136 2.34656
72.146 1.974464
73.155 1.181952
74.175 0.93024
75.176 1.241216
76.206 1.346112
77.207 1.066112
78.295 2.746944
79.296 2.379392
80.297 3.845888
81.304 2.215232
82.305 1.58688
83.315 0.59552
84.334 0.361152
85.364 0.284544
86.367 0.93024
87.374 1.438208
88.475 3.265856
89.544 3.287744
90.575 2.965824
91.576 2.160512
92.585 2.631104
93.586 2.062016
94.614 1.69632
95.615 1.444608
96.624 1.263104
97.634 0.995904
98.651 1.153664
99.754 1.072512
100.765 1.466496
101.774 0.869128
102.794 0.908352
103.814 0.689472
104.825 1.083456
105.834 0.97856
106.844 1.25856
107.845 1.503872
108.994 1.291392
110.004 1.816704
111.007 1.996352
112.024 1.843136
113.034 2.221632
114.035 2.040128
115.044 1.816704
116.045 0.770624
117.054 1.31328
118.055 1.843136
119.064 2.528064
120.066 1.613312
121.094 1.564992
122.104 0.989504
123.244 1.80576
124.245 2.029184
125.247 0.404928
126.566 1.843136
127.574 1.816704
128.575 1.733696
129.584 2.396736
130.585 1.96352
131.587 1.68992
132.594 1.948032
133.603 1.9088
134.604 1.80576
135.612 1.536704
136.624 1.652544
137.633 1.547648
138.651 1.740096
139.653 1.613312
140.662 2.101248
141.663 1.79936
142.664 1.948032
143.666 1.788416
144.673 1.657088
145.683 1.236
146.685 1.895624
147.69 1.169688
148.71 1.286128
149.719 1.208688
150.729 0.946712
151.88 1.194016
152.9 0.983216
153.919 1.279456
154.92 1.216936
156.099 1.203304
157.11 1.43824
158.139 1.376
159.14 1.211256
160.319 1.27744
161.34 1.339648
162.341 1.24216
163.342 1.151904
164.499 1.18844
165.509 1.30812
166.54 1.485664
167.56 1.051848
168.709 1.367176
169.72 1.360056
170.721 1.081888
171.839 1.361872
172.84 0.946232
173.929 1.527584
175.101 1.368296
176.11 1.242968
177.119 1.000584
178.129 1.050848
179.369 1.251136
180.459 1.254712
181.549 1.17944
182.599 1.339552
183.609 0.88664
184.759 0.777536
185.959 1.122832
186.969 0.845544
187.989 1.017312
188.99 0.924432
190.109 0.902024
191.118 0.852808
192.119 0.820304
193.12 1.002304
194.339 0.829696
195.378 0.645696
196.389 0.687536
197.398 0.586856
198.419 0.826312
199.42 0.836896
200.439 0.826504
201.459 0.437752
202.468 0.377536
203.469 0.350208
204.479 0.619632
205.688 1.003688
206.698 0.86404
207.718 1.20492
208.899 1.0324
209.979 1.235832
