0 1.104536
1.002 1.53216
2.01 2.06056
3.011 2.892992
4.02 2.430816
5.03 2.932992
6.04 2.161184
7.047 1.279376
8.05 2.221632
9.06 1.499296
10.07 2.305544
11.071 3.00308
12.08 2.669856
13.09 2.276568
14.1 1.890616
15.19 2.495232
16.2 1.363272
17.21 1.58688
18.22 1.58136
19.223 2.160408
20.24 2.213752
21.409 2.84544
22.41 2.857584
23.411 3.128344
24.615 2.781448
25.72 2.28164
26.731 2.878272
27.739 2.380824
28.75 1.562904
29.76 1.68272
30.77 1.730672
31.8 2.123136
32.801 1.909272
33.81 2.123136
34.819 2.017288
35.82 2.967032
36.821 2.242096
37.83 2.356624
38.831 2.798584
39.951 0.120384
41.489 6.048136
42.5 2.84544
43.501 1.936072
44.51 2.112704
45.6 2.07936
46.602 2.118328
47.609 2.02208
48.699 2.363904
49.7 2.439144
50.711 2.531672
51.712 1.813256
52.729 2.16704
53.73 1.924712
54.739 2.911104
55.75 1.828912
56.759 2.528064
57.76 2.049864
58.768 3.545856
59.769 2.77168
60.779 2.637504
61.78 1.806864
62.788 2.396736
63.79 2.385792
64.791 1.893312
65.803 0.103792
67.709 6.893048
68.867 1.904256
69.868 1.893312
70.869 1.6416
71.877 1.630656
72.887 2.128312
73.888 3.458304
74.897 2.406896
75.899 1.96992
76.907 2.351168
77.909 3.425472
78.91 2.254696
79.917 2.40768
80.927 1.247616
81.937 1.280448
82.947 0.420936
85.487 5.534824
86.496 1.25856
87.497 1.017792
88.507 0.919296
89.536 0.853632
90.546 1.181952
91.548 0.644992
92.556 0.87552
93.565 0.908352
94.571 1.368
95.574 1.273992
96.585 1.017792
97.594 1.083456
98.604 1.160064
99.61 0.790448
100.615 1.280448
101.625 1.389888
102.634 2.911104
103.644 2.424864
104.655 2.867328
105.664 2.221968
106.674 1.521216
107.683 1.03968
108.684 1.96992
109.694 0.681472
111.597 6.09272
112.613 2.309184
113.622 1.644552
114.623 2.440512
115.625 2.046184
116.632 1.53216
117.642 1.171008
118.662 0.60192
119.684 0.941184
120.693 0.131072
122.296 3.719056
123.302 0.787968
124.311 0.372096
125.393 1.259008
126.561 2.4624
127.562 1.999176
128.572 1.58688
129.577 1.545072
130.581 2.867328
131.591 2.029424
132.592 2.265408
133.601 1.335168
134.622 1.128048
135.631 2.265408
136.632 1.761552
137.633 1.96992
138.644 1.611784
139.65 1.827648
140.66 1.540688
141.67 2.101248
142.681 1.880392
143.69 2.40148
144.7 2.464456
145.701 2.299112
146.82 2.427088
148.011 0.043776
148.038 0.063728
149.047 0.362416
150.079 0.525312
151.086 1.3922
152.095 1.870104
153.215 0.93432
154.235 0.776632
155.307 1.373144
156.308 0.893688
157.312 0.975136
158.326 0.797168
159.327 1.415824
160.515 1.036792
161.915 1.52068
162.934 1.339744
163.935 0.77408
164.954 0.860104
165.963 0.734192
167.175 0.81468
168.184 0.91528
169.309 0.613528
170.334 0.413344
171.344 0.544272
172.354 0.576912
173.514 0.582096
174.524 0.55104
175.624 0.525312
176.634 0.398584
177.644 0.395872
178.654 0.350208
179.674 0.230208
180.694 0.251712
181.744 0.180504
182.754 0.251712
183.824 0.196992
184.844 0.273432
185.854 0.958592
186.864 1.130384
187.884 1.082632
188.885 1.195896
189.974 1.21204
190.984 1.0184
192.074 1.036488
193.254 1.09656
194.264 0.669504
195.365 1.023112
196.374 0.579976
197.735 0.583952
198.744 0.462024
199.764 0.489432
200.774 0.445488
201.804 0.687824
202.827 0.614736
203.923 0.75396
204.943 0.361152
205.962 0.333016
206.982 0.240768
208.022 0.204584
209.033 0.612368
