0 0.542232
1.008 0.937592
2.028 0.86172
3.078 0.738936
4.079 0.787136
5.089 0.98868
6.099 1.095992
7.119 0.657008
8.138 0.34788
9.359 0.361152
10.668 0.789344
11.688 1.298968
12.689 1.335616
13.788 1.287144
14.908 0.979496
15.92 0.75136
16.928 1.155784
17.939 1.170304
19.138 0.915552
20.159 0.55512
21.168 0.68216
22.188 0.730264
23.198 0.626808
24.218 0.67728
25.228 0.580816
26.248 0.634864
27.258 0.667168
28.278 0.120384
30.088 0.75664
31.098 0.837352
32.118 0.672936
33.138 0.957616
34.378 0.087552
35.379 0.8768
36.498 1.153768
37.499 1.097192
38.668 1.21688
39.678 1.085472
40.679 1.239752
41.688 1.169256
42.701 1.160664
43.706 1.122664
44.717 1.10908
45.726 1.417192
46.826 1.3946
47.837 1.063104
48.896 1.587848
50.076 1.288944
51.086 1.120264
52.096 0.980696
53.165 1.161864
54.166 1.158128
55.186 0.936056
56.295 0.922616
57.336 0.728584
58.345 0.726728
59.356 0.728864
60.376 0.724584
61.566 0.89428
62.576 0.705896
63.586 0.5526
64.595 0.549664
65.615 0.58352
66.616 0.888952
67.625 1.081904
68.626 1.199984
69.646 1.144232
70.647 1.23104
71.656 1.193152
72.665 0.994384
73.775 1.31976
74.805 1.197024
75.815 1.139776
76.816 0.679528
77.825 0.932584
78.826 1.039568
79.836 1.097072
80.995 1.10856
81.997 1.17584
83.046 1.266624
84.047 1.20324
85.055 1.267144
86.106 1.186968
87.125 1.317264
88.136 1.164008
89.156 1.190168
90.244 1.197144
91.254 1.109128
92.275 1.12064
93.276 1.073704
94.294 1.058576
95.323 1.081112
96.383 1.140112
97.443 1.21148
98.613 1.225192
99.614 1.355152
100.615 1.16964
101.783 1.087224
102.874 1.202464
103.875 1.020392
104.893 0.569504
105.914 0.93536
107.034 1.013632
108.042 1.067168
109.202 1.177856
110.213 1.082904
111.282 0.953048
112.292 1.059376
113.302 1.144016
114.312 1.096184
115.313 1.086288
116.322 0.970728
117.33 1.159336
118.341 1.08176
119.342 1.086672
120.551 1.115192
121.552 1.185144
122.561 0.975312
123.571 0.964632
124.77 0.983144
125.771 1.065776
126.941 1.14116
128.031 1.146992
129.051 1.04376
130.061 1.126408
131.071 0.926
132.072 0.965368
133.181 1.1894
134.191 0.964976
135.192 1.058008
136.201 1.072968
137.391 1.188048
138.401 1.298824
139.551 1.072624
140.569 0.640912
141.579 0.696992
142.599 0.751184
143.609 0.587824
144.699 0.634696
145.709 0.654008
146.719 0.74908
147.729 0.565968
148.739 0.781504
149.759 0.88692
150.899 1.032584
151.91 0.927608
152.92 0.79944
153.929 1.016432
154.93 0.981496
155.94 1.034336
156.941 0.94168
157.95 1.240776
159.11 1.253376
160.249 1.115472
161.329 1.218504
162.33 0.995928
163.339 1.025072
164.39 1.171968
165.399 1.041952
166.409 1.227512
167.419 1.105024
168.439 0.842224
169.499 0.73404
170.509 0.952472
171.559 1.25868
172.618 1.256656
173.619 1.179808
174.638 1.210056
175.798 1.236912
176.938 1.181904
177.968 1.149512
179.108 0.916096
179.87 1.433664
180.874 0.989312
181.883 1.302528
182.89 2.112192
183.903 1.733696
184.91 2.259008
185.911 2.396736
186.922 1.886912
187.923 1.838592
188.931 1.678976
189.95 2.040128
191.083 2.07936
192.09 1.788416
193.095 1.948032
194.102 1.492928
195.103 1.0944
196.183 0.38304
197.35 1.613312
198.359 1.466496
199.363 1.230272
200.39 1.608768
201.402 1.668032
202.51 1.849536
203.515 1.602368
204.523 2.090304
205.53 1.832192
206.543 0.65664
207.682 0.995904
208.69 1.077056
209.691 1.214784
