0 1.368
1.012 1.133376
2.032 1.368112
3.059 1.092456
4.08 1.147776
5.088 1.499328
6.091 1.255632
7.103 1.707264
8.104 1.318288
9.112 1.718208
10.12 1.267912
11.131 1.42272
12.139 1.033824
13.152 1.346112
14.16 1.019296
15.179 1.14912
16.191 1.14912
17.192 0.61844
18.2 1.247616
19.212 1.312592
20.459 1.269504
21.46 0.958224
22.463 0.893024
23.592 1.335168
24.6 0.883112
25.608 0.952944
26.659 1.171008
27.672 1.032296
28.68 0.99996
29.692 1.002784
30.72 1.236672
31.732 0.959056
32.74 0.913392
33.752 0.744192
34.892 0.898752
36.071 0.809856
37.08 0.853632
38.088 0.919296
39.099 0.781584
40.111 1.138176
41.131 1.357056
42.139 1.14
43.155 1.58688
44.16 0.968056
45.172 0.798912
46.179 0.3966
47.191 1.050624
48.452 0.876352
49.532 0.623808
50.539 0.733248
51.543 0.831744
52.56 0.61232
53.579 0.733248
54.591 0.733248
55.6 0.525088
56.612 0.71136
57.619 0.645696
58.647 0.525312
59.648 0.555144
60.739 0.65664
61.743 0.558144
62.764 0.415872
63.787 0.221848
64.792 0.207936
65.8 0.689472
66.812 1.010184
68.048 1.411776
69.051 1.28104
70.059 1.111
71.072 1.427384
72.099 1.60476
73.24 1.49184
74.255 1.410192
75.259 1.60396
76.264 1.448464
77.311 1.631424
78.408 1.8048
79.572 1.548408
80.579 1.457432
81.595 1.621944
82.599 1.718968
83.611 1.591712
84.619 1.510272
85.634 0.510744
86.651 0.995904
87.658 1.236672
88.67 0.903016
89.687 0.553704
90.699 0.623808
91.711 0.990224
92.718 1.645736
93.73 1.86048
94.737 1.621088
95.749 1.265256
96.766 1.411776
97.777 1.288696
98.789 1.420776
99.79 1.491808
100.798 1.302336
101.809 0.941184
102.81 0.93024
103.83 0.471352
104.849 0.514368
105.861 0.853632
106.87 0.71136
107.889 0.621736
108.977 0.76608
109.99 0.733248
110.998 0.508224
112.01 0.919296
113.017 0.69196
114.03 0.87552
115.038 0.787968
116.049 0.773368
117.057 1.072512
118.078 0.777024
119.097 1.0944
120.118 0.782152
121.126 0.590976
122.137 0.908352
123.169 0.796088
124.17 1.136552
125.369 0.777024
126.39 0.8208
127.397 0.830192
128.408 0.755296
129.416 0.71136
130.448 0.66868
131.456 0.612864
132.477 0.65664
133.509 0.535584
134.517 0.612864
135.529 0.406648
136.556 0.897408
137.557 0.925024
138.569 1.104768
139.617 0.963072
140.629 0.841184
141.669 1.280448
142.676 0.89112
143.677 1.346112
144.689 1.128352
145.696 1.038672
146.709 1.089496
147.721 1.050624
148.725 1.180728
149.728 0.613808
150.748 1.499328
151.768 1.092088
152.775 1.25032
153.776 1.324224
154.796 0.572752
155.808 1.346112
156.828 0.958304
157.836 1.0944
158.847 0.908352
159.856 0.131072
161.348 1.788792
162.363 0.689472
163.367 0.76608
164.374 0.652736
165.395 0.908352
166.406 0.82876
167.407 1.171008
168.427 0.966096
169.43 1.6416
170.446 1.554824
171.447 0.948152
172.555 1.609528
173.566 1.674432
174.586 1.06784
175.587 0.7712
176.595 0.777024
177.634 0.952712
178.707 1.838592
179.727 1.390176
180.734 1.904256
181.747 1.43732
182.755 1.276392
183.963 0.963072
184.966 0.503424
185.974 0.632752
186.987 0.908352
187.995 0.941184
189.003 0.787936
190.014 1.455552
191.03 0.829104
192.047 0.798912
193.066 0.186048
195.034 0.415968
196.426 0.43776
197.545 0.569088
198.553 0.5472
199.593 0.307128
201.192 0.700416
202.193 0.633704
203.713 0.886464
204.721 0.880808
205.725 1.072512
206.745 1.03272
207.752 1.03736
208.764 0.906392
209.771 1.324224
