0 2.044896
1.001 2.149824
2.098 1.903616
3.099 1.09304
4.1 1.20768
5.108 1.1264
6.11 0.756472
7.24 2.022328
8.242 1.513408
9.248 1.49696
10.259 1.813504
11.269 1.20552
12.279 1.155104
13.289 1.042776
14.309 1.036288
15.809 0.78132
16.889 0.540672
18.04 1.878784
19.09 1.002496
20.1 0.777216
21.11 0.601104
22.17 0.5632
23.63 1.497744
24.67 0.50688
25.69 0.382976
26.701 0.88024
28.141 0.878592
29.161 0.95744
30.163 0.193208
31.211 0.596992
32.213 1.247848
33.222 1.250304
34.223 1.003528
35.332 2.185216
36.334 1.857704
37.342 1.346232
38.664 1.735824
39.673 1.615216
40.862 1.50732
42.032 1.220344
43.182 1.216512
44.203 1.078736
45.222 1.131624
46.232 1.125424
47.382 1.542768
48.547 1.795296
49.653 1.635544
50.703 1.701912
51.923 0.653312
52.933 1.29536
53.943 1.115856
54.963 1.530992
55.965 1.869824
56.983 0.935344
57.994 2.002064
59.184 1.74592
60.186 1.403648
61.187 1.284096
62.194 1.685128
63.195 1.515712
64.196 1.63328
65.205 1.305624
66.266 1.626112
67.275 1.02396
68.295 1.362944
69.305 0.687984
70.535 1.824768
71.545 0.573536
72.567 1.002496
73.576 0.416768
75.017 0.557768
76.066 0.22528
77.236 1.362944
78.256 1.329152
79.286 0.822272
80.287 0.396024
81.496 1.35168
82.497 1.28124
83.807 1.85856
84.81 1.2654
86.075 1.893368
87.077 1.0632
88.407 0.67584
89.409 0.702264
90.518 0.596992
91.558 0.811048
92.568 1.016072
93.608 1.193984
94.618 1.097464
95.628 1.531904
96.63 0.658416
97.633 1.965688
98.791 1.813504
99.792 1.63328
100.799 1.374384
101.85 1.57696
102.859 1.11076
103.87 1.368616
104.871 1.644544
105.88 1.32224
106.891 1.3498
107.92 1.74592
108.922 1.512408
109.93 1.80224
110.932 1.422792
111.941 0.905168
112.951 0.750944
113.97 1.058352
114.971 0.536576
115.981 0.9934
116.991 1.340416
118.001 1.387136
119.013 1.375264
120.014 0.833536
121.032 1.01376
122.052 0.579888
123.053 0.765952
124.072 0.653312
125.092 0.5664
126.132 0.529408
127.644 1.474344
128.652 0.97208
129.664 1.23904
130.673 0.4312
131.773 1.554432
132.784 0.785488
133.856 1.372024
134.863 0.979968
135.864 0.794744
137.173 0.923648
138.175 1.3464
139.184 1.440216
140.185 1.527712
141.254 1.227776
142.265 1.053544
143.266 1.081344
144.285 0.80424
145.624 1.362944
146.635 0.120752
147.728 1.886296
148.817 2.054328
150.326 1.779712
151.327 1.09192
152.335 0.987968
153.356 0.887184
154.357 1.383192
155.386 1.600912
156.576 0.968704
157.578 1.145568
158.58 1.261568
159.597 0.95876
160.776 0.540672
161.997 1.408
163.007 1.010168
164.017 1.453056
165.027 1.392816
166.029 1.181528
167.037 1.137664
168.038 1.047552
169.058 0.140216
170.177 0.146432
171.501 1.475584
172.508 0.931544
173.509 1.522728
174.52 1.41696
175.588 1.047552
176.589 1.17572
177.59 0.986144
178.609 1.173968
179.619 1.079248
180.629 1.0924
181.639 0.773704
182.669 1.056848
183.69 1.062904
184.85 0.934912
185.861 1.029592
186.871 1.282728
187.872 1.129232
188.89 0.752184
190.04 1.235288
191.041 1.105352
192.043 1.509376
193.051 0.823928
194.136 2.190368
195.281 1.74592
196.283 1.255016
197.301 1.261568
198.311 1.179728
199.312 1.655808
200.323 0.881008
201.332 0.90112
202.343 1.35168
203.352 0.743424
204.372 0.979968
205.412 1.547832
206.413 1.29536
207.422 0.95744
208.433 0.758888
209.443 1.025024
