0 1.226752
1.008 1.663488
2.017 1.127232
3.027 0.964992
4.046 0.974016
5.086 0.372096
6.126 0.306432
7.156 0.186048
8.186 0.229824
9.216 0.306432
10.257 0.350208
11.266 0.411448
12.281 0.809856
13.286 0.842688
14.295 0.88048
15.305 1.050624
16.307 0.763552
17.315 0.919296
18.316 0.572768
19.514 0.525312
20.524 0.777024
21.537 0.94564
22.553 1.061568
23.563 0.777976
24.573 0.980576
25.793 0.71136
26.843 0.284544
27.873 0.284544
28.892 0.339264
29.923 0.17424
30.933 0.295488
31.943 0.131072
37.358 1.85884
38.372 0.700416
39.383 0.846136
40.503 1.028736
41.513 0.87248
42.514 1.192504
43.523 1.306224
44.672 1.269504
45.683 1.11044
46.692 1.243992
47.694 1.304672
48.843 1.506576
50.032 1.03968
51.042 0.71136
52.053 0.54896
53.063 0.634752
54.082 0.459648
55.102 0.426816
56.112 0.369928
57.123 0.590976
58.153 0.470592
59.172 0.43776
60.203 0.270312
61.224 0.317376
62.252 0.131328
63.492 0.186048
65.362 0.32832
66.733 0.207936
67.792 0.175104
68.862 0.131328
69.885 0.196992
70.902 0.010944
76.564 0.043776
77.653 0.05472
78.782 0.021888
100.312 0.285728
101.383 0.842688
102.393 0.853632
103.402 0.879632
104.403 1.554048
105.413 1.185496
106.423 0.634752
107.443 0.393984
108.469 0.906832
109.473 2.145024
110.482 1.963816
111.484 2.287296
112.492 2.885232
113.493 3.0852
114.503 2.292376
115.573 2.852912
116.574 2.93736
117.575 2.802824
118.593 2.484152
119.594 2.446664
120.742 2.7364
121.743 2.622464
122.744 2.82772
123.745 2.618256
124.813 3.404384
125.823 2.474896
126.974 2.233384
128.053 2.09556
129.242 1.81576
130.392 1.613176
131.433 1.483368
132.434 1.639664
133.592 1.850104
134.743 2.046528
135.752 1.569248
136.753 1.598024
137.762 1.677808
138.772 1.541328
139.782 1.389616
140.783 1.400832
141.793 1.351144
142.832 1.69632
143.833 1.461464
144.841 1.611288
145.851 2.046528
146.852 1.941744
147.853 1.93312
148.854 1.931936
149.86 1.449112
150.87 1.554048
151.871 1.216912
152.883 1.384608
153.89 2.190024
154.901 3.844576
156.093 3.411664
157.1 3.2338
158.101 3.067288
159.102 3.45724
160.103 2.591456
161.111 2.88296
162.17 2.762088
163.179 3.122464
164.18 3.358112
165.182 3.749864
166.198 2.30104
167.208 2.087904
168.218 2.123136
169.227 1.916176
170.228 3.194552
171.229 3.636768
172.23 3.113544
173.238 3.352184
174.356 4.640576
175.362 4.428824
176.466 4.987944
177.476 4.368952
178.606 4.479696
179.607 4.205888
180.755 4.638968
181.756 3.718576
182.785 4.82828
183.786 4.067816
184.835 3.875024
185.836 4.519448
186.837 5.465016
187.838 3.826936
188.845 4.632456
189.847 3.38772
190.856 2.872008
191.865 3.188248
192.866 2.89964
193.867 2.68904
194.878 2.685192
195.88 2.01164
196.904 2.32036
197.994 2.464696
198.996 2.480992
200.123 2.199744
201.125 1.991808
202.133 1.208848
203.143 1.160064
204.153 1.521216
205.156 2.145024
206.157 2.009912
207.162 2.473344
208.163 1.220696
209.224 2.440512
