0 3.700016
1.399 1.937088
2.4 1.900808
3.409 2.04924
4.51 2.833992
5.52 2.829832
6.521 2.931448
7.529 4.043128
8.533 4.202232
9.539 3.70028
10.619 3.142944
11.62 3.019096
12.621 2.9774
13.622 3.418936
14.76 3.025336
15.869 2.761272
16.87 1.32408
17.879 2.054208
18.88 2.097152
19.881 2.020896
20.889 1.591104
21.89 2.58268
22.891 3.060128
24.029 2.896008
25.031 2.208936
26.169 2.501944
27.17 2.547288
28.171 2.606632
29.179 2.229528
30.18 2.256824
31.19 2.799464
32.191 2.730152
33.199 1.971776
34.2 3.169584
35.201 3.17712
36.209 2.51808
37.238 3.327912
38.248 1.801064
39.259 3.378456
40.26 1.956816
41.371 2.404832
42.378 2.547192
43.38 2.889216
44.388 2.750552
45.389 3.062192
46.397 3.99456
47.398 3.331416
48.399 3.244752
49.408 3.432696
50.409 3.51868
51.417 3.434416
52.418 1.926424
53.419 2.64656
54.426 2.263544
55.435 2.2178
56.436 3.217536
57.445 3.021952
58.446 2.799048
59.455 3.29684
60.456 4.21932
61.457 4.177344
62.653 3.946056
63.754 4.659272
64.755 4.226808
65.756 3.928864
66.757 4.221096
67.904 0.295488
69.145 6.493952
70.194 2.187296
71.196 2.483656
72.294 2.423168
73.295 2.323768
74.303 2.451456
75.304 1.641752
76.313 1.433504
77.503 2.068416
78.504 2.938896
79.505 2.245712
80.506 3.965088
81.514 4.191968
82.515 3.959216
83.632 4.17104
84.637 4.109536
85.642 3.051936
86.652 0.131072
92.265 2.897032
93.892 2.703168
94.893 2.807064
95.982 3.424992
96.983 3.13808
97.984 3.28248
98.991 3.191032
99.992 3.341288
101.0 1.329968
102.001 2.66404
103.01 2.864952
104.011 3.035032
105.019 3.189208
106.069 3.654408
107.21 3.212256
108.22 3.150184
109.23 2.94148
110.231 3.212664
111.238 3.011704
112.239 3.212808
113.24 3.213368
114.248 2.945176
115.258 2.90356
116.259 2.906624
117.26 2.540192
118.268 2.466448
119.269 2.407176
120.278 2.477128
121.288 2.648448
122.289 1.961208
123.298 2.254464
124.308 1.666168
125.309 1.545488
126.318 1.948032
127.319 1.45192
128.326 1.6416
129.327 1.433664
130.337 0.897408
131.347 0.598712
132.367 0.809856
133.387 0.087552
137.887 4.47276
138.907 1.937088
139.908 2.1888
140.917 1.713512
141.927 2.061296
143.127 2.232576
144.128 2.07556
145.136 1.411776
146.146 0.805096
147.156 1.47744
148.166 1.118848
149.185 0.744192
150.205 1.028736
151.215 0.634832
152.225 0.864576
153.235 1.018192
154.385 0.536256
155.415 0.426816
156.424 0.974016
157.433 1.55784
158.435 2.139584
159.443 2.354304
160.564 2.241
161.773 1.9458
162.843 1.6416
163.844 1.326584
164.862 0.722304
165.863 0.604912
166.872 0.514368
167.883 0.32832
168.893 0.43776
169.912 0.941184
170.922 0.73504
171.933 1.006848
172.942 1.043696
173.952 0.809856
174.962 0.43776
175.972 0.426816
176.992 0.463312
178.072 0.580032
179.092 0.43776
180.093 0.503424
181.122 0.590976
182.132 0.448704
183.152 0.305136
184.163 0.404928
185.172 0.536256
186.192 0.229824
187.242 0.229824
188.282 0.295488
189.293 0.262656
190.322 0.262656
191.342 0.361152
192.352 0.395096
193.571 0.60192
194.582 0.941184
195.592 0.87552
196.612 0.677472
197.623 0.678528
198.642 0.645696
199.662 0.580032
200.691 0.38304
201.701 0.251712
202.73 0.243376
203.941 0.284544
204.951 0.361152
205.96 0.361152
206.961 0.295488
207.99 0.426816
209.02 0.339264
