0 1.9352
1.01 2.129192
2.14 2.363904
3.15 1.94648
4.161 2.146752
5.17 1.978032
6.209 2.24352
7.21 2.085992
8.219 1.796144
9.22 1.648184
10.228 2.272696
11.418 2.166912
12.44 1.78768
13.448 1.821952
14.458 2.050248
15.488 2.046528
16.489 1.938192
17.508 2.122688
18.518 1.88532
19.538 1.929736
20.708 1.980864
21.728 1.523208
22.738 1.630656
23.748 1.498432
24.768 1.871424
25.778 1.507936
26.788 1.96992
27.798 1.69996
28.808 2.002752
29.818 1.569944
30.828 1.93944
31.877 1.827648
32.878 1.477952
33.887 1.707264
34.888 1.573832
35.906 1.652712
37.085 1.718208
38.096 1.276288
39.106 1.882368
40.116 1.78496
41.125 1.84256
42.126 1.768656
43.135 2.012608
44.145 0.93924
45.155 1.525984
46.165 1.889872
47.175 1.92416
48.284 1.280448
49.293 1.236672
50.294 0.721928
51.295 0.777024
52.364 1.729152
53.365 0.680792
54.375 1.377128
55.415 1.455552
56.424 0.818984
57.436 0.525312
58.478 0.580032
59.484 0.419984
60.504 0.525312
61.514 0.667584
62.534 0.440056
63.544 0.833384
64.555 1.0944
65.574 0.455136
66.575 0.612864
67.583 0.453336
68.454 1.894536
69.455 2.667104
70.456 0.827424
71.494 1.542712
72.505 1.010064
73.506 1.356384
74.705 1.508528
75.706 1.487376
76.714 1.37024
77.715 1.627752
78.774 1.918248
79.775 2.013264
80.776 1.639528
81.864 1.955384
82.876 2.073016
83.886 1.729008
84.976 2.528064
85.985 1.369296
86.986 2.047504
87.995 1.89484
88.996 2.002176
90.014 1.85
91.015 1.863936
92.026 1.999248
93.035 1.93684
94.056 2.082744
95.057 2.024992
96.058 1.972832
97.065 2.185208
98.105 2.191728
99.256 2.162528
100.335 2.292456
101.436 2.00716
102.437 2.223
103.445 2.024096
104.446 2.030176
105.455 1.973256
106.456 2.363904
107.466 1.90764
108.467 1.837112
109.476 2.07744
110.615 2.309184
111.625 1.919512
112.635 1.980864
113.636 0.93024
117.285 0.91108
118.287 2.537696
119.295 2.254336
120.345 3.143744
121.346 2.54056
122.348 2.997552
123.355 2.856672
124.395 3.409384
125.396 2.50752
126.406 2.784184
127.408 2.703136
128.535 2.790032
129.615 2.96828
130.655 3.113624
131.656 3.574368
132.705 3.319856
133.706 3.078336
134.707 3.243192
135.716 2.331072
136.726 2.130912
137.727 2.055872
138.746 2.185016
139.956 2.363904
140.957 1.889072
141.965 2.123136
142.966 1.612312
143.976 1.47744
144.986 1.378944
145.995 1.144456
147.006 1.138176
148.007 1.259088
149.016 1.859512
150.176 3.18064
151.366 2.576768
152.396 2.937424
153.406 3.162816
154.416 2.554536
155.417 1.281904
156.425 2.05868
157.426 2.35376
158.486 2.4614
159.626 2.474152
160.736 2.681728
161.846 2.473344
162.856 2.399088
163.857 2.979936
164.866 2.873432
165.876 2.402864
166.877 3.143296
167.878 2.30448
168.879 2.405968
170.026 2.495232
171.036 1.640568
172.226 2.374848
173.238 1.444608
174.246 0.729136
175.256 0.689472
176.276 1.061568
177.286 1.31328
178.306 1.077344
179.486 1.017792
180.496 1.436424
181.666 1.324224
182.756 1.433664
183.766 1.1446
184.777 1.32232
185.856 1.521216
186.876 1.256664
187.896 1.58688
188.908 1.178656
190.126 0.963072
191.127 0.952128
192.146 0.625592
193.296 2.378496
194.347 2.55116
195.357 2.708056
196.537 2.3668
197.586 1.742432
198.596 0.941184
199.887 1.757432
200.894 0.963072
201.917 1.072512
202.926 1.000632
203.927 1.357056
204.928 1.217672
205.936 2.002752
206.938 1.177472
207.946 0.722304
208.976 0.503424
