0 1.272208
1.01 0.612864
2.03 0.360288
3.229 0.05472
4.289 1.214784
5.295 1.212048
6.505 1.358504
7.506 1.40964
8.586 1.451096
9.594 1.181888
10.604 1.332424
11.605 0.871632
12.724 1.236672
13.725 1.44736
14.733 1.241552
15.734 1.529976
16.773 1.466496
17.793 0.972048
18.804 1.466496
19.805 1.084256
20.822 1.554048
21.831 1.057672
22.843 1.279264
23.851 1.455552
24.862 0.986888
25.863 1.297272
26.871 1.69632
27.881 1.321904
28.882 1.3252
29.9 1.18492
30.91 1.469344
32.049 1.522624
33.099 1.545304
34.23 1.401752
35.24 1.411136
36.249 1.427408
37.26 1.740096
38.269 1.499016
39.28 1.414344
40.281 1.399016
41.289 1.346112
42.3 1.278632
43.309 1.404944
44.319 1.2718
45.32 1.280392
46.329 1.33968
47.4 1.652544
48.419 1.182928
49.42 1.318376
50.429 1.663488
51.44 1.42104
52.441 1.675704
53.469 2.090304
54.47 1.680664
55.489 1.913496
56.519 2.177856
57.52 1.871136
58.521 2.199744
59.529 1.629072
60.539 1.9152
61.549 1.225424
62.559 1.685376
63.56 1.079992
64.569 1.904256
65.58 1.460016
66.588 1.926144
67.598 1.353032
68.599 1.827648
69.6 1.400288
70.608 1.455552
71.618 1.418592
72.626 1.619712
73.638 1.2592
74.646 1.378944
75.657 1.186896
76.815 1.25856
77.816 1.151784
78.818 1.498328
79.956 1.674432
80.957 1.323568
81.966 1.398152
83.024 1.499328
84.025 1.855712
85.036 1.425792
86.037 0.76608
87.044 0.777024
88.063 0.131072
90.268 1.949888
91.274 1.499328
92.287 1.441568
93.434 1.564992
94.443 1.42132
95.445 1.597496
96.504 1.674432
97.513 1.173264
98.514 1.69632
99.534 1.34076
100.543 1.740096
101.544 1.556584
102.545 1.695592
103.555 2.20492
104.584 2.363448
105.653 1.980864
106.654 1.608768
107.663 1.294016
108.672 1.86048
109.682 1.723944
110.692 1.937088
111.716 1.871424
112.722 1.133416
116.241 5.501656
117.251 1.404824
118.341 1.597824
119.352 1.0562
120.361 1.564992
121.371 1.340912
122.381 1.261952
123.391 1.53216
124.392 1.254384
125.401 1.565312
126.411 1.518136
127.461 1.568456
128.471 1.61344
129.571 1.53216
130.581 1.376144
131.591 1.56472
132.592 1.729328
133.601 1.970352
134.62 1.728144
135.63 2.177856
136.64 1.85432
137.65 2.035584
138.66 1.533456
139.669 2.090304
140.679 1.653344
141.689 1.652544
142.698 1.410232
143.718 1.761984
144.719 1.461096
145.758 1.761984
146.768 1.665752
147.769 1.991808
148.777 1.510272
149.787 1.12592
150.807 1.466496
151.808 1.106552
152.877 1.499328
153.887 1.444608
154.897 1.115288
155.917 1.357056
156.927 1.166312
157.936 1.24772
158.942 2.155968
159.946 1.813536
160.956 1.95028
161.965 1.442664
162.991 1.521216
163.996 1.213696
165.004 1.289576
166.175 1.20384
167.185 0.941184
168.194 1.182136
169.195 1.444608
170.204 1.158864
171.214 1.19812
172.215 0.92656
173.225 1.499328
174.235 0.606744
175.254 0.667584
176.266 0.755136
177.285 0.8208
178.305 0.131072
181.011 0.82704
182.013 0.251712
183.093 0.16416
184.108 0.262656
185.133 0.229824
186.164 0.142272
187.204 0.21888
188.223 0.175104
189.323 0.558144
190.353 0.161592
191.493 0.678528
192.503 0.065664
192.581 0.009008
193.687 0.964336
194.698 1.753352
195.708 1.487064
196.837 0.21888
199.787 0.317376
200.847 0.55128
201.897 0.623416
202.937 1.0048
204.117 0.922768
205.118 1.336288
206.127 1.197528
207.307 1.190568
208.317 1.371792
209.318 1.426992
