0 1.389208
1.07 2.286944
2.311 1.926144
3.321 2.053456
4.322 2.511096
5.323 2.241368
6.331 1.592712
7.341 1.901088
8.381 2.35636
9.441 2.527768
10.452 2.091104
11.461 1.869144
12.531 2.484144
13.532 2.399232
14.541 2.429568
15.542 1.571064
16.55 1.504112
17.56 1.80576
18.57 1.54816
19.59 1.75104
20.591 1.39896
21.609 1.575936
22.618 1.2336
23.619 1.86048
24.629 1.40048
25.648 2.134696
26.852 1.882368
27.862 1.500552
28.871 1.537328
30.052 1.20384
31.062 1.14912
32.081 0.591624
33.092 0.634752
34.101 0.569088
35.112 0.877712
36.122 0.93024
37.131 0.49248
38.152 0.415872
39.182 0.41024
40.192 0.229824
41.223 0.536256
42.233 1.04836
43.383 0.886464
44.423 0.295488
45.452 0.076608
46.573 0.18276
47.993 0.481536
49.013 0.505736
50.033 0.940632
51.263 1.04436
52.313 0.733248
53.323 0.708552
54.333 0.891136
55.503 1.017792
56.523 1.111904
57.563 1.699848
58.564 1.513968
59.565 1.658672
60.585 2.478616
61.586 2.567872
62.595 2.168664
63.596 2.244056
64.597 1.264936
65.605 0.79216
66.606 1.680008
67.745 2.199744
68.755 1.828504
69.756 1.164944
70.805 1.050624
71.816 1.138176
72.817 1.094136
73.945 0.612864
74.946 0.798912
75.956 0.915176
76.965 1.181952
77.976 1.796352
78.986 1.312248
79.996 1.491616
81.006 1.143704
82.016 1.306616
83.026 1.180992
84.046 1.411776
85.066 1.154248
86.076 1.219816
87.246 1.017792
88.256 0.9818
89.257 1.42272
90.266 0.58064
91.376 1.597824
92.39 1.322864
93.5 1.53216
94.51 1.144464
95.521 1.019296
96.55 1.236672
97.56 0.940584
98.58 1.291392
99.581 1.040752
100.59 1.674432
101.591 1.399728
102.6 1.085952
103.63 1.31328
104.64 0.974016
105.65 0.525408
106.67 0.16416
108.751 0.153216
128.993 0.459392
130.282 1.401088
131.304 0.520456
132.312 0.31384
133.321 1.11588
134.331 1.503152
135.332 1.706528
136.341 1.775312
137.342 1.8878
138.472 2.112384
139.473 2.0604
140.482 1.589208
141.491 2.0644
142.5 2.007792
143.51 2.102592
144.511 1.821264
145.56 1.47744
146.569 0.777024
147.59 0.569088
148.619 0.503424
149.649 0.15504
150.659 0.087552
151.76 0.098496
152.86 0.186048
153.94 0.21888
154.96 0.131328
156.03 0.16416
157.06 0.153216
158.08 0.21888
159.081 0.207936
160.09 0.186048
161.14 0.186048
162.175 0.158208
163.195 0.207936
164.235 0.16416
165.255 0.131328
166.295 0.068128
167.355 0.153216
168.405 0.229824
169.435 0.158832
170.475 0.175104
171.495 0.196992
172.565 0.16416
173.596 0.14492
174.605 0.229824
175.645 0.250328
176.665 0.21888
177.675 0.295488
178.676 0.567808
179.685 0.195208
180.755 0.448704
181.765 0.228904
183.006 0.175104
184.036 0.098496
185.096 0.032832
186.396 0.043776
187.685 0.131072
191.585 0.150024
192.635 0.098496
193.645 0.05472
