0 1.208872
1.12 1.619712
2.121 1.375784
3.13 1.368608
4.141 1.53948
5.15 1.479704
6.151 1.604112
7.16 1.752288
8.23 1.609024
9.239 1.630056
10.24 1.522136
11.241 1.520264
12.517 1.171008
13.527 0.65664
14.537 0.735744
15.547 1.127232
16.567 0.623808
17.617 0.131328
18.716 0.295488
19.717 0.766328
20.747 1.061568
21.757 0.97744
22.767 1.067784
23.777 1.177544
24.927 0.831744
25.937 0.515776
26.947 0.853632
27.957 0.842688
28.967 0.804664
29.977 0.744192
30.987 0.777024
31.997 0.684328
33.017 0.678528
34.018 0.678528
35.027 0.442072
36.029 0.908352
37.037 0.965552
38.107 1.192896
39.116 1.270152
40.117 1.53216
41.126 1.667832
42.129 1.655976
43.136 1.788344
44.137 2.148232
45.148 1.686192
46.156 1.065128
47.217 1.20384
48.237 1.367992
49.267 2.688208
50.268 2.063856
51.327 1.761984
52.328 1.602384
53.447 1.53216
54.457 0.886464
55.467 0.131072
56.718 1.348192
57.733 0.590976
58.774 0.645696
59.781 0.420856
60.795 0.558144
61.8 0.49248
62.82 0.404928
63.85 0.330936
