0 0.365696
1.008 0.448704
2.028 0.580032
3.033 0.831744
4.052 0.448704
5.072 0.372096
6.08 0.464192
7.092 1.0944
8.108 1.181952
9.113 1.230272
10.12 1.171008
11.131 1.564992
12.132 1.284992
13.139 1.31328
14.151 0.86912
15.891 1.575936
16.899 1.685376
17.911 1.52576
18.919 1.85408
19.92 2.068416
20.932 1.79936
21.939 1.937088
22.959 1.536704
23.98 1.543104
24.996 1.077056
25.999 1.6416
27.011 1.558592
28.015 1.816704
29.019 1.514816
30.028 1.554048
31.031 1.536704
32.159 1.389888
33.18 1.083456
34.199 0.934784
35.211 0.8208
36.228 0.995904
37.24 0.963072
38.259 0.4642
39.288 0.590976
40.307 0.87552
41.331 1.700864
42.391 1.499328
43.399 1.192896
44.419 1.438208
45.432 1.521216
46.439 0.912896
47.519 1.247616
48.531 1.674432
49.547 0.628352
50.551 0.952128
51.559 0.908352
52.579 0.941184
53.58 1.25216
54.599 1.948032
55.611 1.865024
56.619 2.07296
57.62 2.1888
58.631 1.843136
59.632 2.12768
60.699 2.418624
61.7 1.755584
62.711 1.80576
63.712 2.269952
64.72 2.34656
65.731 2.112192
66.739 1.777472
67.743 1.455552
68.751 1.427264
69.759 1.707264
70.771 1.503872
71.779 1.53216
72.791 1.449152
73.799 1.619712
74.811 0.853632
75.839 0.97856
76.848 1.488384
77.851 1.14272
78.859 0.590976
79.879 0.525312
80.884 1.400832
81.911 0.792512
82.939 0.76608
83.951 0.65664
84.959 1.389888
85.971 1.077056
86.979 1.25856
87.991 1.668024
88.992 2.363904
89.999 1.591424
91.008 1.6416
92.012 1.733696
93.02 2.051072
94.132 1.9152
95.139 1.383488
96.171 1.608768
97.179 1.777472
98.192 1.948032
99.199 1.449152
100.211 1.433664
101.219 1.591424
102.311 2.13408
103.319 1.328768
104.331 2.013696
105.332 1.569536
106.339 1.9152
107.351 1.875968
108.352 2.210688
109.359 1.678976
110.372 1.657088
111.459 1.597824
112.471 1.028736
113.472 0.661184
114.499 1.368
115.523 1.400832
116.539 1.055168
117.552 1.247616
118.559 1.017792
119.579 0.86912
120.591 1.072512
121.592 0.853632
122.599 0.623808
123.611 0.562688
124.639 0.175104
126.631 2.849984
127.659 1.31328
128.671 1.893312
129.679 1.449152
130.691 1.707264
131.699 1.591424
132.712 1.875968
133.739 2.24352
134.751 1.624264
135.759 2.495232
136.771 1.733696
137.779 1.930688
138.792 1.236672
139.819 1.886912
140.839 0.722304
141.86 1.061568
142.871 0.21888
144.003 1.492928
145.019 0.43776
146.079 0.229824
147.191 1.138176
148.211 0.908352
150.551 0.332864
151.599 0.32832
152.6 0.700416
153.604 1.69632
154.611 0.240768
155.67 0.507968
156.671 2.1888
157.678 1.68992
158.679 2.057472
159.682 1.777472
160.69 1.9088
161.75 2.210688
162.754 2.12768
163.758 2.123136
164.771 1.503872
165.778 1.85408
166.89 0.612864
167.891 0.207936
168.95 0.032832
173.938 0.21888
175.49 1.937088
176.53 0.10944
177.63 0.332864
178.65 1.061568
179.658 0.952128
180.67 0.93024
181.678 0.694016
182.699 0.43776
183.718 0.645696
184.73 0.623552
186.539 2.160768
187.549 1.543104
188.557 1.098944
189.577 1.652544
190.589 1.58048
191.597 1.488384
192.609 1.061568
193.617 0.86912
194.857 0.10944
197.157 2.609216
198.237 1.192896
199.249 1.455552
200.257 1.044224
201.277 1.543104
202.29 1.317816
203.297 1.488384
204.298 1.766528
205.389 1.740096
206.39 1.569536
207.397 1.707264
208.649 1.875968
209.657 1.882368
