0 0.63064
1.008 0.604536
2.218 0.64268
3.23 0.47256
4.266 0.251712
5.306 0.314392
6.446 0.52232
7.477 0.447856
8.716 0.306432
9.718 0.214712
10.746 0.240768
11.757 0.15328
12.807 0.229824
13.847 0.142272
14.946 0.05472
16.186 0.05364
17.885 0.5646
19.646 0.240768
20.705 0.251712
21.716 0.180176
22.725 0.32832
23.785 0.243448
24.795 0.34756
25.925 0.339264
26.935 0.162592
29.545 0.669688
31.077 0.2736
32.106 0.37748
33.116 0.447344
34.117 0.227888
35.125 0.196992
36.145 0.175104
37.146 0.22756
38.185 0.131328
39.265 0.120384
40.985 0.21888
43.315 0.03532
44.585 0.2736
45.626 0.339264
46.635 0.228784
47.667 0.295488
48.795 0.032832
50.305 0.1894
51.306 0.229824
52.315 0.204368
53.325 0.284544
54.34 0.227816
55.345 0.32832
56.365 0.30852
57.665 0.196992
58.675 0.131072
60.28 0.408824
61.305 0.306432
62.324 0.257224
63.454 0.372096
64.464 0.391
65.474 0.41732
66.504 0.422296
67.564 0.284544
68.574 0.216728
69.604 0.32832
70.624 0.276712
71.654 0.262656
72.704 0.140272
73.794 0.196992
74.804 0.16416
75.834 0.475504
76.844 0.357096
77.854 0.130016
79.124 0.719024
80.139 0.84936
81.144 1.086512
82.304 1.145096
83.314 0.787448
84.324 1.133672
85.334 0.717512
86.344 1.118416
87.444 1.034872
88.475 1.141824
89.514 1.163776
90.724 1.143072
91.814 1.154736
92.824 0.913496
93.825 0.789088
94.834 0.917288
95.875 0.85604
96.884 0.985288
97.994 1.265808
99.004 0.907264
100.014 0.906872
101.015 0.883992
102.034 0.837672
103.134 0.842504
104.164 1.01352
105.174 1.021048
106.184 1.049792
107.185 1.06476
108.195 1.545888
109.414 1.032672
110.434 1.056632
111.435 1.247944
112.524 1.128496
113.584 1.14296
114.585 1.178976
115.594 0.643232
116.605 1.042032
117.994 0.9108
119.164 0.681424
120.165 1.131016
121.264 1.189232
122.265 1.134792
123.394 1.21408
124.484 1.158808
125.524 1.160352
126.554 1.05108
127.604 1.029584
128.648 1.056688
129.724 1.1286
130.734 1.181144
131.744 1.143264
132.754 1.00108
133.755 0.862616
134.764 1.026568
135.784 0.131072
142.902 0.274184
145.915 0.783632
146.925 1.110936
147.955 1.226488
148.965 1.189344
149.975 1.149168
151.025 1.29232
152.026 1.280088
153.035 1.179888
154.185 1.2544
155.186 1.291488
156.187 1.289728
157.195 1.18324
158.315 1.423288
159.326 1.175112
160.475 1.128184
161.476 0.89292
162.574 0.974328
163.645 1.344096
164.649 1.462336
165.666 1.259672
166.676 1.4154
167.677 1.309064
168.684 1.156368
169.825 0.997944
170.865 1.28936
171.866 1.355632
172.875 1.146688
174.025 1.698552
175.026 1.170552
176.165 1.255112
177.166 1.309984
178.167 1.313872
179.174 1.24368
180.185 1.36328
181.194 1.339936
182.195 1.336992
183.196 1.026696
184.265 1.2834
185.285 1.21884
186.485 1.28732
187.486 1.233248
188.495 1.108376
189.645 1.32196
190.647 1.244976
191.825 1.210392
192.835 0.7104
193.836 0.69444
194.837 0.811608
195.875 0.852912
196.884 0.777152
197.894 0.698112
198.905 0.49996
200.204 0.531952
201.374 0.49248
202.395 0.223808
203.424 0.229824
204.514 0.131072
206.119 0.355216
207.144 0.434976
208.153 0.370464
209.695 0.531016
