0 1.897856
1.009 2.368448
2.039 2.549952
3.04 2.215232
4.041 2.23712
5.049 2.68128
6.059 2.215232
7.069 1.821248
8.079 1.9152
9.08 1.843136
10.081 2.145024
11.089 2.259008
12.091 2.259008
13.099 2.062016
14.139 2.396736
15.149 2.412224
16.15 2.390336
17.159 2.67488
18.16 3.11904
19.161 2.7296
20.163 2.335616
21.168 2.335616
22.169 2.320128
23.179 2.51072
24.18 2.78432
25.189 2.992256
26.199 3.156416
27.2 2.7296
28.208 2.674888
29.209 2.549952
30.218 1.832192
31.22 2.215232
32.229 2.812608
33.239 2.871872
34.24 3.451904
35.241 3.65984
36.258 3.576832
37.259 3.87872
38.26 3.583232
39.261 2.434112
40.27 2.959424
41.36 3.60512
42.369 2.878272
43.378 1.930688
44.389 1.843136
45.398 1.543104
46.4 1.930688
47.408 2.631104
48.438 3.298688
49.469 3.977216
50.47 3.200192
51.478 2.630952
52.558 2.692224
53.559 1.263256
54.568 2.35296
55.579 1.952576
56.588 1.79936
57.589 2.145024
58.598 1.9088
59.599 2.232576
60.608 2.051072
61.628 1.85408
62.638 2.013696
63.639 1.777472
64.648 2.046528
65.649 2.193344
66.65 2.248064
67.658 2.652992
68.659 2.582784
69.669 2.193344
70.67 2.795264
71.678 2.762432
72.698 2.740544
73.708 3.178304
74.717 3.025088
75.718 2.987712
76.72 3.419072
77.722 2.904704
78.728 2.335616
79.729 2.34656
80.738 2.477888
81.748 2.29824
82.749 1.646136
83.75 2.488832
84.768 2.473344
85.769 2.324672
86.778 3.2768
87.78 3.561344
88.799 4.414976
89.8 3.76288
90.807 4.393088
91.808 3.725504
92.809 4.846336
93.829 4.951232
94.839 4.868224
96.048 5.049728
97.049 4.780672
98.118 4.874624
99.119 4.250816
100.121 4.047432
101.122 4.732352
102.129 4.196096
103.138 3.71456
104.139 3.33152
105.148 3.539456
106.159 2.915648
107.167 2.685824
108.178 2.663936
109.187 2.543552
110.188 3.802112
111.189 4.053824
112.19 3.462848
113.197 2.981312
114.198 3.911552
115.199 4.189696
116.2 4.15232
117.201 3.76928
118.208 3.561344
119.209 4.539904
120.307 4.885568
121.309 4.557248
122.31 4.03648
123.318 4.15232
124.319 5.126336
125.32 4.507072
126.328 5.421824
127.33 4.397632
128.332 4.962176
129.334 4.627456
130.336 5.564096
131.338 4.463296
132.339 5.02784
133.348 5.163712
134.35 5.196536
135.358 5.750144
136.359 4.835392
137.368 4.75424
138.369 4.331968
139.378 4.010048
140.379 3.703616
141.388 4.15232
142.389 4.518016
143.408 4.469696
144.409 4.42592
145.411 4.769552
146.418 3.244144
147.419 5.126336
148.421 4.222528
149.427 5.06068
150.428 4.868224
151.429 4.951232
152.43 4.725952
153.437 5.213888
154.438 4.933888
155.439 5.235776
156.44 4.780672
157.441 5.312384
158.442 4.550848
159.447 5.005952
160.449 4.41952
161.451 4.852736
162.457 4.85728
163.478 4.688576
164.479 4.819904
165.481 4.85728
166.488 5.284096
167.527 5.08256
168.529 4.96672
169.53 5.126336
170.531 4.496128
171.607 3.042432
172.608 2.67488
173.609 4.572736
174.611 5.08256
175.617 4.463296
176.618 4.907456
177.621 4.15232
178.627 3.861376
179.636 4.349312
180.637 4.086656
181.638 4.338368
182.639 3.76288
183.647 4.042856
184.648 3.254936
185.667 3.014144
186.668 3.090752
187.676 2.959424
188.677 3.0096
189.686 2.313728
190.687 2.849976
191.708 2.89376
192.716 2.751488
193.717 2.685824
194.718 3.036032
195.807 2.779776
196.816 3.014144
197.817 3.145472
198.818 3.036032
199.836 4.196096
200.838 3.068864
201.846 2.29184
202.857 2.94848
203.858 3.955328
204.867 4.0976
205.868 3.353408
206.873 3.544
207.876 3.473792
208.886 2.959424
209.926 2.02464
