0 0.541832
1.13 0.959792
2.131 0.9588
3.141 1.05368
4.151 1.194376
5.16 1.32464
6.161 1.385096
7.169 1.217672
8.33 1.30416
9.34 1.479344
10.341 1.163024
11.47 1.360656
12.479 1.365336
13.709 1.575
14.71 1.314944
15.939 1.390312
16.959 1.400152
17.969 1.14064
19.079 1.2426
20.089 0.878096
21.169 1.316
22.17 1.076128
23.369 1.39308
24.37 1.502112
25.429 1.317216
26.442 1.238256
27.629 1.568384
28.63 1.288624
29.639 1.416632
30.849 1.22796
31.85 1.30672
32.858 1.203016
34.029 1.20784
35.039 1.46096
36.049 1.252416
37.05 1.345872
38.069 1.152384
39.079 1.118248
40.239 1.390736
41.248 1.133296
42.258 1.159544
43.448 1.2962
44.468 1.185008
45.469 0.928488
46.478 0.90528
47.479 0.836248
48.508 1.07912
49.509 1.0742
50.598 1.18668
51.697 1.375328
52.698 1.01784
53.708 1.423648
54.709 1.128112
55.898 1.15676
56.918 1.101184
57.928 1.10544
58.938 1.10368
59.958 0.968984
61.057 1.051512
62.067 0.531312
63.297 0.404928
65.048 0.097888
71.263 0.009008
72.592 0.229824
73.622 0.300376
74.792 0.691232
75.802 0.756088
76.805 1.066096
77.813 1.09664
78.822 0.924304
79.843 0.732896
80.852 1.06168
81.862 0.89852
82.872 1.215712
83.883 0.870208
84.893 0.964928
85.992 0.95968
87.002 0.981128
88.003 1.307808
89.172 1.180528
90.382 0.970136
91.392 0.537704
92.412 1.28268
93.432 1.062976
94.562 1.0878
95.712 1.222856
96.911 1.0296
97.921 0.95272
99.141 0.902296
100.142 0.579936
101.191 0.546632
102.212 0.777288
103.281 0.251712
104.321 0.407496
105.611 0.729816
106.651 1.143432
107.661 0.883872
108.681 0.56964
109.692 0.544576
110.701 0.551096
111.941 1.034472
113.031 1.009448
114.042 1.051472
115.231 0.84676
116.251 0.550208
117.261 0.56504
118.291 0.394704
119.321 0.434776
120.331 0.751944
121.342 0.5094
122.361 0.38856
123.381 0.296136
124.414 0.356112
125.431 0.84872
126.441 0.523288
127.791 0.404928
128.804 0.337928
129.821 0.386128
130.84 0.732528
131.851 0.656768
132.881 0.851328
134.081 1.16324
135.091 0.989888
136.111 0.614832
137.261 0.852
138.271 0.663232
139.331 0.74916
140.351 0.549408
141.581 0.415872
142.6 0.619832
143.76 1.139528
144.771 1.261344
145.772 1.089208
146.911 1.78696
148.101 1.28552
149.141 1.492808
150.142 1.542152
151.151 1.133536
152.16 0.765144
153.171 0.835232
154.201 0.74324
155.202 0.964992
156.241 1.064832
157.26 0.742248
158.261 1.436456
159.46 1.324848
160.47 1.03144
161.48 1.0996
162.549 1.087072
163.559 0.848592
164.569 1.368296
165.579 1.354928
166.649 1.38328
167.658 1.429056
168.659 1.31416
169.678 1.033488
170.848 1.217512
171.919 1.102536
172.937 1.149544
173.966 1.391376
174.967 1.28584
176.086 1.458048
177.087 1.052888
178.106 1.117656
179.297 1.318792
180.306 0.816008
181.366 0.71192
182.516 0.98624
183.527 1.209088
184.528 0.951048
185.536 1.148984
186.626 1.689488
187.636 0.749088
189.124 0.839352
190.125 1.20232
191.204 1.36464
192.355 1.314464
193.554 1.240192
194.564 0.869704
195.614 1.221048
196.664 1.151304
197.724 1.35156
198.884 1.248072
200.064 1.34684
201.314 1.338576
202.474 1.644816
203.484 1.616072
204.695 1.909824
205.706 1.523944
206.864 1.406448
207.964 1.49476
208.965 0.980736
