0 1.399936
1.19 1.171136
2.251 1.540656
3.252 1.340952
4.351 1.438448
5.451 1.609272
6.51 1.745104
7.619 0.713
8.629 1.12552
9.84 1.265032
10.85 1.287168
11.878 1.535264
12.88 1.397616
13.941 1.40872
15.028 1.073104
16.149 1.603288
17.349 1.677808
18.35 1.280072
19.498 1.423904
20.509 1.165856
21.519 1.094168
22.559 1.532424
23.689 1.67392
24.948 1.402064
26.119 1.578848
27.128 1.421208
28.247 1.252656
29.248 1.188944
30.257 1.378184
31.267 1.235648
32.407 1.779944
33.636 1.13528
34.637 1.318472
35.648 1.213872
36.656 0.981752
37.666 1.151048
38.856 1.311624
39.866 1.282432
40.875 1.535832
41.876 0.886536
42.895 1.139208
43.995 1.02792
45.034 0.97204
46.214 0.967496
47.234 0.435832
48.244 0.538952
49.484 0.470584
50.514 0.32832
51.534 0.170496
52.564 0.21888
53.594 0.131384
54.764 0.186048
55.774 0.142272
56.834 0.180152
57.844 0.345152
59.073 0.416448
60.194 0.559328
61.214 0.507616
62.224 0.51388
63.274 0.568104
64.354 0.49248
65.363 0.30584
66.373 0.397664
67.393 0.441752
68.404 0.603096
69.413 0.495256
70.423 0.453312
71.433 0.532448
72.483 0.445312
73.493 0.283632
74.953 0.393984
75.982 0.262208
76.992 0.301064
78.232 0.339264
79.301 0.245376
80.332 0.240768
81.352 0.240768
82.382 0.17896
83.391 0.262656
84.431 0.21888
87.011 0.115104
88.061 0.043776
89.752 0.196992
92.791 0.655816
94.37 0.656976
95.58 0.426816
96.598 0.291552
97.628 0.364832
98.638 0.608648
99.639 0.306432
100.66 0.323408
101.688 0.292344
102.728 0.175104
104.048 0.043776
105.457 0.377096
106.487 0.196992
107.517 0.153216
108.647 0.175104
109.957 0.207496
111.007 0.240768
112.027 0.194504
113.267 0.131328
117.637 0.240768
118.647 0.155072
119.931 0.295488
120.947 0.225312
122.057 0.295488
123.077 0.245272
124.127 0.361152
125.157 0.37112
126.187 0.236072
127.458 0.284544
128.487 0.087552
167.179 0.122496
173.898 0.009008
176.096 1.185472
177.247 1.908064
178.437 1.846888
179.527 1.951088
180.528 2.012136
181.697 1.762472
182.706 1.645424
183.716 1.827544
184.746 2.671168
185.756 1.939728
186.796 2.02916
187.805 1.314832
188.806 1.96672
189.926 1.948088
190.995 1.812344
192.025 1.614824
193.054 1.946816
194.143 1.859104
195.144 1.536032
196.145 1.301392
197.154 1.140768
198.155 1.094952
199.163 0.970992
200.373 1.188784
201.383 0.94052
202.413 1.284376
203.414 1.025848
204.543 1.178616
205.554 1.046392
206.563 1.23392
207.564 1.154944
208.583 0.923912
209.594 0.919936
