0 1.520544
1.002 2.646752
2.005 0.41856
3.071 1.26424
4.111 1.068472
5.27 1.294984
6.4 1.259232
7.557 1.398424
8.76 1.364312
9.761 1.285752
10.911 1.54768
11.971 1.419776
12.981 1.156536
14.12 1.255552
15.2 1.4272
16.22 1.195264
17.4 1.242576
18.401 1.451096
19.43 1.264176
20.59 1.166528
21.75 1.469648
22.752 1.285536
23.98 1.310296
24.981 1.223664
26.141 1.419528
27.36 1.107504
28.361 1.37524
29.58 1.437528
30.581 1.265616
31.76 1.371448
32.77 0.794512
33.79 0.78172
34.799 0.937832
35.81 0.951456
36.82 1.07456
37.829 1.433944
38.83 0.843096
39.84 1.193256
40.93 1.310896
41.98 1.373136
43.2 1.099016
44.21 0.922568
45.43 0.859024
46.44 0.99232
47.458 0.873472
48.489 0.676592
49.49 0.893288
50.539 1.01236
51.555 0.95728
52.56 0.78272
54.18 0.673024
55.199 0.799544
56.209 0.703392
57.43 0.754544
58.449 0.733304
59.45 0.93132
60.538 1.0324
61.558 1.217864
62.568 0.952856
63.569 0.941328
64.588 1.449416
65.589 1.32032
66.598 0.818136
67.678 1.21716
68.679 0.97732
69.68 1.139
70.7 0.834344
71.718 0.968496
72.768 1.181352
73.95 1.137912
75.077 1.1274
76.097 1.046968
77.098 1.401944
78.237 1.408568
79.337 1.124664
80.397 1.192896
81.398 1.162256
82.407 1.257432
83.552 1.453728
84.768 1.472312
85.769 0.990904
86.777 0.98532
87.787 1.09428
88.797 1.324984
89.798 1.340168
91.027 1.291728
92.028 0.89152
93.037 1.097584
94.038 1.24956
95.047 1.278928
96.057 1.105296
97.058 1.30828
98.257 1.35584
99.258 1.33396
100.267 1.158608
101.277 1.102168
102.287 0.979472
103.477 1.04024
104.567 0.989096
105.666 0.87044
106.677 0.9968
107.846 1.00124
108.857 0.648216
110.137 0.627984
111.157 0.931776
112.167 0.969144
113.177 0.699704
114.186 0.861344
115.189 0.859432
116.197 0.858904
117.267 1.2068
118.268 1.08584
119.347 1.250152
120.466 0.94016
121.497 1.101448
122.507 0.776808
123.517 1.05304
124.526 1.17608
125.607 1.310272
126.727 1.091536
127.736 1.183216
128.846 1.299272
129.967 1.287024
131.106 1.19728
132.246 0.987872
133.256 0.557296
134.257 0.943416
135.265 0.653856
136.266 0.844008
137.267 0.856104
138.276 0.839888
139.286 1.007664
140.296 1.235208
141.316 1.028336
142.446 1.082432
143.447 1.084952
144.448 1.121096
145.456 1.03524
146.586 1.025104
147.607 0.777168
148.616 0.554936
149.665 0.569032
150.666 0.39504
151.686 0.344384
152.699 0.422032
153.756 0.452584
154.986 0.485352
156.056 0.295488
157.086 0.175104
158.145 0.484728
159.146 0.520224
160.167 0.869424
161.176 0.779224
162.186 0.940128
163.196 0.836104
164.207 1.10568
165.216 0.852424
166.226 0.941872
167.236 1.139368
168.356 1.07224
169.387 0.99872
170.436 1.227776
171.437 0.983712
172.447 0.945896
173.496 1.141608
174.586 0.555176
175.636 0.957536
176.656 1.028408
177.657 1.132848
178.666 1.03616
179.876 0.969448
180.877 1.428912
182.087 1.309384
183.095 1.29724
184.104 1.102808
185.255 0.987952
186.305 0.922448
187.314 0.958168
188.345 0.994112
189.356 1.072016
190.366 0.876232
191.395 0.996752
192.413 0.893896
193.514 0.792128
194.523 0.72736
195.549 0.642656
196.553 0.508344
197.555 0.500176
198.563 0.380864
199.643 0.530128
200.773 0.625032
201.788 0.812912
202.964 0.472304
203.983 0.195064
205.023 0.207936
206.033 0.339688
207.053 0.590136
208.264 0.89312
209.283 0.498456
