0 2.584168
1.002 2.728744
2.009 2.363712
3.119 2.637488
4.13 2.679776
5.131 2.54452
6.134 2.00876
7.139 1.52324
8.609 1.284096
9.619 0.955048
10.651 0.991232
11.66 1.33628
12.739 1.565696
13.751 0.950864
14.759 1.103872
15.76 0.647376
16.779 1.132544
17.78 1.872608
18.79 1.836032
19.798 1.737608
20.809 1.957664
21.811 1.509376
22.818 1.949352
23.888 1.959936
24.912 2.145856
25.913 1.678016
26.919 1.494152
27.99 1.977792
29.029 1.821648
30.031 1.46432
31.039 1.101728
32.04 2.069496
33.199 1.610752
34.209 1.198664
35.21 2.004992
36.211 1.388416
37.25 0.5632
38.27 2.050048
39.271 1.319752
40.28 1.498112
41.299 1.01024
42.3 1.250304
43.31 0.743424
44.331 0.576472
45.62 1.681696
46.69 1.46432
47.7 1.380792
48.701 1.757184
49.712 1.282744
50.72 1.408
51.74 0.931952
52.78 0.416768
53.791 1.554432
54.792 0.685936
55.793 1.419264
56.801 0.6772
57.821 1.588224
58.831 1.413344
59.891 1.115136
60.901 1.734656
61.911 0.831648
62.931 1.227776
63.933 0.998952
64.971 0.270336
65.972 0.991232
66.982 0.544168
68.173 1.475584
69.192 0.444664
70.195 1.51204
71.202 0.722768
72.292 0.50688
73.293 1.100128
74.302 1.171456
75.312 0.89084
76.332 1.272832
77.343 0.543256
78.344 1.077896
79.35 1.261568
80.353 0.657768
81.355 1.081344
82.373 1.01092
83.383 0.94496
84.393 1.080552
85.443 0.878592
86.453 0.96432
87.455 1.18272
88.463 0.833544
89.464 0.981072
90.473 1.103872
91.474 0.587928
92.483 0.934912
93.504 0.39076
94.523 0.968704
95.524 0.460432
96.534 0.60416
97.904 1.043552
98.914 0.889832
100.074 0.811008
101.084 0.466824
102.104 0.439296
103.105 1.060888
104.294 0.878592
105.295 1.185128
106.684 0.948368
107.845 1.11244
108.846 0.608544
110.024 0.608256
111.025 0.304128
112.815 0.11264
113.856 0.134232
114.895 0.382976
115.905 0.639864
116.995 0.666576
117.996 0.994512
119.016 0.822792
120.486 0.8396
121.606 1.003192
122.607 1.04828
123.826 1.34028
124.896 1.212712
125.898 1.505584
126.907 1.576016
127.908 1.193984
128.916 1.247464
129.957 0.99792
130.959 1.083136
132.066 0.529408
133.067 1.306624
134.077 0.349184
135.845 0.382976
137.268 0.721832
138.459 1.476752
139.467 1.542152
140.667 1.20684
141.677 2.004952
142.758 2.251896
143.759 2.077976
144.879 2.288936
146.058 2.777824
147.059 1.937512
148.068 1.372456
149.069 2.079576
150.078 2.231264
151.08 2.394576
152.082 3.06072
153.084 2.794456
154.085 3.0584
155.087 2.009072
156.088 1.261568
157.103 1.430528
158.119 2.274512
159.121 2.046896
160.122 2.687896
161.259 2.095104
162.26 1.678336
163.261 2.063504
164.27 2.117632
165.279 2.254416
166.399 2.444288
167.402 2.849792
168.41 2.23456
169.42 2.133736
170.449 1.599488
171.451 2.513504
172.452 2.385744
173.461 2.049464
174.511 3.192456
175.68 3.21024
176.691 2.858552
177.702 2.674656
178.711 1.837312
179.712 3.108864
180.714 2.458272
181.721 2.204648
182.73 2.579456
183.731 2.206568
184.732 1.432072
185.845 2.275432
186.871 1.993728
187.881 2.358352
188.891 1.29536
189.931 0.288712
190.941 1.790976
191.951 0.762512
193.311 1.836032
194.321 0.8448
195.371 0.50752
196.871 1.362944
197.873 1.84224
199.251 1.644544
200.262 0.261328
201.272 1.51212
202.532 0.799744
203.542 1.06852
204.552 1.926192
205.764 2.406136
206.785 1.969056
207.793 2.130056
208.794 1.93048
209.795 2.259072
