0 0.393984
1.01 0.639136
2.03 1.512336
3.131 1.487832
4.24 1.424208
5.241 1.764104
6.242 2.126472
7.41 2.870424
8.411 2.329176
9.421 2.788152
10.422 4.35364
11.431 3.59692
12.432 2.77612
13.441 3.233608
14.443 2.786272
15.444 3.694992
16.451 2.408632
17.452 2.9554
18.461 2.725424
19.591 3.141904
20.592 3.141648
21.601 2.282304
22.611 3.09972
23.612 3.024048
24.771 3.509656
25.773 3.492392
26.921 2.374848
27.931 2.042976
28.942 2.717792
29.943 2.53008
30.951 1.630656
31.962 1.707264
32.971 1.575936
33.981 0.818936
35.001 1.160064
36.016 0.623808
37.025 0.777024
38.045 0.949288
39.055 0.952128
40.075 0.514368
41.113 0.404928
42.143 0.312152
43.163 0.908352
44.164 1.053648
45.193 1.335168
46.21 0.810632
47.22 1.324224
48.231 0.893432
49.24 1.400832
50.25 0.974776
51.259 0.678528
52.289 0.52064
53.309 1.006848
54.319 0.650816
55.32 1.214784
56.322 0.788552
57.327 1.521216
58.345 0.984528
59.348 1.698456
60.407 1.878504
61.417 1.767632
62.427 2.466512
63.581 2.037008
64.587 2.307984
65.597 1.25736
66.611 1.57028
67.612 2.490336
68.791 2.63872
69.801 2.99944
70.802 2.534872
71.811 1.815656
72.821 1.707264
73.861 0.952128
74.881 1.705368
75.882 2.418624
76.887 1.812816
77.891 1.214784
78.911 0.93024
79.941 0.8208
80.942 0.755136
81.951 0.196992
83.061 0.087552
84.071 0.10944
85.111 0.131328
86.161 0.16416
87.191 0.153216
88.231 0.098496
89.631 0.010944
101.056 0.010944
111.009 0.112504
112.018 1.145224
113.177 0.806624
114.196 0.676664
115.207 0.535632
116.216 0.709448
117.217 0.79096
118.437 0.46856
119.506 0.262656
120.867 0.224064
121.877 0.91632
122.942 0.554632
123.947 0.251712
128.237 0.120384
129.287 0.0764
130.307 0.251712
131.367 0.284544
132.407 0.229808
133.43 0.32784
134.439 0.2736
135.519 0.137568
136.919 0.530728
137.928 0.502088
138.949 0.48372
139.978 0.64592
140.988 0.4778
141.989 0.474752
142.99 0.475648
143.998 0.467552
145.008 0.530232
146.018 0.62056
147.338 1.217424
148.488 1.314896
149.489 1.328392
150.678 1.49584
151.738 1.557392
152.739 1.251888
153.75 1.50704
154.751 1.430712
155.758 1.435544
156.759 2.035584
157.769 1.38604
158.778 1.871424
159.779 1.48196
160.789 1.816704
161.79 1.556096
162.791 1.634112
163.799 1.734472
164.819 1.904256
165.839 1.135424
166.859 1.14216
167.86 1.180272
168.921 1.083456
169.929 0.207936
170.979 0.131072
172.738 0.309624
173.749 0.240768
174.789 0.175104
175.799 0.16416
176.819 0.098496
177.859 0.175104
178.945 0.131328
180.027 0.021888
182.797 0.354408
184.368 0.580032
185.377 0.3216
186.407 0.368928
187.487 0.768048
188.507 1.094296
189.547 1.222648
190.548 0.684576
191.607 0.97312
192.618 1.156288
193.628 1.357384
194.638 1.409248
195.648 1.125496
196.658 1.28884
197.667 1.137016
198.678 1.272296
199.679 1.671568
200.688 1.723232
201.698 1.701144
202.708 1.46764
203.718 1.769872
204.818 1.783872
205.828 1.319952
206.838 1.342824
207.868 1.53216
208.878 1.268072
209.879 1.291136
