0 0.372096
1.02 0.021888
4.45 0.5788
5.631 1.143088
6.69 1.04832
7.73 0.402432
8.731 0.39572
10.04 0.755136
11.046 0.914912
12.05 0.791488
13.202 0.961008
14.34 1.186096
15.36 0.741368
16.46 0.601088
17.66 0.426816
18.701 0.421304
19.71 0.51828
20.74 0.554832
21.84 0.49248
22.86 0.478984
23.89 0.519928
24.92 0.324208
25.93 0.392784
26.95 0.393984
27.99 0.310248
29.01 0.47852
30.02 0.625776
31.031 0.380056
32.15 0.196992
33.161 0.251712
34.17 0.215888
35.19 0.305584
36.4 0.361152
37.46 0.07244
38.73 0.21888
39.739 0.208
40.91 0.524232
42.06 0.470592
43.079 0.312888
44.081 0.317376
45.159 0.147344
46.269 0.142272
47.318 0.021888
48.459 0.131328
49.56 0.10944
50.629 0.068344
51.649 0.098496
52.678 0.05472
53.989 0.076608
55.043 0.05472
56.068 0.10944
57.198 0.117736
58.219 0.284544
59.238 0.217312
60.304 0.175104
61.378 0.10944
62.498 0.098496
63.558 0.087552
64.638 0.065664
65.898 0.04588
67.068 0.186048
69.158 0.2736
70.188 0.1586
71.209 0.2736
72.218 0.153216
73.578 0.075248
74.599 0.009008
76.218 0.043776
77.688 0.284544
78.718 0.142272
80.368 0.17284
81.389 0.284544
82.397 0.120384
83.437 0.043776
84.497 0.451192
85.507 0.502384
86.807 0.317376
87.837 0.255064
89.547 0.153216
90.618 0.076608
93.767 0.248144
95.017 0.424808
96.027 0.32832
97.067 0.339264
98.097 0.177192
99.107 0.16416
100.127 0.087552
101.157 0.120384
102.207 0.178744
103.477 0.21888
104.517 0.262656
105.567 0.290056
106.577 0.456664
107.587 0.482984
108.907 0.553624
109.926 0.621656
110.936 0.594088
111.946 0.523312
112.956 0.541168
113.957 0.105384
115.306 0.436448
116.676 0.467312
118.075 0.532784
119.345 1.11572
120.405 1.14792
121.435 1.290872
122.465 1.406152
123.475 1.235264
124.484 1.040304
125.485 1.150944
126.495 1.114896
127.505 1.005248
128.555 1.07504
129.605 1.13616
130.614 0.955528
131.624 1.130104
132.634 1.252184
133.813 1.450024
134.814 1.082368
135.823 1.491024
136.904 1.400168
137.945 1.414352
138.953 1.221952
140.034 1.301504
141.036 1.39308
142.043 1.611552
143.053 1.13048
144.074 1.790896
145.263 1.52248
146.273 1.249424
147.423 1.398368
148.433 1.431944
149.652 1.235144
150.653 1.218568
151.662 1.134512
152.663 1.298952
153.672 1.21408
154.673 1.115032
155.682 1.18224
156.693 1.062024
157.694 1.01864
158.702 1.045744
159.703 1.259928
160.713 1.141096
161.792 1.469552
162.793 1.161584
163.912 1.442768
165.242 1.144784
166.243 1.008536
167.322 1.208568
168.392 1.471744
169.412 1.366264
170.421 1.547536
171.662 1.453488
172.871 1.36384
173.881 0.711456
174.973 1.245952
175.981 1.198808
177.011 1.57188
178.231 1.46884
179.241 0.67096
180.242 1.348208
181.251 1.032744
182.331 1.584864
183.431 1.188736
184.432 1.423832
185.441 1.4154
186.452 1.208632
187.672 1.136416
188.801 1.030776
189.812 1.081424
190.952 1.15864
192.071 1.019192
193.13 1.246016
194.26 1.071136
195.261 1.215704
196.271 1.342664
197.279 0.992608
198.29 1.28104
199.311 1.451336
200.32 1.221288
201.33 1.511608
202.411 1.720872
203.55 1.47
204.65 1.342848
205.66 1.148096
206.67 1.084304
207.87 1.298472
208.871 1.123904
209.879 1.044448
