0 2.083904
1.007 2.637504
2.008 2.34656
3.009 2.762432
4.017 2.12768
5.018 2.440512
6.027 2.456
7.029 2.576384
8.037 2.007296
9.039 2.746944
10.04 2.598272
11.047 2.543552
12.057 2.23712
13.058 1.488384
14.067 1.357056
15.077 1.098944
16.078 1.554048
17.087 1.492928
18.094 1.050624
19.097 0.284544
20.127 0.229824
21.157 0.459648
22.208 0.284544
23.216 0.146816
24.227 0.284544
25.257 0.207936
26.286 0.503424
27.297 0.71136
28.317 1.225728
29.327 0.518912
30.347 0.5472
31.387 0.689472
32.417 0.777024
33.427 1.208384
34.449 2.166912
35.457 2.138624
36.459 2.1058
37.488 1.740096
38.528 2.40128
39.529 1.718208
40.537 1.109888
41.538 0.38304
44.937 2.51072
46.107 0.339264
47.116 0.010944
48.376 1.25856
49.377 1.930688
50.386 2.232576
51.387 2.609216
52.418 2.56544
53.427 2.412224
54.429 2.62656
55.497 2.390336
56.517 1.897856
57.518 1.794816
58.526 1.865024
59.527 2.248064
60.606 2.287296
61.616 1.74464
62.626 2.057472
63.637 2.466944
64.638 2.652992
65.64 2.849984
66.647 3.71456
67.648 3.134528
68.649 3.375296
69.65 3.101696
70.657 3.298688
71.658 2.663936
72.667 1.96992
73.686 1.919744
74.688 2.499776
75.696 3.079808
76.697 3.156416
77.699 2.823552
78.716 3.036032
79.717 3.375296
80.718 3.309632
81.736 3.265856
82.737 3.353408
83.746 2.434112
84.749 2.62016
85.756 2.631104
86.757 2.554496
87.786 3.265856
88.866 4.48064
89.867 4.874624
90.868 4.375744
91.869 4.798016
92.876 3.76928
93.877 3.178296
94.878 2.762432
95.887 2.324672
96.896 2.215232
97.936 2.976768
98.937 1.930688
99.946 2.685824
100.947 2.67488
101.949 2.670336
102.951 2.860928
103.956 2.62016
104.957 2.390336
105.958 2.849984
106.966 3.134528
107.968 3.014144
108.969 2.94848
110.055 3.129984
111.065 2.67488
112.066 2.248064
113.067 3.025088
114.075 2.029184
115.125 2.429568
116.133 1.74464
117.134 1.893312
118.144 1.843136
119.147 2.466944
120.154 2.729608
121.194 2.549952
122.195 2.40128
123.196 1.941632
124.204 2.035584
125.205 1.449152
126.206 1.761984
127.223 1.74464
128.224 2.499776
129.343 3.195648
130.344 2.280896
131.363 2.89376
132.364 2.40128
133.365 3.05792
134.381 2.860928
135.384 2.970368
136.444 3.419072
137.454 2.320128
138.463 1.985408
139.464 2.554496
140.466 1.389888
141.484 1.214784
142.504 0.420416
143.514 2.911104
144.515 2.94848
145.516 2.587328
146.525 2.466944
147.526 2.193344
148.534 2.922048
149.535 3.43456
150.645 3.287744
151.725 3.265856
152.783 3.129984
153.793 2.981312
154.794 3.719104
155.864 3.802112
156.866 2.560896
157.868 2.631104
158.873 2.456
159.874 2.368448
160.884 1.761984
161.885 1.547648
162.895 2.342016
163.903 2.56544
164.904 2.48868
165.913 1.701016
166.953 1.531328
167.963 1.051456
168.973 1.03328
169.993 1.849536
171.003 1.372544
172.013 1.663488
173.023 1.547648
174.033 1.718208
175.053 1.405376
176.073 1.127232
177.093 0.974016
178.102 0.995904
179.103 1.492928
180.111 1.897856
181.253 2.090304
182.254 0.98496
183.303 1.230272
184.304 1.028736
185.323 1.028736
186.344 0.540792
187.352 0.678528
188.373 0.634752
189.393 0.678528
190.403 0.525312
191.412 0.475136
192.423 0.415872
193.452 0.229824
194.492 0.908352
195.493 1.225728
196.502 0.847232
197.523 0.481536
198.542 0.809856
199.563 0.842688
202.334 1.14272
203.383 1.269504
204.393 0.995904
205.412 0.426816
206.433 0.310976
207.463 0.448704
208.473 0.831744
209.502 0.076608
