0 1.412736
1.008 0.983816
2.089 0.677216
3.099 1.043872
4.109 0.853064
5.11 1.126032
6.189 1.279928
7.239 1.406152
8.241 1.399424
9.259 1.242672
10.459 1.207488
11.46 1.513984
12.469 1.022688
13.47 1.305936
14.479 0.60532
15.519 1.06444
16.659 1.162472
17.768 1.18228
18.939 1.232976
19.949 0.929152
20.958 0.92876
21.971 1.048152
22.989 1.077568
23.99 0.846136
25.109 0.889184
26.139 0.99484
27.259 1.028696
28.42 1.61668
29.421 1.173792
30.429 1.021728
31.439 1.117872
32.67 1.360448
33.718 1.190128
34.719 1.298592
35.729 1.277984
36.738 1.245896
37.949 1.147592
38.95 1.109128
40.068 1.178288
41.158 1.145736
42.178 1.21408
43.349 1.158808
44.518 1.005632
45.528 1.2058
46.718 1.051472
47.719 1.0348
48.738 1.139544
49.739 1.38908
50.749 1.2544
51.971 1.355304
52.979 1.183056
54.149 0.8934
55.369 1.198488
56.658 1.062328
57.667 1.375392
58.747 1.357104
59.917 1.336096
60.919 1.323864
61.936 1.10328
63.089 1.188736
64.097 0.864672
65.249 1.224064
66.297 1.220696
67.397 1.126192
68.407 0.968456
69.497 1.319928
70.517 1.051576
71.537 1.098928
72.538 0.981264
73.707 1.280096
74.777 1.28676
75.797 1.331008
76.977 1.297024
78.167 1.16192
79.497 1.12384
80.507 0.543368
81.536 0.806416
82.537 0.774992
83.746 0.580176
84.846 0.775456
85.896 0.630872
86.897 0.701864
87.956 0.746424
89.046 0.842688
90.056 0.545824
91.227 0.734168
92.416 1.16756
93.598 1.024576
94.617 0.70128
95.626 0.751568
96.636 0.786072
97.667 0.483656
98.676 0.58876
99.837 0.61036
100.847 0.429016
101.866 0.251712
102.896 0.10944
103.906 0.186048
104.926 0.341832
105.946 0.52188
106.966 1.209096
108.076 0.533664
109.096 0.865128
110.116 0.703368
111.128 0.970752
112.146 0.972992
113.317 0.857904
114.336 0.675104
115.446 0.551272
116.486 0.7472
117.496 0.915968
118.516 1.088224
119.526 0.919848
120.527 0.925848
121.528 1.159104
122.536 0.409896
123.546 0.84444
124.735 1.115696
125.805 1.15776
126.815 1.097576
127.955 1.147856
128.965 1.265088
129.97 0.79456
130.975 1.243184
131.985 1.080144
133.127 0.673672
134.416 1.051008
135.425 1.28508
136.635 1.430472
137.645 1.055688
138.655 1.154192
139.656 0.866704
140.664 0.877816
141.665 1.202888
142.666 1.232176
143.705 1.173416
144.706 0.429008
147.645 0.533112
148.704 0.153216
149.714 0.371376
150.994 0.186048
152.014 0.120384
153.034 0.131328
154.044 0.101136
155.045 1.212088
156.095 0.605936
157.115 0.560192
158.256 1.675176
159.267 1.338496
160.465 1.635856
161.466 1.567192
162.475 1.241296
163.476 1.355592
164.485 0.982712
165.494 1.134744
166.607 1.22848
167.654 1.092496
168.695 0.94276
169.705 1.173736
170.795 1.091592
171.865 1.160488
172.874 1.106832
173.935 1.155592
174.936 1.397752
175.945 1.473256
177.165 1.270872
178.174 1.316976
179.175 1.431248
180.226 1.445888
181.234 0.853936
182.394 1.261744
183.466 1.582536
184.467 1.382224
185.475 0.448376
186.484 1.220296
187.645 1.309696
188.814 1.323232
189.884 1.153736
190.885 1.168536
192.033 1.249424
193.233 1.154744
194.373 1.274064
195.543 1.308232
196.743 1.305048
197.966 1.249544
198.973 1.056064
199.974 1.10856
200.983 0.943936
201.993 1.72276
203.004 1.35108
204.093 1.250944
205.094 1.092496
206.104 1.085304
207.113 1.03988
208.273 1.261544
209.274 1.141864
