0 0.575288
1.01 0.67344
2.13 0.701344
3.21 0.714056
4.23 0.74712
5.237 0.678528
6.238 0.424416
7.257 0.777024
8.268 0.54812
9.286 0.569088
10.487 0.56024
11.505 0.49248
12.515 0.446624
13.535 0.580032
14.536 0.51064
15.545 0.575592
16.675 0.634752
17.695 0.488872
18.705 0.43776
19.745 0.131328
21.186 0.995488
22.296 0.7864
23.316 0.630872
24.336 0.49776
25.346 0.641864
26.366 0.89964
27.375 1.194304
28.386 1.131568
29.395 1.240216
30.415 0.667584
31.435 0.52
32.437 0.974016
33.446 0.568568
34.477 0.978224
35.706 1.268552
36.726 1.134296
37.732 0.739424
38.743 1.061568
39.752 0.131072
40.854 0.819144
41.862 0.87552
42.863 0.739992
43.872 0.787968
44.882 0.644856
45.892 0.908352
46.893 0.254712
47.933 0.569088
48.943 1.337072
49.962 1.416024
50.973 1.063048
51.974 0.96316
53.113 1.503168
54.123 1.305016
55.143 0.79976
56.153 0.777024
57.183 0.32024
58.212 0.2736
59.233 0.350208
60.242 0.525312
61.262 0.322456
62.283 0.21888
63.303 0.689472
64.333 0.569512
65.353 0.59796
66.362 0.911912
67.863 1.086144
68.873 0.902152
69.883 0.858552
70.923 0.689472
71.943 0.449752
72.972 0.809856
73.973 0.551472
74.975 0.395432
75.985 0.667584
76.995 0.492296
78.005 0.74224
79.235 0.700416
80.252 0.455192
81.262 0.682912
82.452 0.623808
83.472 0.498976
84.482 0.686728
85.509 0.43776
86.52 0.321856
87.529 0.72488
88.539 0.854272
89.55 0.534312
90.579 0.580032
91.598 0.298088
92.709 0.186048
93.718 0.021888
95.479 0.262656
96.498 0.32828
97.508 0.240768
98.538 0.16416
99.668 0.098496
100.798 0.054848
101.98 0.683592
102.988 0.317376
104.038 0.145848
105.168 0.503424
106.188 0.182584
107.209 0.196992
108.279 0.142272
109.309 0.094192
110.359 0.076608
111.479 0.076608
112.741 0.043776
113.991 0.010944
115.451 0.032832
116.601 0.087552
117.691 0.076608
118.871 0.076608
119.891 0.059648
120.941 0.065664
122.071 0.065664
123.091 0.098496
124.151 0.098496
125.181 0.120384
126.473 0.44236
127.491 0.260024
128.498 0.512736
129.678 0.498184
130.888 0.47148
132.038 0.497448
133.058 0.734792
134.068 0.715072
135.078 0.726224
136.079 0.745544
137.279 0.93536
138.299 0.637632
139.318 0.821336
140.518 0.961096
141.519 0.8368
142.609 1.312096
143.638 1.386264
144.709 1.28684
145.809 1.250384
146.818 1.085528
147.828 1.594432
149.078 1.55516
150.208 0.623808
151.22 0.295488
152.278 0.16416
153.288 0.426816
154.298 0.832328
155.308 1.166296
156.318 1.101312
157.319 1.256016
158.338 1.254104
159.339 1.179152
160.346 0.958288
161.356 0.91536
162.366 0.936544
163.377 1.239456
164.379 0.972072
165.385 0.959776
166.616 1.017792
167.625 0.65664
168.635 0.689472
169.655 0.610864
170.656 0.65664
171.675 0.580032
172.695 0.623808
173.705 0.522176
174.815 0.5472
175.816 0.623808
176.825 0.438408
177.926 0.8208
178.946 0.533096
179.965 0.65664
180.975 0.306432
181.996 0.208456
183.005 0.207936
184.008 0.558144
185.016 0.453944
186.025 0.470592
187.036 0.076608
188.476 0.076608
189.745 1.147472
190.746 0.97992
191.755 1.16036
192.756 1.354928
193.795 1.361392
195.005 0.589576
196.035 0.664368
197.046 0.897408
198.055 0.609368
199.085 0.612864
200.095 0.464648
201.105 0.667584
202.118 0.46412
203.135 0.601656
204.265 0.525312
205.285 0.336624
206.297 0.393984
207.307 0.262656
208.327 0.16808
209.367 0.361152
