0 0.131072
1.84 0.261576
3.959 0.05472
5.081 0.043776
6.203 0.065664
7.438 0.05472
8.623 0.087552
9.743 0.065664
10.8 0.076608
11.94 0.065664
12.941 0.03592
14.264 0.065664
15.265 0.087552
16.439 0.05472
17.502 0.098496
18.683 0.076608
20.322 0.087552
21.78 0.06688
22.92 0.009008
23.922 0.05472
24.923 0.043776
25.945 0.076608
27.181 0.065664
28.441 0.098496
29.544 0.043776
30.6 0.087552
32.004 0.08768
33.625 0.120384
34.861 0.065664
36.105 0.120384
37.165 0.087552
38.202 0.098496
39.204 0.070728
40.423 0.10944
41.461 0.131328
42.624 0.120384
43.862 0.153216
45.124 0.080184
46.464 0.131328
47.547 0.087552
50.462 0.368632
51.644 0.131328
52.663 0.16416
53.886 0.16416
54.926 0.137968
55.983 0.20768
59.746 0.333504
60.781 0.21888
61.825 0.229824
62.863 0.13608
63.884 0.229824
64.903 0.207936
71.583 0.051936
72.603 0.142272
73.606 0.16416
74.666 0.208232
75.825 0.118456
76.924 0.251712
77.967 0.137032
79.107 0.175104
80.145 0.207936
81.327 0.099384
82.468 0.131328
83.487 0.175104
84.724 0.142272
85.726 0.048744
86.808 0.153216
87.886 0.087552
89.026 0.087552
90.046 0.067208
91.745 0.065664
92.908 0.043776
94.228 0.05472
95.404 0.065664
96.868 0.05472
98.648 0.101088
99.687 0.009016
100.744 0.05472
102.747 0.065664
103.83 0.10944
104.884 0.076608
105.906 0.043776
107.147 0.120384
108.767 0.046824
110.267 0.043776
111.365 0.043776
112.59 0.076608
124.73 0.098496
125.761 0.10944
126.831 0.10944
127.92 0.27752
128.941 1.325576
129.961 0.99296
131.052 1.486944
132.141 1.47156
133.151 1.602896
134.281 1.810176
135.282 1.978048
136.283 2.099928
137.292 3.23356
138.463 2.83808
139.482 1.660992
140.483 2.56132
141.492 2.443176
142.512 2.811608
143.513 2.336176
144.522 1.893312
145.533 1.55992
146.542 1.306776
147.672 1.521216
148.682 1.58688
149.683 2.254856
150.692 2.725056
151.693 1.467784
152.712 2.637504
153.713 2.59868
154.792 1.564992
155.793 2.514736
156.803 2.847952
157.913 2.867328
158.914 1.388816
159.922 2.714112
160.923 2.410528
161.925 3.109104
163.232 0.251712
164.234 2.528064
165.253 1.215424
166.312 2.112192
167.313 2.27256
168.323 2.629992
169.373 2.090304
170.545 2.311808
171.554 3.469248
172.555 2.402472
173.556 2.632744
174.603 2.002752
175.604 3.083032
176.614 3.305088
177.615 2.742224
178.624 2.124528
179.634 1.974784
180.833 1.9152
181.844 2.093392
182.854 2.389704
183.894 2.309184
184.895 2.232832
185.904 1.845112
186.914 1.422792
187.994 1.685376
189.004 1.20912
190.014 2.199744
191.015 1.80452
192.025 2.090824
193.026 2.417672
194.034 2.670336
195.035 2.0718
196.036 2.387128
197.055 2.489072
198.056 3.262608
199.135 3.184704
200.136 2.703968
201.137 2.723512
202.145 2.303784
203.155 1.740096
204.165 2.245784
205.185 2.789408
206.605 2.823552
207.606 1.62092
208.616 2.045528
209.625 2.429568
