0 0.065664
1.18 0.076608
2.264 0.689472
3.27 0.361144
4.86 0.525312
5.87 0.525312
6.871 0.44296
7.89 0.60192
8.91 0.744192
9.921 0.45776
10.93 0.306432
11.94 0.372096
12.96 0.30164
14.17 0.284544
15.2 0.284544
16.24 0.229824
17.25 0.15484
18.29 0.10944
20.98 1.178816
22.0 0.2736
23.01 0.5472
24.02 0.604976
25.1 0.393984
26.15 0.295488
27.21 0.098496
28.22 0.087552
29.309 0.153216
30.36 0.131072
32.566 0.360408
33.619 0.10944
34.679 0.087552
35.728 0.16416
36.739 0.131328
37.788 0.10944
38.809 0.295488
39.849 0.470592
40.879 0.230232
42.289 0.317376
43.319 0.404928
44.348 0.295488
45.349 0.196992
46.418 0.21888
47.448 0.251712
48.459 0.06668
49.478 0.2736
50.509 0.284544
51.708 0.262656
52.709 0.240768
53.748 0.284544
54.768 0.295488
55.798 0.204368
56.818 0.295488
57.838 0.207936
58.848 0.153216
59.878 0.459648
60.898 0.098496
63.859 0.909568
64.878 0.32832
65.948 0.60192
66.949 0.612864
67.958 0.506848
68.968 0.744192
69.978 0.630024
70.987 0.93024
71.988 0.936776
72.998 1.0192
74.017 1.39564
75.117 1.466496
76.127 1.012648
77.136 0.93024
78.146 0.744192
79.147 0.431128
80.155 1.0944
81.165 0.908352
82.175 0.691952
83.185 0.49248
84.226 0.426816
85.235 0.5472
86.245 0.350856
87.255 0.393984
88.259 0.306432
89.294 0.295488
90.304 0.295488
91.325 0.186048
92.333 0.284544
93.354 0.168504
94.524 0.284544
95.543 0.339264
96.554 0.339264
97.574 0.284544
98.604 0.131072
101.912 0.879208
102.924 0.229824
103.933 0.240768
104.934 0.2736
106.004 0.196992
107.024 0.113912
108.054 0.295488
109.064 0.21888
110.093 0.207936
111.124 0.175104
112.574 0.142272
113.613 0.111224
114.643 0.284544
115.644 0.2736
116.693 0.240768
117.713 0.352088
119.153 0.2736
120.164 0.16416
121.233 0.207936
122.273 0.186048
123.313 0.142272
124.573 0.10944
125.753 0.148808
127.153 0.196992
128.173 0.262656
129.183 0.404928
130.373 0.407856
131.493 0.38304
132.523 0.339264
133.533 0.3566
134.773 0.350208
135.813 0.2736
136.823 0.319552
137.863 0.43776
138.883 0.404928
139.903 0.33844
140.913 0.536256
141.923 0.54372
143.133 0.580032
144.134 0.612864
145.143 0.4812
146.163 0.60192
147.193 0.580032
148.203 0.459648
149.213 0.49248
150.223 0.41812
151.253 0.415872
152.264 0.426816
153.283 0.32832
154.291 0.295488
155.321 0.21888
156.361 0.240768
157.411 0.120384
158.451 0.087552
161.801 0.05084
162.811 1.494216
164.711 1.395048
165.751 1.466224
166.891 1.740096
167.892 1.220984
168.901 1.296304
169.911 1.3864
170.92 1.425688
171.93 1.794816
172.94 1.32756
173.941 1.33576
174.942 1.340824
175.949 1.460216
177.079 1.615704
178.309 1.415232
179.489 1.399248
180.5 1.345112
181.509 1.07692
182.519 1.23816
183.598 1.816672
184.599 1.573672
185.719 1.95808
186.729 1.71964
187.739 1.325648
188.749 1.429344
189.759 1.530912
190.761 1.245016
191.829 1.760008
192.839 1.731576
193.84 1.822224
194.849 1.550032
195.97 1.909232
196.988 1.954136
198.058 1.70204
199.06 1.779504
200.068 1.779336
201.078 1.77456
202.097 1.44196
203.137 1.654312
204.139 1.622896
205.14 1.10832
206.146 1.465952
207.155 1.04224
208.254 1.118184
209.255 1.228448
