0 3.433208
1.008 3.32364
2.069 0.16416
3.091 6.375656
4.099 4.085936
5.1 3.296528
6.128 4.97952
7.139 3.99504
8.14 4.117472
9.141 4.244
10.142 4.323016
11.148 3.217536
12.149 2.797424
13.158 2.81836
14.278 3.17376
15.279 3.22888
16.288 3.510888
17.299 3.415672
18.3 3.521512
19.302 4.32288
20.388 0.393312
22.052 6.209144
23.058 1.940752
24.067 1.990512
25.068 2.287296
26.077 2.014808
27.078 2.297184
28.087 2.092912
29.098 2.736
30.099 1.988496
31.116 1.564992
32.126 1.00056
33.176 0.470592
34.216 0.339264
35.236 0.306432
36.243 0.175104
37.926 0.076608
39.208 1.14912
40.226 1.362584
41.228 1.668328
42.236 1.740096
43.246 1.772928
44.256 1.002864
45.266 1.335168
46.267 1.543104
47.276 1.410768
48.286 1.769464
49.296 1.485984
50.297 1.649072
51.486 0.93024
52.506 0.886464
53.517 0.42024
54.526 0.612864
55.536 0.60192
56.537 0.38304
57.546 0.350208
58.566 0.339264
59.606 0.27476
60.755 0.580032
61.756 0.131072
64.464 1.601776
65.466 0.7726
66.47 1.186544
67.476 0.5472
68.486 0.306432
69.736 0.411232
73.336 0.415872
74.345 0.339264
75.376 0.286576
77.365 0.426816
78.377 0.161608
79.416 0.284544
80.436 0.257272
81.465 0.317376
82.466 0.170992
83.505 0.524112
84.676 0.769896
85.686 0.80684
86.698 0.677512
87.866 0.404928
88.875 0.24872
89.916 0.21888
90.975 0.097648
92.275 0.411704
93.365 0.842752
94.375 0.716736
95.385 0.979088
96.405 0.656672
97.425 0.961504
98.435 0.82828
99.436 1.123328
100.465 0.678528
101.485 0.393984
102.495 0.219336
103.555 0.120384
104.565 0.065664
106.005 0.2736
107.035 0.10944
108.155 0.240768
109.635 0.207936
110.885 0.1584
112.045 0.142272
113.075 0.16416
114.105 0.196992
115.106 0.195952
116.135 0.251712
117.185 0.153216
118.294 0.156568
119.395 0.131328
120.445 0.445136
121.455 0.251712
122.475 0.162152
123.575 0.240768
124.605 0.350208
125.625 0.319464
126.664 0.240768
127.704 0.1678
128.714 0.393984
129.724 0.399496
130.737 0.82876
131.754 0.817728
132.764 0.763928
133.775 0.865688
134.784 1.006392
136.175 1.000096
137.307 1.46592
138.324 1.52716
139.344 1.575816
140.553 1.423352
141.554 1.963264
142.564 1.389888
143.575 1.443992
144.584 1.432664
145.594 2.115144
146.595 2.243688
147.603 2.539736
148.773 2.879872
149.774 2.72252
150.793 2.267424
151.803 2.153448
152.804 2.396736
153.814 1.640232
154.822 2.01736
155.823 2.312784
156.824 3.108096
157.842 1.864872
158.843 1.936088
159.844 2.012408
160.852 1.987608
161.882 2.68128
162.893 1.698136
163.902 1.368
164.912 1.041656
165.931 1.14912
166.932 1.072512
167.941 0.85372
168.961 1.42272
169.973 1.211344
170.981 1.017792
171.991 1.214784
173.001 1.1828
174.171 1.42272
175.173 1.156568
176.181 1.0944
177.212 0.995904
178.231 0.780096
179.241 1.138176
180.252 1.030568
181.253 1.455552
182.272 1.29184
183.281 1.117632
184.3 1.411776
185.31 1.031088
186.311 0.908352
187.32 0.550616
188.331 0.853632
189.339 1.202328
190.349 1.595472
191.439 2.303056
192.44 2.919536
193.589 2.371704
194.59 2.082016
195.591 2.119992
196.609 2.305888
197.61 2.035584
198.611 1.974928
199.628 2.549952
200.629 2.29824
201.638 1.889528
202.648 2.199744
203.649 1.691288
204.657 1.652544
205.667 1.156776
206.677 1.357056
207.687 1.253568
208.688 2.363904
209.689 3.32692
