0 1.69112
1.009 2.287296
2.01 1.678296
3.019 2.299528
4.17 2.101248
5.205 1.071136
6.209 1.884456
7.31 2.002752
8.311 1.778112
9.319 1.588048
10.329 1.717024
11.339 1.9152
12.349 1.340144
13.359 1.58688
14.369 1.350408
15.37 1.70244
16.371 1.689
17.429 2.254456
18.599 2.385792
19.601 1.948136
20.602 1.958848
21.609 2.057472
22.619 1.650008
23.62 2.03388
24.621 2.056544
25.64 2.067064
26.649 1.719584
27.65 1.761984
28.661 0.980712
29.669 1.061568
30.68 1.006848
31.689 1.056928
32.691 1.783872
33.692 1.261984
34.699 1.554048
35.712 1.084216
36.729 0.853632
37.749 0.448704
38.92 0.317376
40.079 0.372096
41.103 0.459648
42.109 0.393984
43.139 0.326248
44.149 0.448704
45.179 0.481536
46.199 0.33404
47.21 0.558144
48.219 0.612864
49.23 0.520944
50.239 0.557104
51.24 0.853632
52.249 0.604744
53.27 0.76608
54.289 0.508056
55.339 0.594608
56.36 0.667584
57.369 0.541336
58.37 0.604856
59.39 0.714264
60.549 0.580032
61.72 0.441624
62.729 0.499904
63.81 0.65664
64.819 0.4644
65.839 0.590976
66.849 0.402856
67.85 0.569088
68.859 0.4592
69.871 0.393984
70.91 0.354952
71.949 0.306432
72.97 0.295488
74.0 0.032832
75.57 0.087552
94.532 0.01676
96.5 0.153216
98.32 0.2736
99.41 0.212784
100.421 0.25528
101.49 0.350208
102.51 0.086184
102.876 0.009008
104.005 1.240248
105.016 2.136392
106.115 1.298704
107.116 1.24036
108.145 1.179904
109.146 1.097992
110.525 1.270176
111.636 1.186912
112.637 1.225616
113.866 1.072152
114.875 1.40704
116.016 1.191824
117.036 1.157752
118.037 1.30328
119.046 1.244608
120.076 1.085408
121.145 1.252512
122.155 1.1988
123.156 1.374488
124.165 1.318896
125.365 1.330688
126.374 1.206992
127.375 1.312456
128.385 1.13016
129.554 1.24612
130.564 0.759656
131.652 1.329568
132.874 1.019192
133.954 1.09972
134.955 1.098264
135.964 1.082784
136.984 0.947264
137.994 0.943056
139.044 1.242128
140.054 0.793624
141.064 0.743696
142.065 0.42664
143.083 0.80752
144.084 1.230392
145.204 1.32412
146.214 0.882576
147.215 1.206696
148.404 1.220864
149.534 1.10636
150.654 0.809136
151.774 0.848856
152.794 0.84808
153.803 1.112704
154.804 1.05952
155.824 0.610928
156.844 0.65252
157.894 1.143688
158.994 0.4648
160.004 0.673288
161.014 0.470584
162.223 0.55264
163.234 0.525944
164.243 0.45484
165.263 0.481536
166.283 0.554984
167.284 0.820264
168.324 1.20492
169.533 0.966352
170.534 0.7586
171.633 1.07324
172.833 1.280592
173.993 1.613576
175.003 1.263928
176.013 1.005856
177.023 1.042056
178.033 1.03204
179.043 1.204664
180.063 1.020392
181.072 0.990384
182.073 0.853032
183.082 1.083192
184.262 1.1274
185.433 1.014136
186.492 1.375848
187.512 0.78052
188.532 1.24512
189.533 0.938616
190.543 1.120704
191.753 1.48508
192.893 1.300096
193.922 1.193264
194.932 1.219184
195.943 1.218096
196.944 1.047888
197.945 1.187016
198.952 1.058616
199.962 1.07224
201.022 1.029072
202.052 1.318336
203.061 0.9772
204.062 0.833688
205.091 1.396088
206.101 1.185128
207.311 1.210248
208.313 1.132336
209.321 1.255128
