0 0.667584
1.04 0.645696
2.128 0.240768
3.149 0.514368
4.169 0.284544
5.241 0.470592
6.248 0.617408
7.26 0.98496
8.268 0.262656
9.308 0.590976
10.34 0.809856
11.343 0.8144
12.36 0.612864
13.367 0.49248
14.368 1.652544
15.372 1.68992
16.379 1.788416
17.4 2.254464
18.407 1.678976
19.427 1.816704
20.431 1.481984
21.439 1.619712
22.44 1.131776
23.48 0.71136
24.488 0.87552
25.499 1.503872
26.627 1.564992
27.639 1.711808
28.747 1.816704
29.748 1.503872
30.751 1.772928
31.767 1.657088
32.787 1.871424
33.791 1.536704
34.799 1.214784
35.807 1.25856
36.82 0.518912
37.828 1.105344
38.831 1.69632
39.839 1.30688
40.84 1.75104
41.847 1.492928
42.851 1.882368
43.859 1.503872
44.868 2.145024
45.879 1.788416
46.892 1.755584
47.903 1.958976
48.907 1.996352
49.919 2.287296
50.926 1.821248
51.93 1.678976
53.058 1.9152
54.067 1.361576
55.158 1.269504
56.159 1.335168
57.166 1.208408
58.186 1.499328
59.198 1.405376
60.199 1.58688
61.206 1.52576
62.278 1.510272
63.286 1.302336
64.298 1.30688
65.306 1.543104
66.307 0.891008
67.326 1.302336
68.346 1.20384
69.399 0.60192
70.406 0.48608
71.418 1.017792
72.438 0.974016
73.486 0.098496
74.638 0.207936
75.83 0.715904
76.899 1.554048
77.906 1.521216
78.919 0.683072
79.943 0.623808
80.958 0.16416
82.399 0.262656
83.406 0.842688
84.426 0.880064
85.446 1.028736
86.465 0.963072
87.485 1.050624
88.505 0.453248
89.585 1.269504
90.597 0.853632
91.617 0.262656
92.666 0.514368
93.686 0.694016
94.697 0.974016
95.705 1.171008
96.717 1.000448
97.718 1.03968
98.726 0.798912
99.745 1.000448
100.878 0.886464
101.885 0.612864
102.905 0.623808
103.917 0.634752
104.957 0.518912
106.137 0.974016
107.138 1.083456
108.146 0.963072
109.157 1.077056
110.158 0.963072
111.165 1.503872
112.277 1.378944
113.298 1.083456
114.305 1.186496
115.325 1.991808
116.329 0.912896
117.342 0.590976
118.378 0.60192
119.386 1.006848
120.397 1.088
121.409 1.543104
122.418 1.663488
123.425 1.339712
124.445 1.6416
125.457 0.97856
126.465 1.521216
127.477 1.372544
128.489 1.6416
129.497 1.383488
130.565 1.783872
131.577 1.678976
132.585 1.86048
133.59 1.668032
134.597 1.75104
135.605 1.547648
136.617 1.718208
137.625 1.58048
138.638 1.80576
139.65 0.989504
140.785 1.674432
141.797 1.613312
142.857 1.740096
143.858 1.52576
144.889 1.521216
145.897 1.663488
146.905 1.602368
147.917 1.766528
149.097 1.761984
150.106 1.74464
151.117 1.882368
152.118 1.613312
153.125 1.389888
154.145 1.429984
155.158 1.080736
156.165 1.564992
157.185 1.3616
158.197 1.017792
159.201 1.711808
160.209 1.510272
161.217 1.591432
162.449 1.630656
163.45 1.646144
164.485 1.849536
165.486 1.722752
166.49 2.35296
167.498 1.919744
168.505 1.985408
169.577 2.13408
170.585 1.865024
171.605 2.451456
172.609 1.646144
173.61 1.74464
174.657 1.96992
175.658 1.427264
176.665 1.31328
177.678 1.411776
178.685 0.92384
179.705 2.265408
180.718 2.062016
181.725 1.897856
182.729 1.96992
183.73 1.558592
184.745 1.663488
185.757 1.274048
186.764 1.400832
187.776 1.543104
188.785 1.098944
189.796 1.291392
190.797 1.131776
191.856 1.608768
192.857 1.127232
193.904 0.372096
194.945 0.661184
195.956 0.842688
196.984 0.590976
198.016 1.105344
199.023 1.41632
200.035 1.740096
201.054 1.514816
202.055 1.269504
203.062 0.934784
204.082 1.466496
205.094 1.865024
206.102 1.575936
207.106 1.569528
208.174 1.937088
209.182 1.372544
