0 0.664592
1.19 1.052744
2.2 0.781024
3.24 0.86888
4.261 0.676288
5.29 0.528744
6.321 0.446472
8.2 0.875576
9.202 1.112112
10.421 1.268256
11.61 0.962952
12.611 0.387872
13.618 0.840496
14.62 0.593632
15.7 1.001312
16.71 0.864248
17.73 0.815472
18.76 1.04288
19.77 1.400488
20.79 1.4508
21.96 1.254664
22.97 1.034584
23.98 0.973392
24.99 0.932312
26.01 0.970992
27.09 0.967576
28.11 0.8916
29.129 1.181728
30.339 0.859392
31.379 0.967152
32.449 1.009256
33.459 1.379368
34.48 1.22172
35.699 1.362576
36.709 1.452968
37.72 0.963592
38.787 1.312864
39.957 1.37144
40.958 1.135608
42.066 1.380448
43.087 1.388656
44.096 1.361472
45.105 1.218128
46.115 1.200584
47.315 1.259616
48.563 1.261432
49.744 1.22164
50.813 1.308384
51.953 1.253896
52.972 1.35604
53.974 0.996712
54.982 0.963912
55.992 0.841144
57.002 1.182472
58.182 1.090248
59.222 1.22936
60.263 1.134592
61.272 0.87292
62.312 0.019952
63.444 0.70788
64.462 0.924632
65.472 0.901144
66.473 1.12408
67.474 1.158608
68.572 0.95108
69.584 0.99148
70.592 0.778296
71.602 0.89056
72.752 0.912112
73.772 0.566488
74.783 0.562384
75.791 1.299248
76.801 1.058824
77.811 0.67528
78.816 0.706312
79.821 0.825352
80.831 0.828336
81.861 0.372608
82.962 0.623808
84.011 0.111288
85.101 0.196992
86.131 0.14504
87.33 0.186048
88.701 0.769088
89.71 0.880056
90.711 0.97488
91.72 0.971744
92.83 1.286816
94.03 1.078304
95.13 0.97884
96.21 1.08044
97.4 0.966632
98.631 0.810224
99.642 0.3698
100.653 0.310248
101.654 0.554368
103.39 0.78728
104.391 0.689048
105.41 0.350208
107.07 0.6694
108.28 0.637176
109.29 0.533952
110.35 0.415872
111.38 0.098496
112.77 0.18384
113.939 0.58148
115.119 0.8208
116.197 0.751328
117.198 0.944128
118.217 1.223664
119.227 1.118408
120.231 1.421088
121.248 1.47584
122.258 1.15976
123.358 1.439296
124.377 1.326992
125.607 1.285416
126.608 0.706344
127.617 1.290376
128.618 1.316544
129.727 1.560776
130.728 1.218976
131.937 1.313504
132.938 1.246576
133.947 0.568872
134.957 0.45764
135.987 0.481536
136.997 0.188136
138.097 0.725944
139.098 1.272032
140.108 1.397536
141.117 1.016976
142.257 1.149976
143.268 0.403616
144.337 0.770272
145.446 0.721504
146.456 0.656872
147.476 0.637576
148.486 0.532232
149.506 0.640256
150.526 0.803832
151.546 0.575528
152.556 0.567968
153.586 0.423144
154.596 0.393984
155.645 0.221144
156.656 0.382904
157.866 0.459648
158.896 0.449464
159.916 0.486912
160.926 0.46704
161.927 0.357408
162.935 0.207936
163.986 0.40728
164.996 1.125632
166.207 1.044144
167.216 1.057616
168.226 1.137448
169.266 1.1014
170.276 1.118696
171.277 0.864904
172.278 1.19332
173.326 1.071832
174.385 0.983072
175.514 0.97388
176.654 0.861248
177.663 0.7824
178.823 0.46356
179.833 0.666392
180.842 0.754072
181.902 1.050584
182.912 1.06948
183.932 0.73908
184.943 0.981912
185.952 0.6168
186.953 0.710672
187.959 0.477288
188.963 0.378616
189.972 0.459648
190.992 0.333072
192.002 0.317376
193.022 0.228464
194.042 0.32832
195.284 0.330944
196.322 0.240768
197.382 0.087552
201.396 0.010944
202.572 0.043776
204.593 0.08216
206.702 0.021888
207.871 0.415872
208.873 0.108672
