0 5.043328
1.079 5.038784
2.08 5.108992
3.081 4.338368
4.088 3.11264
5.089 5.038784
6.09 5.05428
7.091 5.054272
8.107 3.824
9.109 4.787072
10.118 4.507072
11.137 4.688576
12.148 4.874624
13.149 4.660288
14.15 5.170112
15.151 3.806656
16.158 5.071616
17.159 4.85728
18.168 4.294592
19.169 5.174656
20.217 5.323328
21.218 4.141368
22.219 3.937984
23.22 5.257664
24.221 4.507072
25.227 4.962176
26.228 4.715008
27.229 4.393088
28.238 3.758336
29.239 3.681728
30.246 4.283648
31.258 3.448224
32.445 3.558624
33.447 4.9184
34.448 3.736448
35.464 2.959424
36.467 3.506624
37.468 4.386688
38.487 5.312384
39.488 4.85728
40.498 5.290496
41.507 4.353856
42.517 3.189248
43.518 3.298688
44.525 5.443712
45.527 4.178752
46.627 3.834944
47.628 5.4656
48.629 5.1856
49.63 5.13728
50.636 1.984552
51.644 1.533584
52.724 2.244632
53.725 1.991768
54.845 1.865408
55.855 1.816816
57.034 1.521848
58.043 1.468512
59.054 1.311336
60.064 1.444176
61.233 1.816704
62.234 1.525624
63.344 1.747448
64.354 1.722808
65.355 2.0832
66.356 2.283312
67.364 1.873264
68.365 2.361024
69.366 2.113512
71.696 2.188224
72.715 1.707728
73.716 2.057472
74.725 1.852992
75.726 2.797912
76.905 2.72844
77.906 3.020896
78.916 2.659744
79.918 2.493976
80.996 3.097152
81.997 2.257024
82.998 1.972944
84.006 2.342016
85.007 0.742792
86.016 2.165824
87.026 2.127632
88.186 2.35296
89.187 1.938296
90.196 1.67064
91.198 1.96992
92.207 1.623048
93.216 2.013696
94.217 1.14156
95.218 1.596344
96.267 1.564992
97.268 1.20192
98.277 1.871424
99.278 2.182168
100.287 1.838592
101.298 1.097128
102.307 1.42272
103.308 1.357816
104.407 1.619712
105.417 1.717864
106.418 1.749096
107.438 1.489296
108.439 1.80576
109.449 1.704056
110.45 2.43704
111.458 2.621888
112.475 3.480192
113.479 0.317376
114.729 3.178624
115.739 2.123136
116.74 1.582696
117.749 1.988256
118.751 2.232576
119.759 1.9988
120.769 2.201088
121.779 2.068416
122.78 2.035584
123.789 1.291392
124.819 0.462936
125.91 0.393984
127.09 3.272224
128.1 2.122448
129.19 2.363904
130.2 2.027096
131.201 1.559576
132.21 2.385792
133.211 2.670336
134.22 1.874776
135.26 2.199744
136.261 1.9628
137.282 1.765056
138.291 2.593728
139.301 2.17068
140.302 2.615616
141.311 1.844752
142.323 2.51712
143.331 2.213944
144.361 2.484288
145.362 2.239736
146.372 2.819312
147.421 3.239424
148.422 2.372816
149.574 2.429568
150.592 1.652544
152.134 3.246032
153.143 1.828176
154.144 2.145024
155.152 2.123136
156.153 2.136784
157.162 2.239456
158.163 2.128064
159.229 2.549952
160.233 2.517136
161.383 2.757888
162.392 1.772928
163.393 2.002752
164.394 2.560384
165.403 3.042432
166.413 2.333904
167.452 1.948032
168.462 2.616824
169.463 2.036384
170.472 2.002752
171.474 1.843216
172.504 2.057472
173.513 1.8394
174.522 2.29824
175.523 1.521216
176.525 1.267832
177.544 2.092656
178.573 2.812608
179.574 2.301408
180.575 2.873432
181.576 3.710016
182.585 1.861512
183.586 2.823552
184.594 1.862992
185.603 1.958976
186.614 2.029176
187.694 1.455552
188.706 2.265408
189.714 1.697728
190.724 2.166912
191.725 2.29824
192.726 0.131072
193.737 4.13172
194.744 2.057472
195.745 1.659528
196.755 2.823552
197.767 2.721552
199.065 2.1888
200.085 2.287296
201.095 2.416864
202.156 2.199744
203.166 1.820464
204.175 1.554048
205.176 1.619712
206.196 1.849536
207.206 1.5498
208.207 1.368
209.227 1.554048
