0 1.494536
1.01 1.48616
2.111 1.610752
3.121 1.219032
4.131 1.646696
5.132 1.266512
6.282 1.30168
7.292 1.368352
8.321 1.402424
9.332 1.115136
10.352 0.54276
11.362 1.462096
12.372 1.79968
13.373 2.158296
14.374 1.81236
15.382 1.792192
16.643 1.958856
17.644 1.332304
18.663 1.23904
19.664 1.86852
20.665 1.709944
21.673 2.230272
22.683 1.43596
23.684 2.151424
24.687 1.596824
25.714 1.993728
26.724 1.280072
27.734 2.15772
28.754 1.869824
29.755 1.357552
30.764 1.63328
31.774 0.973584
32.775 1.160192
33.785 0.799744
34.795 1.002528
35.805 1.54572
37.006 1.833744
38.007 1.986536
39.015 1.884512
40.016 1.714648
41.025 1.756344
42.026 1.42232
43.028 1.109568
44.136 1.200128
45.168 1.895712
46.336 2.016256
47.337 2.160128
48.536 2.558536
49.557 2.208344
50.567 1.964776
51.577 2.286592
52.578 1.054336
53.587 1.674664
54.598 1.565696
55.617 0.568768
56.628 1.622016
57.637 1.953256
58.638 1.896768
59.748 2.173952
60.758 1.582728
61.858 2.286592
62.869 1.720712
63.878 2.376704
64.879 1.821336
65.88 2.73372
67.069 1.160192
68.07 0.889856
69.079 0.202752
70.09 0.760328
71.151 1.926144
72.159 1.948328
73.17 2.214232
74.171 1.738568
75.21 2.081736
76.23 0.912984
77.24 1.406544
78.241 1.596976
79.25 1.352072
80.331 1.498112
81.341 1.887664
82.551 2.061312
83.552 1.529568
84.573 1.892352
85.581 1.38492
86.722 2.19648
87.732 1.736176
88.771 2.489344
89.772 1.836032
90.773 2.114136
91.952 0.540672
92.972 1.1264
93.982 0.574464
95.022 0.50688
96.052 0.247808
97.054 0.123904
98.293 0.540672
110.802 0.101376
111.892 0.07452
112.972 1.174464
114.182 1.19976
115.183 1.23352
116.184 1.318936
117.185 1.256712
118.433 1.1306
119.443 1.729272
120.454 1.652696
121.774 1.081344
122.784 1.919072
123.785 1.411864
124.794 1.666288
125.795 1.85856
126.804 1.390816
127.885 2.14016
128.894 1.462432
129.895 2.001448
130.896 1.907112
131.905 1.33452
132.915 1.646448
133.916 2.032768
134.925 1.604352
136.065 2.004992
137.066 1.79276
138.075 1.28268
139.076 2.455552
140.077 1.845024
141.078 1.697952
142.086 1.509376
143.087 1.679792
144.176 1.622016
145.186 1.559552
146.187 1.441792
147.197 0.83824
148.226 0.833536
149.227 0.90112
150.247 0.878592
151.257 0.698592
152.457 1.78716
153.467 1.1264
154.489 1.004424
155.498 1.554432
156.508 0.937304
157.527 0.551936
158.548 0.72928
159.628 1.8276
160.698 1.712552
161.727 1.453056
162.729 1.055312
163.73 1.030896
164.748 0.754688
165.749 1.1264
166.758 0.08256
167.79 2.220648
168.938 1.971408
170.009 1.509376
171.019 1.065808
172.149 1.314008
173.159 1.543168
174.161 1.39668
175.169 0.822272
176.179 0.854416
177.459 2.18896
178.46 1.66636
179.719 1.882856
180.72 1.592856
181.721 1.964264
182.722 1.775488
183.73 2.658304
184.74 1.734768
185.741 1.544976
186.761 1.7814
187.941 1.91488
188.942 1.655432
189.951 1.951744
190.952 1.930912
192.173 2.162688
193.175 2.00104
194.181 1.717896
195.182 1.881088
196.192 1.196808
197.312 0.95744
198.322 1.002496
199.332 0.878592
200.342 0.687672
201.482 0.540672
202.712 1.543168
203.713 0.966296
204.723 1.297944
205.873 0.822272
206.883 0.829504
207.954 1.103872
208.963 1.396736
209.974 1.223296
