0 0.251712
1.017 0.262656
2.027 0.23148
3.037 0.186048
4.087 0.10944
5.197 0.098496
6.207 0.05472
7.238 0.057048
8.487 0.542064
10.048 0.888024
11.068 0.831704
12.168 0.799304
13.178 0.613872
14.187 0.443224
15.198 0.392904
16.219 0.556144
17.238 0.704912
18.248 0.63008
19.258 0.926232
20.268 0.898216
21.288 0.968752
22.298 0.89536
23.299 1.06112
24.308 1.138176
25.318 0.88412
26.328 0.740208
27.339 0.87552
28.348 0.615048
29.349 0.941184
30.368 0.477016
31.379 0.810184
32.398 0.859288
33.408 0.915384
34.419 0.971808
35.518 1.0944
36.52 1.201272
37.74 1.411776
38.748 1.692808
39.969 2.002752
40.979 1.83336
41.989 1.630656
42.998 1.080808
44.011 1.597824
45.027 0.558144
46.028 0.974016
47.038 0.738648
48.04 1.105344
49.05 0.93024
50.069 0.526224
51.07 0.71136
52.089 0.514368
53.133 0.387944
54.162 0.503424
55.172 0.700416
56.18 0.71644
57.182 1.138176
58.192 0.760688
59.212 0.744192
60.232 0.569088
61.262 0.387104
62.272 0.831744
63.282 0.350208
64.302 0.196824
65.392 0.350208
66.452 0.229824
67.482 0.222552
68.592 0.10944
69.642 0.607176
70.802 0.838336
71.893 0.806816
73.002 1.025632
74.012 0.965256
75.083 1.359016
76.142 1.452704
77.152 1.262984
78.153 1.47836
79.413 1.376176
80.423 1.849648
81.424 1.266672
82.425 2.22816
83.442 2.118088
84.443 2.268208
85.453 2.409056
86.463 2.271888
87.473 2.17276
88.553 2.725056
89.555 2.106304
90.573 2.396736
91.583 0.131072
93.457 6.016176
94.463 2.702952
95.583 3.459648
96.584 2.08964
97.614 3.019512
98.624 2.878776
99.625 3.185152
100.627 3.649288
101.632 4.3776
102.633 2.280792
103.642 2.703168
104.654 1.636056
106.895 4.9744
107.915 1.991808
108.924 1.792272
109.927 2.057472
110.929 1.57052
111.936 1.974624
113.116 2.276352
114.117 1.91296
115.128 2.404408
116.137 2.371384
117.147 2.825848
118.297 2.221632
119.317 1.804616
120.318 2.670336
121.327 2.367168
122.347 2.137232
123.357 2.396736
124.358 1.600776
125.367 1.816704
126.377 1.423288
127.379 2.268008
128.507 2.159144
129.517 1.985816
130.519 1.73584
131.527 1.900416
132.537 1.971488
133.538 1.708072
134.557 1.715792
135.558 1.547752
136.567 1.723104
137.568 1.97412
138.687 1.794816
139.697 1.246864
140.698 1.820688
141.928 1.714832
142.929 1.688272
144.018 1.756696
145.068 2.155968
146.07 1.813416
147.078 2.112192
148.087 1.594656
149.088 1.53208
150.089 1.704008
151.098 1.780032
152.109 1.627552
153.119 2.057472
154.129 1.525312
155.139 1.407104
156.148 1.499328
157.168 1.496992
158.298 1.926144
159.299 1.731256
160.309 2.101248
161.329 1.738896
162.33 1.85148
163.339 2.473344
164.34 1.566616
165.341 1.575904
166.349 1.300392
167.359 1.726368
168.549 1.783872
169.558 1.241888
170.559 1.96992
171.569 2.050832
172.579 1.785568
173.589 1.974184
174.639 2.817416
175.879 3.03536
176.88 2.703168
177.889 1.83456
178.89 1.58688
179.919 0.37416
180.989 1.849536
181.999 1.050624
183.009 0.63488
184.029 1.958976
185.044 2.271584
186.045 2.209352
187.095 2.331072
188.096 1.238544
189.104 1.619712
190.105 1.416328
191.114 1.225728
192.124 1.171008
193.135 1.168504
194.145 1.597824
195.155 0.8484
196.165 1.58688
197.166 1.091936
198.175 1.42272
199.184 0.5434
200.195 1.407864
201.218 1.3488
202.275 1.4922
203.345 1.73144
204.535 1.729152
205.545 1.497528
206.565 1.627144
207.575 1.673968
208.615 1.411776
209.625 1.06336
