0 1.943712
1.001 1.925688
2.16 1.64684
3.169 1.827648
4.17 0.131072
5.621 4.224504
6.63 2.068416
7.631 1.753
8.65 2.29824
9.651 1.873792
10.66 1.707976
11.661 2.02464
12.669 1.254504
13.671 1.794816
14.679 1.294776
15.699 1.181952
16.719 0.590976
17.729 0.350208
18.759 0.339264
19.768 0.339264
21.138 0.2736
22.187 0.120384
23.207 0.10944
24.257 0.2736
25.267 0.393984
26.297 0.221984
27.357 0.251712
28.378 0.295488
29.397 0.580032
30.427 0.570144
31.447 0.2826
32.477 0.415872
33.507 0.5472
34.528 0.704624
35.537 0.666632
36.547 0.619928
37.608 0.787968
38.628 0.77756
39.64 0.528544
40.648 0.5472
41.688 0.393984
42.708 0.321144
43.737 0.295488
44.758 0.317376
45.76 0.52448
46.914 0.262656
47.934 0.404928
48.957 0.659208
49.964 0.696984
50.974 0.2898
52.254 0.229824
53.373 0.555024
54.384 0.547728
55.393 0.427368
56.395 0.435136
57.425 0.032832
68.693 0.18068
69.703 0.361152
70.704 0.457968
71.773 0.662376
72.865 1.024664
73.924 1.21136
74.934 1.381976
76.074 1.420456
77.075 1.472288
78.094 1.521144
79.154 1.568736
80.204 1.95716
81.205 1.828688
82.384 1.7012
83.385 2.099064
84.435 2.175888
85.553 2.24432
86.723 2.294344
88.293 1.127232
89.294 1.97968
90.301 2.015624
91.302 2.08524
92.311 2.033264
93.312 2.12708
94.562 2.247488
95.631 2.239248
96.751 2.284264
97.911 1.887136
98.951 1.900664
99.961 1.9152
100.962 0.621976
101.991 1.411776
103.002 1.422496
104.051 1.740096
105.052 1.304448
106.182 1.31328
107.221 1.467208
108.352 1.280448
109.361 1.19108
110.37 0.98496
111.39 0.79208
112.396 0.87976
113.401 0.88452
114.421 0.941128
115.43 1.208352
116.48 1.389888
117.507 1.204816
118.508 1.389888
119.509 1.077608
120.529 1.36632
121.589 1.794816
122.6 0.865848
123.609 1.14912
124.619 1.389888
125.628 0.837976
126.638 1.20384
127.639 0.93948
128.778 0.131072
130.39 2.815264
131.398 1.108984
132.568 1.20384
133.578 0.948736
134.588 0.974016
135.608 0.646808
136.648 0.645696
137.658 0.449288
138.708 0.853632
139.715 0.798912
140.728 0.74632
141.736 0.755136
142.746 0.71028
143.757 0.853632
144.766 0.832624
145.796 0.976192
146.876 1.0944
147.886 0.728888
148.896 1.389888
149.916 0.78204
150.926 0.72632
151.944 1.138176
152.946 0.656536
153.996 0.404928
155.016 0.612864
156.026 0.40388
157.036 0.5472
158.047 0.361152
159.076 0.301088
160.346 0.306432
161.386 0.284544
162.396 0.295488
163.436 0.33876
164.69 0.284544
165.73 0.262656
166.76 0.284544
167.801 0.295488
168.851 0.51384
170.071 0.503424
171.081 0.37272
172.091 0.525312
173.101 0.402624
174.102 0.344272
175.171 0.624112
176.191 0.654704
177.211 0.619696
178.242 0.61648
179.251 0.567672
180.261 0.4998
181.262 0.380344
182.271 0.569088
183.302 0.331312
184.331 0.306432
185.334 0.214424
186.344 0.251712
187.364 0.207936
188.384 0.1446
189.427 0.16416
190.431 0.131072
194.492 0.76176
195.502 0.229824
196.521 0.129296
197.551 0.2736
198.571 0.392584
199.582 0.500216
200.784 0.262656
201.815 0.312392
202.835 0.415872
203.865 0.301352
204.904 0.375272
206.015 0.490752
207.025 0.638056
208.03 0.788624
209.035 0.748592
