0 0.372352
1.091 0.043776
2.177 0.023576
3.266 0.098496
4.269 0.153216
5.469 0.142272
6.506 0.153216
7.508 0.186048
8.509 0.131328
9.608 0.065664
10.629 0.142272
11.648 0.098496
13.088 0.021888
14.33 0.065664
15.488 0.076608
16.509 0.05472
17.569 0.065664
18.686 0.010944
28.131 0.032832
40.366 0.781792
41.486 1.740096
42.487 1.912568
43.488 2.242592
44.496 2.128328
45.507 2.384296
46.516 1.801216
47.517 1.82308
48.526 2.13408
49.598 2.269648
50.606 2.123672
51.616 2.168872
52.626 2.441576
53.786 1.685376
54.791 1.633296
55.967 1.849536
56.968 2.297736
58.096 2.57184
59.106 1.911984
60.107 2.057472
61.116 1.923088
62.117 1.466496
63.126 1.225728
64.146 0.131072
65.55 2.48552
66.556 1.455552
67.558 1.312184
68.566 1.630656
69.567 1.491744
70.576 1.663488
71.585 1.067016
72.586 0.963072
73.588 1.0684
74.595 0.372096
75.606 0.689472
76.616 0.853632
77.626 1.047112
78.631 0.98496
79.665 0.842688
80.675 0.963392
81.695 1.028736
82.705 0.963072
83.714 1.133656
84.721 1.072512
85.741 0.558144
86.752 0.876544
87.821 1.411776
88.841 0.995904
89.851 0.787968
90.861 0.238248
91.931 0.207936
92.941 0.645696
93.951 0.404928
94.953 0.952128
95.971 0.32832
96.991 0.49248
98.001 1.11492
99.012 1.575936
100.021 1.119952
101.022 1.783872
102.031 1.021392
103.041 1.083456
104.051 1.028736
105.053 1.055016
106.054 1.072512
107.073 0.797912
108.083 1.280448
109.084 1.377656
110.092 1.466496
111.093 1.374744
112.102 1.105344
113.112 0.831744
114.128 0.787968
115.132 0.319192
116.142 0.536256
117.143 0.43776
118.162 0.262656
119.172 0.787968
120.173 1.019768
121.182 0.831744
122.192 0.393984
123.212 1.083456
124.222 0.930328
125.242 0.809856
126.252 0.448704
127.282 0.21888
128.292 0.284544
129.331 0.59848
130.432 0.60192
131.441 1.028736
132.461 1.138176
133.481 0.503424
134.483 0.32832
135.53 0.537104
136.531 0.580032
137.541 0.733248
138.551 0.798912
139.591 0.262656
140.631 0.196992
141.67 0.240768
142.731 0.098496
143.901 0.087128
144.911 0.372096
146.131 0.809856
147.141 0.503424
148.151 0.580032
149.18 0.196992
150.211 0.05472
151.331 0.634752
152.349 0.755136
153.35 0.350208
154.37 0.27756
155.559 0.229824
156.569 0.251712
157.62 0.131328
159.069 0.098496
160.089 0.16416
172.337 0.10944
173.345 0.120384
174.432 0.120384
175.475 0.120384
176.545 0.10944
177.565 0.120384
178.575 0.131328
179.665 0.10944
180.675 0.120384
181.744 0.120384
182.784 0.120384
183.835 0.010944
191.781 0.964928
192.932 1.493672
193.933 2.238456
194.934 2.096328
196.122 2.171952
197.182 1.832536
198.322 1.76352
199.343 1.519896
200.362 1.890416
201.371 1.6642
202.373 2.831352
203.381 2.014712
204.382 2.856392
205.383 3.717344
206.384 4.108064
207.385 1.918192
208.386 2.92244
209.391 2.610592
