0 0.2736
1.02 0.90204
2.042 1.378944
3.044 0.649688
4.07 0.700416
5.081 0.702328
6.11 0.678528
7.131 0.686456
8.141 0.787968
9.16 0.65664
10.161 0.42508
11.171 0.76608
12.191 0.554856
13.211 0.689472
14.221 0.451512
15.231 0.5562
16.251 0.677976
17.261 0.590976
18.281 0.333
19.291 0.883656
20.292 1.033784
21.302 0.80948
22.312 0.710616
23.322 1.09076
24.343 1.097928
25.352 1.021488
26.353 1.066016
27.362 1.225728
28.372 0.995904
29.452 0.946456
30.453 1.181952
31.462 0.576064
32.463 1.145776
33.473 0.698472
34.492 0.94144
35.612 1.138176
36.642 1.194808
37.652 0.906472
38.653 1.041184
39.663 0.8208
40.683 0.670448
41.692 1.882368
42.693 0.442384
43.703 1.14912
44.713 1.208232
46.313 0.919296
47.314 1.609504
48.333 1.190328
49.343 1.19028
50.344 1.13652
51.353 0.303352
52.373 1.547384
53.393 1.706112
54.394 1.851328
55.404 1.893304
56.424 1.274704
57.425 1.705376
58.434 1.080288
59.454 1.605632
60.464 1.830704
61.465 1.662488
62.466 1.75196
63.474 1.815752
64.674 1.368
65.694 1.38144
66.705 1.893312
67.714 0.317624
68.834 1.028736
69.845 1.559976
70.855 1.904256
71.885 1.724352
72.886 1.715032
74.035 2.057472
75.036 1.44168
76.057 2.193808
77.204 2.090304
78.205 1.333576
79.215 1.42272
80.235 1.335168
81.245 1.049664
82.265 2.101248
83.275 1.544608
84.276 1.833224
85.285 2.473344
86.286 1.690784
87.495 1.549664
88.505 1.61636
89.515 1.675248
90.525 1.984424
91.526 1.886424
92.536 1.834528
93.546 2.060952
94.556 1.483464
95.565 1.554048
96.566 1.331472
97.576 1.794816
98.586 1.466496
99.596 0.72172
100.905 1.433664
101.916 1.674432
102.926 1.499328
103.936 1.09508
104.937 1.510272
105.947 1.2526
106.966 1.129848
107.967 1.499328
108.968 0.920128
109.977 1.510272
110.987 0.688928
112.006 1.0944
113.017 1.356832
114.028 1.718208
115.037 1.14612
116.05 1.16952
117.068 0.862632
118.087 1.31328
119.088 0.932648
120.107 1.521216
121.108 1.484944
122.137 1.218392
123.307 1.160064
124.317 1.648528
125.319 1.69984
126.327 1.127232
127.328 1.3524
128.338 1.686392
129.347 2.118328
130.348 2.105872
131.558 1.8048
132.578 1.701624
133.588 1.632536
134.608 1.151352
135.638 1.31328
136.639 0.996664
137.648 1.022624
138.649 1.47744
139.668 1.123608
140.669 1.783872
141.679 1.18312
142.798 1.247616
143.808 0.913616
144.818 0.94532
145.819 1.14912
146.828 1.03152
147.849 1.332672
149.019 1.411776
150.039 0.884352
151.044 0.722304
152.053 0.645696
153.059 0.711832
154.069 1.0944
155.079 0.801824
156.089 1.017792
157.09 1.378944
158.099 1.026664
159.109 1.055424
160.299 0.941184
161.3 0.954616
162.309 1.236672
163.33 0.838152
164.34 0.974016
165.349 0.811488
166.409 0.93024
167.41 0.94948
168.43 1.192896
169.44 0.91012
170.45 0.999088
171.473 0.856608
172.481 0.962528
173.5 1.005008
174.51 0.93464
175.56 1.085352
176.72 1.26128
177.79 0.995904
178.8 0.426536
179.81 0.886464
180.831 0.708976
181.84 1.0944
182.86 1.011072
183.871 0.731904
184.891 0.76148
185.911 0.71136
186.922 0.466168
187.941 0.722304
188.961 0.646272
189.981 0.891888
191.161 0.842688
192.181 0.723192
193.202 1.288024
194.401 1.006848
195.411 0.893616
196.421 1.138176
197.432 1.225728
198.441 0.583176
199.442 1.192896
200.451 0.920184
201.452 0.823064
202.471 0.98496
203.482 0.80624
204.501 0.963072
205.512 0.807248
206.522 0.93008
207.532 1.275368
208.742 1.14912
209.752 0.823864
