0 0.554832
1.18 1.381016
2.32 0.989184
3.33 1.11364
4.332 1.543704
5.34 1.176224
6.341 1.016864
7.361 0.597016
8.439 1.027808
9.58 1.80916
10.59 1.39068
11.62 1.776152
12.63 1.93628
13.64 1.740096
14.66 0.92144
15.67 1.313856
16.88 1.378944
17.881 1.493808
18.89 1.769576
19.891 1.278512
20.9 1.704472
21.95 1.597824
22.951 1.826464
23.96 0.792312
24.97 1.96992
25.971 1.85448
26.981 1.419008
27.991 1.608592
29.001 1.127232
30.021 0.791304
31.031 1.4308
32.041 1.25856
33.462 1.415424
34.481 1.581024
35.691 1.459824
36.851 1.58688
37.852 1.183584
38.861 0.889968
39.872 1.435384
40.971 1.778216
41.972 1.939072
42.974 1.874304
43.982 1.200248
44.986 2.200248
46.002 1.60836
47.012 1.55348
48.022 2.139888
49.032 1.888944
50.052 0.419656
51.072 1.543104
52.122 1.225728
53.124 0.936096
54.133 1.965376
55.134 2.152856
56.142 2.15252
57.144 2.385792
58.156 2.160952
59.163 2.16836
60.173 1.942904
61.175 2.155856
62.182 1.948216
63.185 2.451872
64.264 1.841744
65.283 2.463248
66.284 2.359008
67.373 2.593728
68.374 0.452688
69.388 2.145024
70.393 1.567744
71.403 1.838592
72.413 1.820648
73.603 1.072512
74.604 1.707264
75.605 1.390736
76.614 1.980864
77.615 2.385792
78.623 1.069928
79.624 2.083128
80.743 2.145024
81.745 0.713112
82.763 0.87552
83.774 0.404928
84.814 0.076608
86.265 0.306432
87.574 0.404928
88.618 0.080176
89.624 0.317376
90.644 0.2736
91.665 0.5472
92.684 0.645696
93.704 0.435736
94.714 0.61808
95.765 0.5472
96.775 0.401888
97.884 0.5472
98.895 0.424816
99.905 0.733248
100.915 0.15348
102.104 0.295488
103.115 0.076608
104.255 0.459648
105.275 0.297904
106.775 0.240768
107.785 0.440744
108.795 0.65456
109.825 0.541552
110.835 0.398504
111.845 0.503424
112.865 0.546408
113.89 0.402232
114.905 0.273656
115.915 0.439104
117.365 0.521576
118.866 0.583688
119.876 0.485768
121.285 0.66708
122.296 0.417816
123.736 0.739216
124.746 0.680136
125.776 1.028984
126.966 0.846688
127.976 0.495632
129.106 0.787968
130.107 0.637032
131.126 0.8646
132.137 0.642872
133.146 0.841576
134.176 1.010752
135.316 0.985336
136.387 1.201488
137.409 1.393648
138.637 1.810904
139.649 2.046528
140.657 0.98736
141.658 2.1946
142.757 2.396736
143.758 1.773376
144.829 2.528064
145.837 1.423752
146.847 0.700416
147.877 0.05472
149.657 0.525312
150.668 0.307968
151.687 1.236672
152.688 0.659648
153.698 0.667584
154.708 0.229824
155.728 0.306488
157.058 0.065664
158.149 0.065664
159.158 0.262656
160.168 0.186048
161.188 0.350208
162.2 0.634752
163.208 0.750944
164.418 0.569088
165.419 1.319792
166.438 0.580032
167.449 0.518848
168.608 0.262656
169.619 0.404928
170.63 0.32832
171.65 0.231168
172.779 0.470592
173.799 0.72692
174.809 0.623032
175.899 0.32832
176.929 0.3874
177.989 0.46104
179.059 0.594768
180.07 0.508296
181.119 0.284544
182.129 0.253184
184.752 0.988392
185.8 0.8872
186.82 0.782096
188.26 0.930128
189.295 0.4296
190.379 0.779144
191.4 1.141808
192.53 0.820032
193.54 0.728328
194.551 0.639056
195.66 1.03968
196.661 1.16444
197.662 1.329864
198.671 0.948256
199.79 1.39876
200.791 1.072512
201.806 0.385528
202.811 0.809856
203.84 0.448704
204.86 0.262656
205.871 0.522392
206.88 0.623808
207.901 0.762496
208.912 0.906664
209.931 0.856928
