0 0.973128
1.113 1.130416
2.129 0.742112
3.14 0.532264
4.16 0.757248
5.169 0.54856
6.339 0.633288
7.34 0.910088
8.489 1.044888
9.5 1.053776
10.509 1.324672
11.51 1.200024
12.53 0.96356
13.531 0.95072
14.539 0.959744
15.569 0.3908
16.582 0.3022
17.588 0.540592
18.718 0.503424
19.738 0.06464
29.856 0.1292
31.068 0.262656
32.148 0.201568
34.598 0.40416
35.958 0.273288
37.079 0.509104
38.948 0.49248
39.958 0.12292
53.683 1.13924
54.693 0.785392
55.703 0.971968
56.853 0.987288
57.865 1.1474
59.073 1.135544
60.133 0.965368
61.143 1.131184
62.233 0.672472
63.234 1.114928
64.243 0.927664
65.359 1.279792
66.363 1.279424
67.513 1.381736
68.523 0.861944
69.533 0.84088
70.663 1.024168
71.673 0.695024
72.693 1.039944
73.723 0.698152
74.732 1.154968
75.743 0.894136
76.752 0.910264
77.913 1.071952
78.953 1.050792
80.082 1.140296
81.142 1.050984
82.162 1.210848
83.172 1.126856
84.182 1.153872
85.192 1.200032
86.212 1.265688
87.222 0.997936
88.352 1.19652
89.362 1.488712
90.363 1.176344
91.364 1.133128
92.532 1.19068
93.533 0.846528
94.702 1.128392
95.851 1.033704
96.852 0.843208
97.861 1.039688
98.952 1.15676
99.962 1.206608
101.052 1.140152
102.162 1.107064
103.312 1.149792
104.451 1.50384
105.453 1.342616
106.462 1.165856
107.472 0.885208
108.481 1.034808
109.491 0.697104
110.642 0.9092
111.662 0.95168
112.671 0.790232
113.682 0.777992
114.863 0.903968
116.012 1.176208
117.242 1.28048
118.322 1.589608
119.331 0.609056
120.411 0.96008
123.701 0.295488
124.751 0.223968
125.771 0.523384
126.791 0.479024
127.871 0.551064
128.891 0.618656
129.901 0.652712
130.912 0.6358
131.922 0.585784
132.931 0.411816
133.941 0.382328
134.942 0.446024
135.961 0.498592
136.981 0.5094
138.022 0.577104
139.042 0.55748
140.051 0.514576
141.111 0.524176
142.121 0.507184
143.191 1.006016
144.26 1.20756
145.261 1.063528
146.291 1.301752
147.489 1.531792
148.5 1.076472
149.51 1.564336
150.709 0.97648
151.71 0.925832
152.711 0.853168
153.72 1.120408
154.74 1.19932
155.749 0.978192
156.75 1.193544
157.879 0.736248
158.959 0.721056
159.969 0.963856
160.98 0.5692
162.119 0.568672
163.129 0.656216
164.229 0.883056
165.239 0.62916
166.24 0.935728
167.389 0.953408
168.579 0.934888
169.719 0.849264
170.729 0.466808
171.778 0.96704
172.779 0.665136
173.789 0.987552
174.798 0.703496
175.808 1.102504
176.819 0.808176
177.828 1.006448
178.848 1.093784
179.978 1.17456
180.979 1.00132
182.178 0.913064
183.198 1.050016
184.328 1.043696
185.478 1.060664
186.708 0.905904
187.828 1.025768
188.838 0.739104
189.848 0.710112
191.288 0.589264
192.308 0.729792
193.318 0.884464
194.328 0.276776
195.338 0.547872
196.348 0.702928
197.418 0.88968
198.647 0.869
199.658 0.999984
200.877 1.04444
201.886 0.9088
202.897 0.849992
203.906 0.790432
204.617 1.752264
205.618 2.42248
206.936 0.540736
208.166 0.505344
209.176 1.29508
