0 1.821248
1.009 3.025088
2.01 4.23988
3.02 3.397184
4.029 3.342464
5.03 3.856832
6.031 3.616064
7.039 3.977216
8.04 3.992704
9.049 3.824
10.05 3.725504
11.06 3.758336
12.069 3.616064
13.07 3.93344
14.071 3.65344
15.079 3.5504
16.089 4.414976
17.09 4.688576
18.1 4.014592
19.101 3.76928
20.109 3.7144
21.11 2.20444
22.119 3.856832
23.121 4.688576
24.129 3.802112
25.13 3.681728
26.131 3.686272
27.139 3.451904
28.14 3.408128
29.141 3.506624
30.142 3.561344
31.143 3.090752
32.149 2.576384
33.159 2.889216
34.16 3.43456
35.225 4.469696
36.229 4.633856
37.231 3.539456
38.239 2.981312
39.24 3.046976
40.241 3.0032
41.243 3.561344
42.248 3.05792
43.249 2.598272
44.259 3.22208
45.261 2.7296
46.262 3.014144
47.268 3.068864
48.269 3.49568
49.27 3.65984
50.271 3.76928
51.279 3.243968
52.281 3.05792
53.288 2.652992
54.289 2.740544
55.319 3.38624
56.32 3.16736
57.409 3.265856
58.498 3.375296
59.499 4.163264
60.501 3.2768
61.508 2.499784
62.509 3.031488
63.518 2.313728
64.528 2.882816
65.538 3.594176
66.539 3.375296
67.548 3.014144
68.549 3.834944
69.558 3.068864
70.559 3.594176
71.56 3.594176
72.568 3.265856
73.569 3.2768
74.57 2.751488
75.579 2.751488
76.58 3.16736
77.581 3.824
78.582 3.156416
79.588 2.67488
80.589 2.40128
81.59 2.488832
82.598 2.90016
83.599 3.036032
84.607 2.7296
85.608 3.014144
86.609 3.200192
87.617 2.882816
88.628 3.506624
89.637 3.539456
90.638 3.156416
91.647 1.668032
92.657 1.718208
93.667 1.952576
94.668 2.773376
95.677 3.108096
96.678 3.412672
97.747 3.364352
98.748 3.473792
99.757 3.243968
100.758 3.014144
101.788 3.184704
102.797 3.189248
103.799 2.871872
104.8 3.200192
105.801 3.014144
106.807 2.740544
107.808 3.101688
108.809 3.561344
109.817 3.616064
110.818 4.0976
111.827 3.59872
112.828 3.108096
113.836 2.707712
114.837 2.981312
115.845 3.046976
116.846 2.663936
117.847 2.226176
118.848 2.670336
119.856 2.477888
120.876 2.466944
121.877 2.412224
122.886 2.652992
123.887 3.233024
124.995 2.232576
125.996 2.302784
126.997 2.630952
127.998 2.653144
129.195 2.801664
130.196 3.583232
131.197 2.904704
132.198 2.685824
133.205 3.036032
134.206 2.652992
135.207 3.145472
136.215 3.036032
137.222 3.0032
138.226 4.086656
139.227 5.02784
140.228 3.145472
141.23 4.167808
142.231 3.845888
143.232 3.845888
144.235 3.254912
145.237 3.65984
146.245 3.287744
147.255 2.740544
148.256 3.046976
149.257 4.721408
150.258 3.178304
151.265 3.233024
152.266 3.11264
153.267 3.681728
154.276 3.2768
155.277 3.046976
156.285 2.937536
157.295 2.751488
158.297 3.156416
159.298 3.036032
160.299 2.78432
161.305 2.937536
162.306 2.013696
163.844 0.59552
164.845 1.794816
165.846 1.346112
166.856 1.613312
167.857 2.335616
168.864 2.363904
169.865 2.368448
170.866 2.62016
171.875 2.981312
172.876 3.670784
173.884 2.083904
174.885 3.5504
175.886 3.681728
176.887 4.020992
177.888 3.025096
178.895 3.38624
179.896 2.609216
180.897 3.05792
181.898 3.101696
182.899 3.911552
183.904 3.101696
184.905 3.900608
185.915 4.458752
186.916 4.211584
187.917 3.561344
188.924 4.185152
189.925 4.59008
190.926 4.780672
191.927 4.108544
192.928 4.349312
193.929 4.539904
194.931 4.491584
195.935 2.937536
196.936 3.922496
197.937 4.058368
198.945 4.469696
199.946 3.462848
200.956 3.397184
201.964 4.907456
202.965 4.080256
203.966 4.414976
204.967 4.3712
205.968 3.5504
206.985 2.981312
207.986 3.561344
208.989 3.357952
