0 1.584488
1.051 1.455552
2.07 1.170712
3.09 1.291392
4.091 0.96884
5.1 1.214784
6.102 1.01436
7.112 1.137856
8.113 1.368
9.122 0.973648
10.132 1.18756
11.137 1.389888
12.147 0.986
13.157 1.149232
14.167 1.247616
15.177 1.12384
16.188 1.619712
17.197 1.301672
18.207 1.314768
19.208 1.585488
20.428 1.539288
21.538 1.652544
22.547 1.000328
23.557 1.050624
24.558 0.786256
25.567 0.93024
26.577 0.93024
27.588 0.998944
28.598 1.368
29.618 0.91308
30.628 0.83748
31.638 0.98496
32.647 0.808408
33.648 1.389888
34.668 1.059752
35.688 1.231976
36.698 1.794816
37.699 0.979272
38.788 1.543104
39.79 1.338192
40.8 1.627312
41.807 1.803808
42.808 2.181472
43.907 1.913552
45.088 2.398296
46.096 2.191568
47.097 2.377688
48.158 2.331072
49.166 2.049208
50.257 2.037968
51.337 2.40768
52.338 1.83496
53.346 2.276352
54.356 1.704056
55.367 2.24352
56.378 2.725056
57.397 1.40844
58.399 2.101248
59.407 1.505576
60.416 2.035584
61.418 1.481264
62.438 1.6416
63.449 1.221928
64.468 1.357056
65.488 0.842688
66.498 0.575272
67.502 0.755136
68.512 0.974016
69.521 1.184512
70.612 1.444608
71.613 1.215736
72.617 1.243232
73.618 1.181088
74.636 1.803864
75.746 1.674432
76.766 1.163512
77.768 1.31024
78.777 1.203448
79.787 1.163952
80.797 1.099496
81.907 1.455552
82.908 1.15644
83.917 0.932576
84.928 0.809856
85.937 0.32832
86.987 0.576336
87.997 1.64336
89.097 1.488384
90.107 1.540936
91.117 1.091112
92.119 1.028736
93.126 1.02992
94.336 0.755136
95.346 0.623808
96.356 0.131072
97.63 1.51464
98.797 1.499576
99.806 0.645696
100.817 0.2736
101.826 0.2736
102.836 0.158792
103.837 0.16416
105.128 0.032832
107.359 1.7264
109.288 1.280448
110.289 1.223152
111.298 1.465
112.308 1.235656
113.318 1.479064
114.319 1.349368
115.398 1.51428
116.408 1.149096
117.428 1.03968
118.457 0.816376
119.477 0.880112
120.487 1.291392
121.488 0.97652
122.497 1.08376
123.596 1.236672
124.597 1.171
125.599 1.132032
126.609 1.239176
127.61 1.383464
128.62 1.652544
129.629 1.217
130.639 0.798248
131.699 1.072512
132.71 0.93024
133.729 0.438568
134.749 0.49248
135.759 0.525312
136.76 0.809856
137.761 0.059976
143.374 0.590976
144.384 0.811912
145.394 0.415024
146.485 0.372096
147.734 0.488376
148.964 0.513288
150.164 0.503424
151.184 0.23628
152.214 0.350208
153.224 0.344336
154.264 0.243448
155.344 0.2736
156.354 0.270952
157.384 0.393984
158.394 0.304864
159.404 0.407032
160.514 0.552584
161.571 0.576736
162.677 0.77476
163.694 0.702904
164.704 0.688432
165.724 0.649048
166.734 0.642128
167.735 0.501416
168.745 0.680616
169.746 0.715
170.757 0.749704
171.766 0.839688
172.767 0.601008
174.368 0.85736
175.377 0.691488
176.396 0.76608
177.407 0.699064
178.416 0.639632
179.426 0.590976
180.446 0.403888
181.487 0.567064
182.717 0.514368
183.747 0.469712
184.757 0.8134
185.768 0.853632
186.777 0.698096
187.787 0.800064
188.807 0.839048
189.817 1.001848
190.944 1.14912
191.954 0.741056
192.974 0.812872
193.975 1.302968
194.984 1.429064
195.988 1.49856
197.148 1.695472
198.568 1.006848
199.569 0.794
200.578 1.225728
201.579 0.7598
202.587 0.857464
203.597 1.181608
204.747 0.831744
205.767 0.32832
206.777 0.372096
207.827 0.66456
208.837 0.963072
209.857 0.709072
