0 0.700416
1.021 0.572016
2.071 1.160064
3.08 1.228912
4.091 1.703544
5.092 0.979112
6.101 1.050392
7.102 1.585088
8.111 1.388648
9.131 1.69632
10.132 1.213664
11.141 1.382504
12.142 2.0442
13.143 1.856616
14.152 1.42272
15.162 0.830272
16.163 1.12928
17.183 1.783872
18.193 1.30236
19.203 2.782904
20.204 3.041904
21.213 1.531544
22.224 1.912032
23.323 2.811008
24.423 1.980864
25.424 2.08652
26.425 2.320128
27.433 1.451312
28.434 1.729152
29.444 1.262104
30.454 1.280448
31.464 1.116288
32.474 1.168288
33.484 1.355112
34.485 1.806288
35.486 1.761984
36.505 1.421752
37.515 1.987744
38.715 1.521216
39.725 1.46048
40.726 1.652544
41.745 1.186384
42.746 1.849536
43.755 1.269504
44.756 1.131816
45.836 1.393432
46.846 1.73596
47.856 1.325272
48.867 1.060912
49.906 1.677904
50.907 1.995272
51.917 2.036584
52.927 2.212672
53.928 2.374848
54.929 2.0198
55.937 2.205872
56.938 2.672704
57.947 2.216928
58.948 2.60296
59.949 3.513024
60.969 2.38476
61.979 2.097136
62.988 2.62656
63.989 2.040416
65.288 1.42272
66.324 0.919296
67.328 0.746952
68.338 1.138176
69.358 1.571416
70.43 2.199744
71.439 1.940848
72.449 2.451144
73.469 2.29824
74.47 2.188056
75.629 2.363904
76.63 1.885016
77.64 2.374848
78.65 2.026112
79.651 2.532152
80.652 2.461232
81.661 2.23552
82.67 2.550384
83.851 2.393776
84.951 2.403128
86.141 2.29824
87.142 1.821432
88.143 2.16396
89.161 2.40768
90.171 2.0018
91.181 2.002752
92.191 1.466496
93.202 1.378944
94.212 0.969608
95.221 0.842688
96.232 0.722304
97.242 0.372096
98.262 0.470592
99.272 0.350208
100.292 0.32832
101.332 0.21888
102.342 0.229824
103.362 0.229824
104.363 0.229824
105.403 0.295488
106.413 0.21888
107.433 0.10944
114.235 0.087552
115.287 0.098496
116.368 0.098496
117.438 0.089568
118.698 0.786976
119.889 1.293768
120.899 1.064872
121.9 1.270328
122.909 1.434424
123.91 1.68952
125.109 1.875432
126.11 1.879392
127.111 1.983152
128.262 2.203152
129.269 1.954672
130.27 1.29104
131.271 1.40776
132.28 1.335168
133.31 1.09932
134.311 1.181952
135.32 1.168856
136.36 2.002752
137.361 1.855368
138.362 1.747872
139.371 2.159368
140.481 2.046232
141.551 2.003552
142.552 1.98132
143.553 2.073584
144.562 1.999824
145.563 2.659392
146.592 1.84688
147.602 2.637504
148.603 2.000344
149.604 2.090304
150.612 1.926536
151.622 2.528064
152.623 2.058576
153.624 2.506176
154.643 1.972232
155.644 2.495232
156.653 2.027728
157.674 0.05472
159.434 5.255712
160.553 1.171368
161.594 1.378824
162.595 1.084216
163.735 1.471496
164.954 1.335504
165.964 1.187008
167.074 1.148696
168.114 1.368808
169.115 1.345952
170.125 1.333968
171.316 1.394992
172.317 1.550616
173.318 1.143104
174.475 1.102168
175.486 1.17256
176.487 1.098864
177.695 1.251752
178.705 1.096768
179.836 1.2464
180.846 0.910872
181.896 1.186128
182.916 0.494016
183.926 0.290616
184.996 1.18124
186.116 1.195464
187.117 1.471768
188.157 1.794296
189.158 1.748496
190.297 1.398864
191.368 0.730296
192.427 1.146912
193.657 0.987904
194.698 1.503792
195.768 1.670632
196.958 1.675696
197.959 1.4844
199.038 1.806696
200.198 1.512336
201.258 1.487832
202.378 1.380432
203.409 1.435784
204.539 1.7192
205.54 0.989752
206.559 1.44508
207.729 1.59932
208.73 1.176896
