0 1.451712
1.009 1.360712
2.02 1.70484
3.03 2.115544
4.031 1.941312
5.109 2.178632
6.118 2.399968
7.119 2.245328
8.128 2.000352
9.129 2.181
10.138 2.008992
11.139 2.331072
12.147 1.613288
13.282 2.013696
14.287 1.545152
15.298 1.612224
16.306 1.674432
17.318 1.48276
18.326 1.606016
19.327 1.755024
20.336 1.69464
21.337 1.76492
22.347 2.080168
23.356 1.954408
24.366 2.011864
25.376 2.254464
26.396 1.685312
27.397 1.699224
28.404 1.937824
29.415 1.914616
30.425 2.526904
31.575 3.072112
32.705 2.97976
33.715 2.266
34.725 2.509408
35.855 2.287296
36.856 1.666144
37.864 1.674432
38.865 1.254312
39.874 0.963048
40.876 1.42272
41.885 1.156472
42.894 1.107632
43.904 1.127232
44.905 1.007
46.054 1.47744
47.055 1.619552
48.064 2.1888
49.074 1.669392
50.094 1.96992
51.095 1.731344
52.104 1.674432
53.114 1.305696
54.123 1.324224
55.133 1.006848
56.134 0.72272
57.156 0.569088
58.163 0.393984
59.172 0.404928
60.202 0.38304
61.232 0.393984
62.242 0.350208
63.282 0.307952
64.44 0.558144
65.45 0.623808
66.47 0.76608
67.48 0.60192
68.49 0.510336
69.51 0.612864
70.53 0.536256
71.55 0.623808
72.59 0.361152
73.591 0.242144
74.608 0.295488
75.617 0.306432
76.658 0.306432
77.677 0.393984
78.688 0.393984
79.717 0.459648
80.737 0.350208
81.766 0.29008
82.976 0.306432
84.016 0.251712
85.046 0.207936
86.086 0.251712
87.106 0.131072
92.423 0.131584
98.16 0.076608
99.29 0.087552
100.302 0.10944
101.32 0.10944
102.34 0.10944
103.35 0.10944
104.39 0.120384
105.44 0.120384
106.57 0.120384
107.61 0.120384
108.64 0.120384
109.72 0.10944
110.73 0.098496
111.76 0.087552
112.83 0.087552
113.84 0.0458
115.0 0.186048
116.03 0.207936
117.06 0.2736
118.1 0.317376
119.129 0.284544
120.159 0.229824
121.189 0.175104
122.229 0.05472
123.239 0.142272
124.34 0.098496
125.359 0.10944
126.379 0.120384
127.389 0.010944
146.679 0.065664
147.758 0.065664
149.117 0.032832
150.517 0.032832
151.877 0.032832
153.157 0.076608
160.074 0.032832
161.219 0.032832
162.357 0.043776
163.474 0.043776
164.554 0.05472
166.317 0.043776
167.397 0.065664
168.855 0.032832
170.022 0.021888
171.135 0.051256
172.614 0.05472
173.732 0.065664
174.836 0.076608
175.951 0.010944
180.668 0.065664
181.779 0.05472
182.788 0.032832
194.274 0.010944
195.991 0.032832
197.094 0.076608
198.211 0.043776
199.232 0.065664
200.671 0.032832
201.974 0.043776
203.395 0.065664
204.476 0.076608
205.674 0.065664
206.733 0.065664
207.753 0.076608
208.773 0.087552
209.815 0.087552
