0 2.130408
1.196 1.806
2.197 0.877232
3.236 1.465712
4.266 1.611528
5.267 1.459344
6.276 1.500128
7.277 1.625984
8.366 1.214784
9.367 0.576848
10.436 1.685376
11.446 1.259936
12.456 0.694408
13.506 1.433664
14.527 0.582352
15.556 1.368
16.566 0.50064
17.637 1.411776
18.647 0.4966
19.666 0.831744
20.667 1.293024
21.977 0.722304
22.997 1.31
24.587 0.787968
25.592 0.986096
26.627 0.536256
27.637 1.585536
28.857 0.558144
29.867 1.07852
30.907 1.291392
31.909 0.480784
32.918 1.386304
34.048 1.6416
35.052 0.31772
36.067 1.40748
37.079 1.433664
38.088 0.285944
39.089 1.017792
40.09 0.574384
41.117 0.995904
42.118 0.281584
43.167 1.225728
44.177 0.44156
45.187 0.873296
46.267 1.324224
47.287 0.446256
48.297 0.886464
49.508 0.335544
50.517 0.842688
51.527 1.038072
52.547 0.344608
53.558 0.917472
54.607 0.5472
55.617 0.40276
56.897 0.186048
57.958 0.96564
59.074 0.755136
60.098 0.528304
61.109 0.853632
62.148 0.199024
63.158 0.514368
64.177 0.266896
65.203 0.481536
66.207 0.20316
67.267 0.536256
68.278 0.625352
69.287 0.601272
70.398 0.601672
71.407 0.558568
72.458 0.311616
73.528 0.388504
74.588 0.340416
75.597 0.284544
76.618 0.404928
77.767 0.182448
78.811 0.229824
80.028 0.184232
81.208 0.339264
82.298 0.18952
83.299 0.21888
84.3 0.25584
85.398 0.562592
86.418 0.392704
87.458 0.43776
88.488 0.297104
89.549 0.21036
94.169 0.575104
95.189 0.58304
96.297 0.772376
97.299 0.97288
98.359 1.095888
99.369 0.862864
100.37 0.947656
101.459 1.172816
102.46 0.89272
103.48 1.149192
104.7 0.842688
105.719 0.746944
106.889 0.175104
108.13 1.083456
109.131 1.057528
110.319 0.733248
111.32 1.087904
112.4 1.83224
113.66 1.284296
114.76 1.619712
115.78 0.226848
116.79 1.105344
117.8 0.895912
118.81 1.858568
119.811 0.713056
120.82 1.381904
122.12 1.623784
123.161 1.732224
124.35 1.400832
125.36 0.825416
126.37 1.14912
127.371 0.704928
128.39 0.722304
129.401 0.842688
130.411 0.897408
131.412 0.462792
136.332 2.221632
137.341 1.3984
138.471 1.510832
139.491 1.185808
140.492 1.441952
141.501 1.533408
142.521 1.4194
143.532 1.991808
144.533 0.154184
145.552 1.483992
146.752 1.358096
147.754 1.67336
148.772 1.315952
149.802 1.411776
150.812 0.809776
151.832 2.15172
153.053 1.69632
154.072 0.379848
155.092 1.652544
156.102 1.117056
157.112 0.886464
158.113 1.026056
159.262 0.842688
160.267 1.33252
161.483 1.685376
162.503 1.314424
163.504 1.225448
164.512 1.280448
165.523 0.871968
166.533 1.590048
167.534 1.004904
168.553 0.892624
169.683 0.842688
170.703 1.873072
171.713 1.8476
172.724 2.167552
174.193 1.809576
175.274 1.901152
176.305 1.697528
177.394 1.956008
178.503 2.276352
179.504 1.37024
180.505 1.764136
181.514 2.017568
182.517 1.908432
183.524 2.325904
184.604 2.177856
185.624 1.631304
186.874 1.105344
187.884 1.521216
188.894 0.949576
189.974 1.6416
190.984 1.362864
191.994 1.918488
193.054 0.87552
194.055 1.206064
195.125 1.116288
196.135 1.17176
197.284 1.827648
198.305 1.04568
199.554 1.630656
200.555 2.060592
201.556 2.290304
202.755 2.549952
203.756 1.808376
204.757 1.818968
205.765 1.921168
206.775 2.017952
207.776 2.002752
208.777 1.83564
209.785 1.24548
