0 2.390336
1.04 2.670336
2.041 2.795264
3.042 2.21508
4.05 2.14972
5.1 2.232576
6.11 2.587328
7.111 2.466944
8.112 2.473344
9.12 2.390336
10.121 2.116736
11.13 2.707712
12.131 2.7296
13.132 2.812608
14.133 2.576384
15.14 3.627008
16.141 4.020992
17.15 3.295
18.16 2.306464
19.161 2.29184
20.17 1.974464
21.18 3.250368
22.182 1.974464
23.189 2.806208
24.19 3.189248
25.199 4.69952
26.201 4.20064
27.202 5.148224
28.203 4.922944
29.21 4.765184
30.219 4.3648
31.319 4.874624
32.32 4.0976
33.321 4.124032
34.368 3.320576
35.37 4.185152
36.372 4.524416
37.378 3.93344
38.379 3.583232
39.38 3.8176
40.382 4.108544
41.384 4.108544
42.387 4.239872
43.398 3.353408
44.399 3.046976
45.408 2.915648
46.417 2.390336
47.418 2.302784
48.419 1.543104
49.437 0.853632
50.447 1.284992
51.448 2.412224
52.457 2.757888
53.459 2.302784
54.478 2.642048
55.479 2.313728
56.487 2.101248
57.488 1.657088
58.498 1.411776
59.527 0.897408
60.547 1.088
61.558 1.389888
62.567 2.43412
63.577 1.96352
64.597 2.090304
65.598 2.083904
66.607 2.488832
67.608 2.926592
68.687 3.086208
69.688 2.576384
70.697 2.193344
71.707 2.806208
72.708 2.466944
73.778 2.385792
74.786 1.9088
75.796 2.412224
76.797 3.342464
77.798 3.046976
78.876 2.998656
79.908 3.33152
80.916 3.489256
81.946 3.81308
82.947 2.817152
83.956 2.35296
84.966 3.353408
85.967 3.65984
86.977 3.664376
87.986 3.648896
88.987 3.76928
89.988 4.579136
91.006 2.707712
92.007 3.200192
93.009 2.051072
94.016 2.692224
95.017 1.952576
96.025 1.624256
97.046 3.265856
98.095 3.287744
99.135 3.2768
100.185 3.2768
101.195 3.528512
102.196 3.025088
103.265 3.22848
104.273 2.051072
105.274 2.029184
106.275 2.221632
107.284 2.937536
108.286 1.875968
109.303 1.6416
110.304 1.405376
111.323 2.259008
112.404 2.035584
113.423 1.350656
114.425 1.58688
115.443 1.543104
116.444 1.602368
117.445 1.74464
118.453 2.429568
119.454 2.040128
120.455 2.576384
121.463 3.44096
122.464 2.751336
123.473 1.816704
124.474 1.296088
125.613 1.116288
126.635 1.181952
127.644 1.186496
128.645 1.58688
129.653 1.466496
130.663 1.055168
131.664 1.006848
132.673 1.171008
133.674 1.088
134.703 1.280448
135.713 1.164608
136.715 0.886464
137.728 0.470592
138.743 0.733248
139.744 1.460096
140.753 1.575936
141.763 1.241216
142.823 1.346112
143.824 1.47744
144.833 1.350656
145.834 1.75104
146.853 1.58048
147.863 1.838592
148.873 1.558592
149.883 1.958976
150.893 1.733696
151.894 1.674432
152.903 1.25216
153.904 1.324224
154.913 0.891008
155.942 1.072512
156.944 1.564992
157.952 1.722752
158.962 1.652544
159.972 0.912896
160.973 0.853632
161.982 0.667584
163.011 0.93024
164.012 1.438208
165.013 1.816704
166.022 1.25216
167.023 1.335168
168.033 1.077056
169.191 0.580032
170.37 0.569088
171.38 1.291392
172.381 1.777472
173.391 2.090304
174.401 2.34656
175.411 1.974464
176.42 1.181952
177.44 0.93024
178.441 1.241216
179.471 1.346112
180.472 1.066112
181.56 2.746944
182.561 2.379392
183.562 3.845888
184.569 2.215232
185.57 1.58688
186.58 0.59552
187.599 0.361152
188.629 0.284544
189.632 0.93024
190.639 1.438208
191.74 3.265856
192.809 3.287744
193.84 2.965824
194.841 2.160512
195.85 2.631104
196.851 2.062016
197.879 1.69632
198.88 1.444608
199.889 1.263104
200.899 0.995904
201.916 1.153664
203.019 1.072512
204.03 1.466496
205.039 0.869128
206.059 0.908352
207.079 0.689472
208.09 1.083456
209.099 0.97856
