0 1.20384
1.01 0.792512
2.052 0.995904
3.06 0.514368
6.932 1.985408
7.94 1.751296
8.941 1.73344
9.95 1.499328
10.951 0.853632
11.986 0.2736
13.019 0.223424
14.04 0.240768
15.106 0.251456
16.48 2.784576
17.9 2.07936
18.911 1.19744
19.977 2.396736
20.989 0.880064
22.048 0.120384
25.518 0.941184
26.549 0.10944
27.558 0.16416
28.579 0.142016
31.989 0.864832
32.999 0.295488
34.03 0.229824
35.099 0.131328
36.189 0.310976
37.19 0.623808
38.199 0.382784
40.84 0.700672
41.849 0.722304
42.86 1.449152
43.871 2.046528
44.88 1.755584
45.89 1.893312
46.899 1.263104
47.9 0.798912
49.13 0.350208
50.169 0.16416
51.589 0.229824
52.619 0.262656
54.181 0.43136
55.319 0.43776
56.36 0.251712
57.389 0.021888
60.489 0.514368
61.499 0.317632
69.84 0.470336
70.85 0.580032
71.86 0.92384
72.861 2.374848
73.871 2.412224
74.88 2.040128
75.881 2.374848
76.89 1.85408
77.891 1.761984
78.901 1.492928
79.91 2.543544
80.911 2.67488
81.912 3.031488
82.92 2.01824
83.931 2.094848
84.94 2.576384
85.95 3.053376
86.98 2.67488
87.981 2.740544
88.99 2.762432
89.991 2.83904
91.0 2.89376
92.01 2.7296
93.011 2.615616
94.012 2.773376
95.02 2.817152
96.03 2.795264
97.031 2.67488
98.04 2.539008
99.041 1.85408
100.05 1.733696
101.051 1.948032
102.052 0.131072
108.868 1.022592
110.806 1.685376
111.808 2.499776
112.816 2.499776
113.826 2.987712
114.827 2.40128
115.828 2.379392
116.837 2.740544
117.838 2.532608
118.84 2.801664
119.846 2.412224
120.847 2.01824
121.848 2.385792
122.866 1.886912
123.867 2.12768
124.876 0.886464
125.885 0.667584
126.886 0.831744
127.906 0.92384
128.916 1.236672
129.925 1.116288
130.936 0.880064
131.946 1.14912
132.956 1.378944
133.976 1.339712
134.978 1.400832
135.985 1.175552
136.996 1.072512
138.005 0.87552
139.006 1.022336
140.026 1.302336
141.046 1.291392
142.066 0.97856
143.076 0.995904
144.085 0.864576
145.105 0.733248
146.116 0.792512
147.145 0.864576
148.155 0.678528
149.156 0.361152
150.316 0.38304
151.335 0.420416
152.495 0.831744
153.505 1.160064
154.506 0.941184
155.515 0.92384
156.517 0.908352
157.525 0.87552
158.545 0.842688
159.555 0.847232
160.556 1.017792
161.565 1.006848
162.566 1.164608
163.575 0.87552
164.576 0.941184
165.585 0.803456
166.6 0.612864
167.61 0.831744
168.615 1.335168
169.625 1.263104
170.645 1.31328
171.665 1.175552
172.675 1.006848
184.858 0.426816
185.888 0.974016
186.898 0.858184
187.928 0.908352
188.938 1.061568
189.948 1.138176
190.958 1.186496
191.968 1.291392
192.969 1.164608
193.978 1.061568
194.988 0.131072
196.292 1.32448
197.428 0.617384
198.439 1.160064
199.458 1.061568
200.488 1.24124
201.489 1.6416
202.498 1.47104
203.499 1.302336
204.507 0.777024
205.528 0.831744
206.529 0.737792
207.547 0.8208
208.567 0.76608
209.577 1.214784
