0 1.46432
1.01 2.14016
2.019 1.502592
3.02 2.208376
4.022 1.924704
5.041 1.925536
6.051 1.980064
7.113 2.04164
8.116 2.154128
9.141 2.08384
10.142 1.713872
11.151 1.621712
12.152 2.038784
13.161 1.278208
14.162 1.424384
15.181 0.634496
16.312 1.711272
17.452 0.95744
18.462 0.709632
19.512 0.616648
20.532 1.246064
21.533 1.609
22.543 1.58396
23.574 1.837024
24.583 1.360144
25.593 1.565696
26.603 1.333152
27.614 1.501768
28.876 2.146856
29.884 1.39248
31.054 0.8448
32.084 0.135168
33.116 1.378704
34.124 2.004992
35.144 0.781784
36.154 1.990992
37.164 1.836032
38.165 1.156136
39.265 2.410496
40.275 1.257328
41.284 1.937408
42.285 1.486848
43.295 1.237392
44.296 1.610752
45.305 0.819256
46.346 1.314464
47.355 1.227776
48.365 0.161584
63.812 0.439296
64.852 0.687104
65.872 0.923648
66.922 0.885296
68.173 0.791648
69.187 0.961536
70.222 0.826368
71.303 1.301912
72.305 1.288616
73.313 1.240696
74.323 1.096712
75.324 1.46728
76.333 1.151256
77.334 1.527736
78.354 1.122344
79.364 1.07924
80.366 0.801936
81.373 0.05632
83.624 1.103872
84.645 0.81524
85.654 1.303896
86.664 1.39552
87.665 1.394968
88.685 0.822272
89.686 0.691272
90.695 1.038376
91.705 1.250304
92.706 0.982736
93.716 1.408
94.717 0.71876
95.726 1.598576
96.746 1.495344
97.866 0.371712
98.896 0.180224
100.807 1.968576
101.817 1.94844
102.834 1.70292
103.837 1.388824
104.847 1.864048
105.852 1.306984
106.927 2.364328
107.928 2.025128
108.937 1.26256
109.998 1.148928
111.008 0.91084
112.009 1.064192
113.168 0.720896
114.178 0.687104
115.188 1.285464
116.189 1.397376
117.199 0.98204
118.228 0.8448
119.229 0.74744
120.45 0.5632
121.47 0.461824
122.479 0.282544
123.499 0.371712
124.51 0.101376
126.119 0.876408
127.139 0.461824
128.15 0.461936
129.17 0.349184
130.2 0.371712
131.23 0.27488
132.25 0.191488
133.27 0.146432
134.331 0.157696
135.36 0.078848
137.141 0.045056
139.061 0.304128
140.111 0.179024
141.121 0.259072
142.131 0.247808
143.171 0.234632
144.172 0.259072
145.181 0.225864
146.192 0.270336
147.212 0.268544
148.422 0.236544
149.482 0.22528
150.493 0.16852
151.633 0.144496
152.673 0.191488
153.714 0.146432
154.873 0.505704
155.883 0.745632
156.884 0.497192
157.893 0.583256
158.903 0.659064
159.913 0.854648
160.914 1.198144
161.923 1.040192
162.924 1.217824
163.934 0.991728
165.114 1.308184
166.215 0.777216
167.225 0.881648
168.235 0.356648
169.245 0.292864
170.275 0.236544
171.305 0.164888
172.325 0.304128
173.375 0.236544
175.316 0.56308
176.355 0.326656
177.356 0.220336
178.376 0.202752
179.666 0.236544
180.686 0.209976
181.706 0.2816
182.757 0.123904
183.767 0.064048
185.697 0.483296
186.738 0.094264
193.085 1.286288
194.094 1.153968
195.264 1.17456
196.265 1.165688
197.266 0.8636
198.375 1.339784
199.395 1.432672
200.405 1.142576
201.635 0.826096
202.806 0.948576
204.055 1.261568
205.056 0.536024
206.076 1.453056
207.077 1.536136
208.086 1.378712
209.376 1.23388
