0 0.332272
1.05 0.96408
2.09 1.096816
3.15 0.630048
4.151 0.738912
5.16 0.518168
6.18 1.11316
7.34 1.111296
8.341 0.68368
9.35 0.523688
10.389 0.323152
11.4 0.409536
12.418 0.481536
13.458 0.40956
14.468 0.691952
15.478 0.672744
16.488 0.755024
17.668 0.831776
18.678 1.000688
19.699 1.33948
20.708 1.548936
21.718 1.268024
22.768 1.387792
23.77 0.976976
24.798 1.203424
25.808 1.152536
26.958 1.08964
28.108 0.613472
29.118 1.01428
30.318 0.84328
31.328 0.751136
32.348 0.95784
33.358 0.454432
34.368 0.290912
35.408 0.240768
37.128 0.243344
38.168 0.196992
39.208 0.196992
40.248 0.155488
41.268 0.196992
42.337 0.207936
43.358 0.1448
44.377 0.16416
45.438 0.16416
46.467 0.117544
47.478 0.521224
48.538 0.415872
49.568 0.1812
50.605 0.38304
51.627 0.31832
52.638 0.339264
53.648 0.16416
55.065 0.63796
56.287 0.650712
57.327 0.404928
58.757 0.078864
59.867 0.49248
60.897 0.542344
62.043 0.570352
63.059 0.555128
64.066 0.523456
65.067 0.236384
66.123 0.207936
67.167 0.352224
68.178 0.721304
69.326 0.932024
70.327 0.96552
71.338 0.999296
72.406 1.138904
73.407 1.055272
74.417 1.365712
75.418 1.122424
76.527 0.951776
77.537 0.887904
78.546 1.433136
79.547 1.132264
80.617 1.59432
81.618 1.081928
82.637 1.546192
83.727 1.061712
84.807 0.909848
86.246 1.420248
87.386 1.2092
88.415 1.516888
89.425 1.256616
90.484 1.473792
91.644 1.328264
92.654 1.394264
93.744 1.674784
94.874 1.8114
96.074 1.680272
97.163 1.458656
98.216 1.237248
99.442 0.986608
100.47 0.987408
101.58 0.809424
102.591 0.773568
103.72 1.036712
104.73 0.985544
105.74 0.94208
106.765 1.097888
107.881 1.00708
108.892 0.988024
109.96 1.097344
110.961 0.679032
111.972 1.016792
112.991 0.668848
114.001 0.89132
115.132 0.793544
116.14 0.586832
117.15 0.530688
118.22 1.077904
119.221 0.865672
120.23 0.98452
121.24 0.665688
122.251 1.0748
123.26 0.510416
124.44 0.694984
125.452 0.814528
126.471 0.46696
127.49 0.553304
128.511 1.058072
129.52 1.090472
130.54 1.474544
131.55 1.36388
132.661 1.537352
133.871 1.424648
135.07 1.647176
136.271 1.694744
137.38 1.805832
138.381 1.39092
139.39 0.918328
140.391 0.753312
141.4 1.21728
142.41 0.67028
143.51 0.73324
144.52 0.772472
145.54 0.650744
146.554 0.553664
147.579 0.869952
148.629 0.907864
149.639 0.797336
150.649 0.916024
151.739 1.043632
152.769 1.04048
153.959 1.352304
155.019 1.60092
156.039 1.70116
157.053 1.156464
158.079 1.061032
159.089 0.976904
160.129 1.285008
161.139 1.1266
162.149 0.914784
163.169 0.900936
164.179 0.772504
165.191 0.889632
166.219 0.81316
167.399 0.822096
168.409 1.005152
169.529 1.23528
170.628 1.118536
171.749 1.090208
172.828 0.801944
173.848 0.952536
175.008 1.03112
176.098 1.649712
177.1 1.312496
178.129 1.745536
179.138 1.872256
180.148 1.326656
181.198 1.466704
182.213 1.460072
183.217 1.347664
184.267 0.762848
185.276 0.707904
186.376 0.780512
187.386 0.849816
188.387 0.813728
189.466 1.21632
190.467 0.793016
191.476 0.925488
192.477 1.026168
193.555 0.984056
194.566 0.669704
195.575 0.460512
196.585 0.16416
198.286 0.676288
199.294 0.710696
200.304 0.261664
201.316 0.434272
202.334 0.48216
203.495 0.926744
204.635 0.978088
205.704 0.878464
206.796 0.831112
207.944 0.945864
208.964 0.882352
209.965 0.70988
