0 3.98176
1.001 4.732352
2.002 4.52896
3.003 4.984064
4.011 4.922944
5.012 5.02784
6.013 4.605568
7.06 4.250816
8.071 5.579584
9.129 4.962176
10.13 4.879168
11.171 4.798016
12.181 5.032376
13.25 5.071616
14.251 4.579136
15.252 4.660288
16.254 5.268608
17.255 4.80256
18.256 5.098048
19.29 5.421824
20.291 5.207488
21.293 5.181056
22.294 4.288192
23.3 4.732352
24.301 4.660288
25.352 4.611968
26.355 5.229376
27.45 4.633856
28.451 5.038784
29.452 4.507072
30.453 4.513472
31.46 4.244416
32.5 4.228928
33.501 4.885568
34.502 4.025536
35.503 5.115392
36.504 4.846336
37.51 4.283648
38.54 5.371648
39.579 5.35616
40.58 4.485184
41.63 5.345224
42.64 4.813504
43.641 5.049728
44.642 4.901056
45.643 5.224832
46.67 5.108992
47.671 5.16996
48.672 2.762584
49.673 4.550848
50.674 5.432768
51.677 4.977664
52.683 5.202944
53.69 4.518016
54.691 5.181056
55.692 4.321016
56.693 5.202944
57.833 5.1856
58.836 5.060672
59.84 4.846336
60.842 5.224832
61.848 4.189696
62.849 5.159168
63.852 4.58368
64.854 3.813056
65.856 4.9184
66.859 4.561792
67.868 4.338368
68.878 4.31648
69.888 4.41952
70.899 4.73236
71.9 4.397632
72.902 4.622912
73.903 5.071616
74.918 4.178752
75.919 4.787072
76.92 4.485184
77.928 4.6448
78.929 4.305536
79.93 3.419072
80.932 4.408576
81.939 5.005952
82.94 4.156864
83.947 4.852736
84.948 4.977664
86.028 3.977216
87.029 3.966272
88.03 4.721408
89.032 4.03648
90.038 4.743296
91.048 3.44096
92.049 4.141376
93.05 3.751936
94.078 3.93344
95.079 3.911552
96.087 4.294592
97.088 4.119488
98.097 3.390784
99.117 4.053824
100.118 4.42592
101.119 4.010048
102.121 4.441408
103.127 3.9006
104.129 4.053824
105.13 3.484736
106.137 3.375296
107.138 3.911552
108.139 3.839488
109.14 3.60512
110.147 4.798016
111.148 3.736448
112.149 3.506624
113.156 2.817152
114.166 2.806208
115.176 2.7296
116.177 2.652992
117.186 2.67488
118.196 2.648448
119.197 2.248064
120.198 2.269928
121.206 2.560896
122.207 2.17148
123.216 2.062016
124.217 2.707712
125.226 2.51712
126.236 2.652992
127.246 2.751464
128.247 2.543576
129.248 2.357504
130.336 2.746944
131.348 2.215232
132.356 1.580328
133.416 1.685376
134.436 1.591576
135.685 1.783872
136.686 1.569536
137.696 2.79072
138.697 2.34656
139.706 1.777472
140.707 1.324224
141.715 1.514816
142.785 1.53216
143.786 1.466496
144.795 1.886912
145.796 3.539456
146.806 3.036032
147.817 3.134528
148.826 3.178304
149.827 3.802112
150.828 2.981312
151.836 1.777472
152.837 1.488384
153.855 1.919744
154.866 2.801664
155.867 1.865024
156.875 2.598272
157.886 2.313728
158.895 3.097152
159.896 2.83904
160.897 2.302784
161.905 2.01824
162.915 2.736
163.916 2.248064
164.935 1.9088
165.946 2.396736
166.947 1.514816
167.965 2.259008
168.966 2.374848
169.975 1.974464
170.977 2.357504
171.985 2.374848
172.986 2.499776
173.995 2.67488
174.996 2.368448
175.998 2.637504
177.006 2.248064
178.016 2.357504
179.025 2.335616
180.026 2.539008
181.045 2.543552
182.046 2.335616
183.047 2.434112
184.055 2.604672
185.065 2.094848
186.075 2.16052
187.077 2.568152
188.085 2.722344
189.086 2.78432
190.095 2.587328
191.105 2.576384
192.115 2.992256
193.116 3.375296
194.117 2.926592
195.125 2.981312
196.185 3.031488
197.186 2.642048
198.195 2.663936
199.196 2.434112
200.205 2.456
201.206 2.123136
202.207 2.313728
203.215 2.149568
204.225 2.768832
205.235 2.007296
206.245 2.094848
207.246 2.342016
208.255 1.974464
209.256 2.434112
