0 1.529192
1.001 1.292928
2.008 1.46596
3.228 1.490672
4.268 1.261464
5.269 1.53856
6.288 1.487264
7.308 1.319808
8.318 1.252464
9.328 1.619712
10.338 1.1564
11.348 1.214472
12.768 0.831744
13.778 1.06336
14.779 1.411776
15.788 1.125632
16.798 1.229296
17.799 1.361232
18.868 1.626968
19.888 1.583048
20.898 1.319136
21.908 0.919296
22.918 0.722984
23.928 1.980864
24.929 1.603424
25.93 1.854672
26.938 1.509184
27.949 1.25856
28.95 1.05432
29.959 1.577176
30.96 1.680408
31.969 2.137136
33.045 2.24352
34.046 1.467664
35.055 1.236672
36.064 1.110624
37.164 1.006848
38.184 0.678528
39.194 0.404928
40.945 0.812144
41.955 1.346112
42.956 0.614456
43.964 0.8208
44.974 0.673976
46.135 0.809856
47.154 1.179136
48.164 1.026792
49.175 1.017792
50.195 0.692624
51.204 1.411776
52.205 1.546928
53.215 1.843944
54.225 1.4686
55.245 1.619712
56.255 0.945352
57.265 1.236672
58.275 1.253488
59.283 1.206664
60.284 1.171008
61.293 1.117024
62.303 1.049808
63.304 1.548
64.305 1.201808
65.425 1.050624
66.426 0.899736
67.485 0.974016
68.515 0.623808
69.525 0.240768
71.055 0.288632
72.075 0.240768
73.105 0.153216
74.195 0.16416
75.255 0.175104
76.325 0.131072
83.517 0.828656
84.524 0.196992
85.564 0.220568
86.604 0.361152
87.624 0.310752
88.814 0.240768
89.824 0.317376
90.884 0.342944
91.885 0.393984
92.904 0.321752
93.915 0.295248
94.935 0.494608
96.214 0.426816
97.223 0.299072
98.234 0.393984
99.283 0.522696
100.284 0.834712
101.294 1.047344
102.298 0.85516
103.384 1.185216
104.385 1.1234
105.608 0.908496
106.683 0.974912
107.853 1.320888
108.863 1.143512
109.873 1.161336
111.083 1.3378
112.244 1.411312
113.453 1.330384
114.583 1.335168
115.584 1.04276
116.603 1.278832
117.614 1.3922
118.623 1.278272
119.643 1.516472
120.654 1.733704
121.664 1.998656
122.734 2.199744
123.735 1.55668
124.745 1.685472
125.754 2.065896
126.764 1.79536
127.765 1.783808
128.783 1.86048
129.784 1.426816
130.804 1.361264
131.814 1.163808
132.823 1.47744
133.834 1.076344
134.844 1.328552
136.014 1.619712
137.024 1.196128
138.044 1.269504
139.054 0.795224
140.074 1.276496
141.075 1.31436
142.104 1.31152
143.254 1.31328
144.255 1.193968
145.264 1.488384
146.285 1.316856
147.293 1.262408
148.453 1.357056
149.463 1.017792
150.473 0.679368
151.484 0.339264
152.493 0.229824
153.733 0.831744
154.743 0.503424
155.763 0.376032
156.773 0.65664
157.783 0.76608
158.793 0.526144
159.813 0.689472
160.844 0.590728
161.853 0.514368
162.873 0.470592
163.883 0.536256
164.903 0.453928
165.944 0.5472
166.963 0.450552
167.983 0.5472
168.984 0.481536
169.992 0.23976
171.012 0.393984
172.032 0.404928
173.062 0.271504
174.086 0.393984
175.106 0.415872
176.107 0.393648
177.137 0.44176
178.207 0.502928
179.417 0.481536
180.457 0.306512
181.477 0.496296
182.487 0.568688
183.557 0.650032
184.567 0.592824
185.577 0.492936
186.597 0.456104
188.117 0.459648
189.127 0.427
190.147 0.383632
191.287 0.290712
192.577 0.415872
193.597 0.350984
194.618 0.388752
195.637 0.43776
196.647 0.355936
197.687 0.378464
198.698 0.407504
199.707 0.494752
200.811 0.516896
201.831 0.522472
202.901 0.543112
204.021 0.520464
205.032 0.712304
206.264 0.594336
207.269 0.678376
208.271 0.72732
209.282 0.757392
