0 1.088
1.02 1.181952
2.033 1.214784
3.04 1.120832
4.053 1.455552
5.06 1.572248
6.065 1.354344
7.072 1.663488
8.08 1.503872
9.092 1.937088
10.105 1.700864
11.112 1.79936
12.113 2.145024
13.12 1.919744
14.124 2.254464
15.125 1.569536
16.14 1.813016
17.141 1.551336
18.152 1.733696
19.24 1.488384
20.244 1.788416
21.352 1.9152
22.36 1.514816
23.373 1.991808
24.38 1.733696
25.381 2.090304
26.385 1.832192
27.392 2.029184
28.432 1.75104
29.436 1.569536
30.441 1.761984
31.452 1.481984
32.46 1.652544
33.464 1.722744
34.472 1.663488
35.473 1.503872
36.54 1.80576
37.552 1.47104
38.592 1.729152
39.6 1.711808
40.613 1.838592
41.62 1.558592
42.632 1.302336
43.64 1.68992
44.78 1.597824
45.8 1.083456
46.812 0.770624
47.833 0.809856
48.86 0.667584
49.873 0.590976
50.88 0.350208
51.892 0.229824
53.58 0.453248
54.98 0.864576
55.992 0.908352
56.993 0.974016
58.001 0.240768
59.04 0.289088
60.28 0.87552
61.292 1.31328
62.293 1.131776
63.3 1.14912
64.312 1.280448
65.313 1.131776
66.321 1.357056
67.332 1.181952
68.333 0.901952
69.34 1.171008
70.352 1.171008
71.353 1.000448
72.36 1.47744
73.372 1.241216
74.38 1.236672
75.392 0.755136
76.401 1.0944
77.413 1.109888
78.42 1.31328
79.433 1.19744
80.44 1.357056
81.444 1.25856
82.464 0.956672
83.472 0.842688
84.481 0.426816
85.5 0.240768
86.532 0.207936
87.54 0.098496
88.56 0.153216
89.572 0.05472
90.844 0.858176
91.952 0.963072
92.953 1.072512
93.957 1.116288
94.96 0.770624
96.064 0.645696
97.072 0.831744
98.085 0.864576
99.092 0.803456
100.093 1.050624
101.1 1.160064
102.113 0.934784
103.12 1.214784
104.121 1.31328
105.132 0.84724
106.153 1.0944
107.156 1.324224
108.172 0.989504
109.192 1.160064
110.204 1.357056
111.212 1.263104
112.225 1.58688
113.233 1.427264
114.24 1.488384
115.244 1.219328
116.252 1.324224
117.272 1.017792
118.292 1.088
119.293 1.357056
120.3 1.291392
121.313 0.639296
122.352 0.240768
123.485 0.569088
124.512 0.131072
128.361 2.073216
129.38 0.49248
130.399 0.38304
131.431 0.175104
132.471 0.098624
133.539 0.065536
134.599 0.010944
167.551 0.043776
168.572 0.065664
169.971 0.043776
171.047 0.0656
172.331 0.087616
173.386 0.043776
174.75 0.087552
175.954 0.076608
176.97 0.087552
178.03 0.065664
179.17 0.076608
180.226 0.065664
181.31 0.043776
182.428 0.087552
183.509 0.120384
184.588 0.087552
189.688 0.32832
190.752 0.332704
192.284 0.118624
193.288 0.118624
194.428 0.118624
195.528 0.129408
196.548 0.075488
197.648 0.10784
198.688 0.075488
199.724 0.140192
200.848 0.150976
201.868 0.16176
202.888 0.150976
203.908 0.129408
205.064 0.10784
