0 1.353472
1.001 2.276352
2.01 1.728688
3.011 1.980864
4.02 1.65392
5.03 2.07936
6.04 1.485848
7.05 1.236672
8.06 0.908352
9.08 0.793952
10.1 1.072512
11.115 0.93024
12.12 0.941184
13.14 0.559176
14.15 0.842688
15.16 1.006848
16.189 0.496088
17.22 0.262656
18.23 0.590976
19.24 0.426816
20.25 0.60192
21.26 0.379024
22.269 0.38304
23.27 0.634752
24.289 0.652632
25.29 0.470592
26.369 0.2736
27.399 0.240768
28.409 0.240768
29.449 0.23328
30.459 0.404928
31.48 0.452096
32.492 0.43776
33.509 0.196992
34.549 0.14136
35.83 0.065664
36.91 0.021888
55.065 0.10944
56.095 0.10944
57.117 0.10944
58.155 0.0826
59.295 0.483704
60.335 0.562544
61.365 0.609784
62.375 0.394152
63.394 0.604224
64.395 0.533456
65.396 0.604536
66.405 0.578232
67.415 0.549992
68.416 0.563896
69.435 0.87456
70.445 0.591792
71.545 0.623464
72.564 0.612368
73.574 0.713352
74.585 0.989768
75.604 0.778096
76.612 0.524272
77.653 0.339264
78.693 0.131072
81.801 1.338256
82.803 0.448848
83.822 0.192264
84.942 0.306432
85.943 0.131328
86.962 0.078128
88.263 0.087552
89.374 0.098496
90.443 0.098496
91.512 0.175048
92.873 0.361152
93.882 0.252768
94.883 0.420992
95.902 0.597136
96.903 0.518248
97.922 0.441576
98.933 0.46532
99.952 0.334856
100.972 0.303272
102.001 0.21888
103.012 0.223728
104.161 0.441328
105.231 0.45828
106.241 0.454728
107.581 0.496344
108.661 0.511112
109.68 0.532928
110.73 0.536256
111.731 0.295824
112.74 0.461768
113.78 0.448704
114.79 0.23744
115.791 0.284544
116.86 0.16416
117.91 0.127712
118.93 0.361152
119.94 0.201296
120.952 0.295488
121.96 0.194752
122.98 0.38304
124.0 0.178536
125.02 0.479304
126.24 0.527272
127.26 0.490576
128.46 0.2736
129.51 0.05472
141.407 0.043776
142.411 0.065664
143.427 0.043776
144.807 0.028544
145.906 0.009008
146.926 0.05472
148.057 0.175104
149.127 1.297072
150.357 1.001968
151.367 0.945896
152.377 1.163648
153.378 1.248416
154.546 1.332904
155.547 1.267168
156.556 1.57444
157.707 1.52928
158.717 1.243864
159.876 1.510272
160.877 1.308256
161.887 1.772928
162.896 1.30404
163.897 1.584904
165.097 1.729152
166.107 1.450224
167.109 1.574592
168.116 1.76396
169.126 1.637392
170.127 1.179624
171.135 0.919296
172.155 0.617312
173.164 0.700416
174.254 0.59132
175.255 1.349496
176.264 1.488384
177.274 1.258416
178.275 1.200576
179.284 1.090304
180.294 1.138176
181.305 0.926496
182.314 1.433664
183.676 1.225728
184.683 0.43104
185.713 0.65664
186.733 0.626304
187.743 0.829576
188.753 0.536256
189.763 0.89396
190.773 1.386992
191.774 1.846832
192.784 1.13088
193.848 1.061568
194.863 0.619536
195.873 0.744192
196.883 0.968352
197.885 1.753144
198.893 1.216744
199.903 1.499328
200.913 0.065664
