0 1.171544
1.001 1.270056
2.002 1.142552
3.003 1.121648
4.14 1.224456
5.24 1.170928
6.339 1.169208
7.379 1.0202
8.399 1.082504
9.439 1.085376
10.469 1.223032
11.519 1.242736
12.52 1.6758
13.749 1.315984
14.759 1.252816
15.96 1.337368
17.201 1.241296
18.389 1.174
19.399 0.906224
20.478 0.816224
21.488 0.928208
22.489 0.578632
23.498 0.281336
24.608 0.782984
25.618 0.88456
26.628 0.898984
27.778 0.909008
28.788 0.847088
29.938 1.235024
30.939 0.795848
31.96 0.778512
32.978 0.734256
33.988 0.847072
35.179 1.272
36.229 1.173272
37.248 1.161432
38.348 1.296904
39.359 0.95828
40.36 1.337008
41.418 1.101408
42.428 0.971176
43.64 1.290712
44.648 1.077168
45.748 0.880744
47.098 0.689144
48.319 0.850296
49.328 0.993808
50.338 0.9376
51.458 0.788768
52.488 1.048832
53.498 0.880136
54.508 0.831424
55.528 0.892216
56.659 0.861472
57.669 0.757768
58.678 1.206944
59.687 0.66948
60.698 1.083912
61.857 1.357784
63.048 1.327632
64.247 1.283664
65.297 1.11904
66.317 1.44916
67.327 1.307904
68.328 1.082832
69.556 0.506776
70.586 0.511976
71.606 0.372584
72.616 0.339264
73.636 0.28112
74.645 0.914728
75.696 0.951224
76.856 0.500104
77.865 0.43312
78.876 0.705632
79.886 1.300808
80.906 0.832248
82.036 0.760144
83.045 0.87356
84.046 0.676304
85.156 0.415872
86.176 0.337624
87.205 0.380032
88.215 0.787752
89.225 0.759576
90.286 1.20496
91.296 0.790544
92.303 0.691216
93.305 0.612992
94.335 0.836112
95.465 0.395408
96.545 0.393984
97.565 0.283552
98.595 0.337952
99.615 0.428456
100.645 0.29444
101.655 0.393984
102.675 0.575776
103.686 0.440136
104.836 0.80596
105.846 0.980392
107.256 0.768536
108.258 0.295608
109.265 0.317376
110.276 0.290784
111.316 0.302344
112.335 0.50916
113.355 0.462416
114.375 0.404336
115.405 0.317376
116.425 0.186456
117.495 0.53376
118.525 0.512408
119.652 0.38304
120.665 0.230192
121.685 0.207936
122.695 0.279192
123.945 0.262656
124.975 0.251712
126.005 0.527144
127.016 0.079488
128.185 0.496528
129.545 1.152936
130.546 0.977056
131.557 0.644064
132.558 1.009152
133.585 1.21184
134.665 0.982536
135.675 0.887568
136.676 1.255288
137.685 0.8218
138.695 0.804104
139.845 0.801144
140.865 0.70008
142.044 0.350208
143.085 0.227784
144.156 1.160584
145.165 1.356488
146.315 1.325856
147.415 1.71712
148.425 1.112488
149.515 1.510928
150.517 1.592576
151.695 1.901152
152.756 1.943184
153.856 1.904928
154.935 1.9462
156.045 1.695136
157.046 1.515672
158.047 1.716952
159.095 1.833912
160.236 2.181792
161.425 2.176104
162.655 1.775792
163.694 1.601608
164.725 1.45824
165.736 1.552944
166.815 1.617008
167.835 1.714352
168.996 1.839264
170.196 1.948192
171.197 1.026552
172.234 1.473608
173.235 1.539072
174.255 0.972184
175.265 1.492544
176.574 1.011784
177.614 1.384776
178.615 1.191416
179.754 1.420624
180.755 1.458016
181.964 1.503224
182.965 1.428504
184.175 1.64964
185.316 1.594416
186.542 1.477936
187.544 1.17128
188.664 1.604368
189.805 1.561088
190.825 1.409056
191.904 1.628056
193.075 1.408168
194.193 1.27348
195.223 1.340552
196.364 1.496864
197.594 1.606856
198.814 1.471144
199.823 1.567616
201.013 1.697192
202.014 1.168144
203.053 1.53708
204.054 1.08728
205.103 1.293968
206.114 1.163464
207.123 1.250704
208.274 1.3572
209.283 1.072184
