0 2.51072
1.05 2.648448
2.051 2.313728
3.06 2.40128
4.061 2.466944
5.15 2.670336
6.16 2.423168
7.161 2.368448
8.17 2.456
9.171 2.62656
10.18 2.324672
11.19 2.313728
12.2 2.466936
13.27 2.539008
14.279 2.116736
15.28 2.313728
16.281 2.396736
17.29 2.280896
18.291 2.280896
19.299 2.466944
20.36 2.62656
21.361 2.390336
22.37 2.29184
23.38 2.51072
24.429 2.528064
25.44 2.423168
26.441 2.34656
27.45 2.532608
28.519 2.604672
29.52 2.390336
30.521 2.357504
31.522 2.477888
32.569 2.637504
33.57 2.127656
34.572 2.379416
35.579 2.648448
36.58 2.368448
37.581 2.40128
38.59 2.34656
39.599 2.593728
40.6 2.171456
41.601 2.171464
42.609 2.368448
43.669 2.528064
44.67 2.204288
45.679 2.269952
46.69 2.287296
47.699 2.204288
48.701 2.116736
49.702 2.155968
50.711 0.131072
56.324 0.486336
59.44 1.96992
60.452 4.58368
61.531 4.546304
62.532 5.181056
63.542 4.430464
64.551 3.791168
65.552 3.736448
66.553 4.404032
67.554 3.850432
68.561 4.436864
69.563 4.944832
70.641 3.407864
71.678 6.166272
72.68 4.41952
73.681 4.414976
74.682 4.539904
75.69 5.268608
76.691 4.58368
77.7 4.710464
78.701 4.130432
79.702 4.299136
80.703 4.0976
81.711 4.108544
82.721 3.922496
83.731 3.922496
84.732 3.544
85.759 3.594176
86.769 3.003208
87.77 3.243968
88.8 3.265856
89.849 3.287744
90.85 3.44096
91.851 3.824
92.859 4.294592
93.86 3.473792
94.869 3.397184
95.87 3.506624
96.879 3.780224
97.88 3.123584
98.888 2.01824
99.889 2.259008
100.898 3.419072
101.899 4.250816
102.9 3.473792
103.901 3.736448
104.919 3.911552
105.932 3.784768
106.999 4.524416
108.001 4.20704
109.002 4.386688
110.078 0.98496
111.088 1.389888
112.128 1.52576
113.148 2.642048
114.218 2.440512
115.228 2.598272
116.229 2.904704
117.238 2.12768
118.239 3.036032
119.258 3.867776
120.259 4.404032
121.268 4.086656
122.279 4.03648
123.289 3.2768
124.349 4.228928
125.358 3.977216
126.359 4.447808
127.36 4.321024
128.368 4.458752
129.369 4.239872
130.37 4.321024
131.371 4.59008
132.372 4.557248
133.378 3.686272
134.379 4.721408
135.38 4.3712
136.388 3.145472
137.389 2.445056
138.398 2.652992
139.399 2.499776
140.408 3.484736
141.409 3.342464
142.418 2.598272
143.508 3.594176
144.509 2.94848
145.548 3.473792
146.549 3.922496
147.55 4.732344
148.551 3.933288
149.558 2.20444
150.559 3.692672
151.568 3.561344
152.578 2.78432
153.579 3.5504
154.58 4.15232
155.588 3.576832
156.589 3.670784
157.59 3.320576
158.598 2.576384
159.617 1.564992
160.618 0.131072
162.423 2.1936
163.429 0.87552
164.447 1.171008
165.457 2.193344
166.458 2.576384
167.467 2.521664
168.468 2.62656
169.477 2.313728
170.478 1.974464
171.487 1.291392
172.502 0.974016
173.507 1.52576
174.517 2.280896
175.547 2.549952
176.548 2.828096
177.568 2.817152
178.569 3.22208
179.577 4.622912
180.588 3.353408
181.589 3.576832
182.59 3.243968
183.667 3.681728
184.668 2.871872
185.747 1.75104
186.756 1.52576
187.806 1.740096
188.816 1.47744
189.825 1.230272
190.826 1.685376
191.827 1.077056
192.836 1.543104
193.837 1.077056
194.876 0.700416
195.898 0.580032
196.955 0.306432
197.975 0.864576
198.996 1.011392
200.006 0.5472
201.025 0.8208
202.027 0.700416
203.036 0.186048
204.515 0.836288
205.928 1.335168
206.936 1.389888
207.945 0.70496
208.955 0.667584
209.965 1.772928
