0 0.969624
1.013 1.619712
2.031 0.942144
3.032 1.185632
4.042 0.295488
5.172 0.361152
6.274 1.102728
7.281 0.776368
8.302 1.138176
9.312 0.907384
10.433 1.147104
11.522 1.006848
12.532 0.549984
13.542 0.941184
14.562 0.46804
15.572 0.393984
16.602 0.262656
17.682 0.21888
18.742 0.309752
20.022 0.43776
21.043 0.525312
22.051 0.441592
23.061 0.393984
24.252 0.374488
25.28 0.426816
26.32 0.393984
27.33 0.45712
28.35 0.403096
29.37 0.404928
30.4 0.226128
31.42 0.186048
32.49 0.10944
33.61 0.087552
34.68 0.131328
35.77 0.12644
37.591 0.162224
38.6 0.377832
39.711 0.628336
40.721 0.45364
41.741 0.142272
42.802 0.321496
43.81 0.941048
44.96 0.850304
46.197 0.826176
47.351 0.40884
48.404 0.350208
49.41 0.392792
50.42 0.72124
51.636 1.017752
52.77 1.518184
53.781 1.191368
54.79 1.267872
55.95 1.270144
56.96 1.467936
57.961 0.942096
58.99 0.760024
60.01 0.913856
61.02 1.488384
62.021 1.18016
63.031 1.3202
64.04 1.448
65.041 1.138176
66.101 1.3512
67.111 1.039752
68.12 1.337864
69.191 1.324224
70.201 1.291392
71.211 0.73268
72.22 1.247616
73.221 1.01152
74.241 1.346112
75.25 1.085416
76.291 1.42272
77.3 1.159112
78.381 1.466496
79.391 1.168088
80.397 0.744192
81.403 0.787968
82.413 0.606424
83.414 0.8208
84.423 0.580032
85.433 0.469232
86.553 0.71136
87.563 0.262656
88.713 0.426816
89.733 0.612864
90.747 0.237176
91.767 0.295488
92.807 0.32832
93.827 0.622616
94.847 0.523368
95.876 0.426816
96.896 0.338864
97.926 0.612864
98.927 0.481536
99.956 0.36488
100.972 0.5472
101.992 0.508776
103.012 0.381096
104.032 0.65664
105.043 0.53576
106.052 0.442504
107.072 0.350208
108.102 0.224376
109.123 0.377304
110.252 0.595456
111.382 0.5472
112.462 0.173888
113.483 0.21888
114.551 0.10944
115.611 0.110944
116.649 0.131328
117.689 0.087552
118.72 0.087552
119.779 0.131072
121.76 0.26904
122.789 0.16416
123.829 0.180376
124.9 0.196992
125.91 0.262656
126.929 0.235904
127.941 0.21888
128.962 0.115152
130.042 0.207936
131.102 0.175104
132.232 0.087552
133.382 0.032832
135.182 0.074184
137.212 0.470072
138.252 0.184112
139.262 0.284544
140.272 0.174488
141.337 0.21888
142.362 0.220864
143.402 0.393984
144.422 0.23888
145.432 0.416952
146.523 0.49248
147.562 0.069392
148.762 0.54856
149.992 0.459648
150.993 0.351904
152.012 0.298968
153.042 0.350208
154.062 0.312144
155.073 0.364424
156.102 0.49708
157.242 0.562472
158.273 0.645872
159.292 0.838352
160.301 0.477096
161.482 0.608048
162.492 0.92396
163.497 0.926688
164.722 0.720224
165.791 0.7682
166.792 1.116288
167.802 0.86152
168.822 0.400912
169.842 0.813608
170.852 0.645696
171.862 0.839616
172.871 0.70436
173.881 0.828488
174.891 0.703384
175.901 0.727896
176.911 0.65652
178.021 0.842688
179.032 0.626144
180.041 0.426816
181.061 0.153216
182.161 0.32248
183.171 0.295488
184.172 0.350208
185.181 0.536256
186.191 0.318544
187.201 0.33292
188.202 0.206
189.221 0.306432
190.231 0.39224
191.254 0.34692
192.264 0.487856
193.274 0.550784
194.384 0.522296
195.614 0.43776
196.624 0.44616
197.644 0.245656
198.654 0.49424
199.655 0.417488
200.677 0.44804
201.678 0.54996
202.688 0.625576
203.698 0.549792
204.718 0.612512
205.738 0.497488
206.752 0.376016
207.772 0.542928
208.912 0.667696
