0 0.75212
1.01 0.791528
2.2 0.864944
3.201 0.65816
4.21 0.82728
5.36 0.919432
6.361 0.74296
7.379 1.075
8.39 0.65676
9.4 1.11408
10.402 0.41732
11.521 0.609056
12.53 0.43776
13.619 0.131072
15.224 0.501168
16.238 0.530768
17.248 0.532632
18.249 0.417432
19.268 0.562288
20.458 0.687448
21.639 0.87472
22.648 0.936776
23.659 0.94316
24.668 1.022872
25.669 0.975464
26.74 1.118904
27.867 1.014776
28.868 0.666568
30.058 0.63176
31.077 0.447856
32.087 0.751032
33.247 0.743112
34.257 0.630264
35.267 0.475664
36.287 0.306432
37.338 0.134008
38.347 0.306432
39.357 0.23812
40.387 0.240768
41.437 0.118816
42.637 0.638792
43.657 0.402992
44.667 0.388424
45.677 0.3688
46.697 0.251712
47.717 0.240768
48.718 0.260392
49.737 0.372096
51.007 0.36364
52.019 0.459648
53.026 0.21784
54.057 0.339264
55.065 0.156568
56.106 0.317376
57.136 0.508792
58.226 1.041768
59.236 1.016
60.256 1.060032
61.346 1.043952
62.416 1.00796
63.539 0.88732
64.639 0.436448
65.786 0.522032
66.797 0.478064
68.006 0.76528
69.016 0.602152
70.026 0.70324
71.036 0.844168
72.186 0.672504
73.287 1.002344
74.305 0.447584
75.495 0.445032
76.514 0.339264
77.555 0.2102
78.565 0.404928
79.574 0.339128
80.605 0.262656
81.634 0.175864
82.655 0.196992
83.705 0.16416
84.715 0.136704
85.765 0.196992
86.784 0.280992
87.795 0.543456
88.894 0.549552
89.926 0.614224
90.934 0.569088
91.944 0.445744
92.954 0.51128
93.974 0.552816
94.995 0.632736
96.005 0.587192
97.015 0.510608
98.034 0.604792
99.255 0.832816
100.264 0.77836
101.308 0.71352
102.314 0.585448
103.345 0.901528
104.364 0.749928
105.37 0.617392
106.394 0.50836
107.404 0.588504
108.464 0.717816
109.484 0.576704
110.684 0.681144
111.694 0.57576
112.734 0.546008
113.743 0.562592
114.753 0.344696
115.963 0.295488
117.013 0.201672
118.142 0.520592
119.355 1.200808
120.363 1.184736
121.594 1.032672
122.764 1.034744
123.894 1.258888
125.063 1.13944
126.174 1.132016
127.355 1.231352
128.584 1.11852
129.693 1.01372
130.784 0.9506
131.813 1.284232
132.983 1.178288
134.103 1.145736
135.233 1.21408
136.343 1.158808
137.483 1.160352
138.632 1.05108
139.834 1.095248
140.842 0.991024
141.892 1.07388
142.922 1.049816
143.992 1.110432
145.072 1.077688
146.211 1.004888
147.281 0.993736
148.351 0.438088
149.371 0.772688
150.372 1.253208
151.381 1.292152
152.382 1.375392
153.391 1.313328
154.401 1.203128
155.411 1.075032
156.601 1.134872
157.611 1.246304
158.851 1.317144
159.861 1.303256
160.862 0.944216
161.871 1.23724
162.873 1.350216
164.08 1.358008
165.081 1.200016
166.221 1.427376
167.222 1.312928
168.231 1.347336
169.451 1.349736
170.54 1.24424
171.66 1.175784
172.781 1.265672
173.792 1.323224
174.793 0.805528
175.8 0.94668
176.961 0.986408
178.07 0.866808
179.071 1.114912
180.079 0.4296
181.089 0.643832
182.099 0.981512
183.21 1.419424
184.22 1.379536
185.221 1.276232
186.231 1.25632
187.399 1.454688
188.419 1.468632
189.42 1.246072
190.579 1.339064
191.58 1.190288
192.79 1.33436
193.791 1.13296
194.796 1.192576
195.919 1.372768
196.929 1.139376
198.058 1.405776
199.268 0.924264
200.279 0.822552
201.299 1.389296
202.309 1.252792
203.489 1.456176
204.499 1.291728
205.658 1.363648
206.659 0.89364
207.809 1.167032
208.828 1.292744
209.839 1.135232
