0 3.189784
1.01 2.571376
2.02 1.418224
3.03 1.439192
4.05 2.406696
5.199 2.383928
6.309 2.843456
7.449 3.021248
8.45 4.08168
9.459 3.178168
10.464 2.88312
11.618 4.439784
12.619 2.822512
13.678 3.415848
14.858 3.567632
16.028 3.582144
17.029 2.546448
18.036 2.604424
19.037 2.137464
20.038 2.684544
21.236 3.292888
22.316 3.417088
23.317 3.0564
24.465 3.424072
25.584 3.35872
26.585 3.594128
27.595 3.01796
28.644 4.019784
29.645 2.903544
30.664 2.73452
31.675 2.821632
32.676 3.265624
33.854 3.1546
34.905 2.51712
35.914 1.401592
36.924 1.904256
37.925 1.573648
38.934 2.32104
39.935 2.37164
40.943 2.918576
41.953 2.440512
42.954 2.16224
43.963 2.101696
44.973 3.410344
45.975 1.7256
46.982 3.246416
48.052 3.514368
49.061 2.696632
50.241 3.009568
51.251 3.96104
52.252 2.25692
53.271 2.11772
54.29 2.155712
55.416 4.154656
56.421 2.72888
57.431 2.5968
58.432 3.308856
59.441 2.853216
60.461 3.139328
61.47 3.038648
62.471 3.202352
63.481 2.969368
64.482 3.420808
65.571 3.382224
66.572 3.90604
67.573 3.623328
68.681 4.053712
69.682 3.999144
70.683 3.909672
71.831 3.645152
72.841 3.676992
73.941 4.224832
74.942 4.379952
75.951 4.069496
77.141 4.646384
78.151 3.81712
79.26 4.157008
80.261 3.894776
81.511 6.135728
82.513 1.591712
83.52 3.625224
84.522 4.26364
85.524 4.414192
86.53 4.22012
87.531 5.493888
88.532 4.38776
89.534 5.461056
90.539 3.677608
91.54 4.457136
92.688 4.716864
93.689 3.38292
94.69 4.008056
95.692 3.821952
96.699 4.970152
97.871 4.497984
98.872 3.90724
99.873 0.992152
101.15 6.720216
102.151 4.226224
103.221 5.165568
104.222 4.15628
105.231 4.54176
106.232 3.706472
107.241 5.012352
108.242 4.251528
109.25 0.131072
115.167 6.224264
116.28 1.980864
117.298 3.797568
118.301 3.306504
119.302 3.983216
120.361 4.180608
121.369 3.602184
122.37 4.290048
123.371 1.702128
125.113 5.74504
126.119 1.24208
127.129 1.405728
128.249 1.717872
129.279 1.636368
130.28 2.005608
131.281 1.950896
132.309 2.009472
133.48 2.119784
134.499 2.236568
135.589 1.92804
136.59 2.127424
137.591 1.844176
138.799 2.071336
139.87 1.800648
140.88 2.043728
141.881 1.808936
142.883 1.609336
143.999 2.016648
145.079 1.457704
146.1 1.745808
147.101 1.623312
148.249 1.718128
149.25 1.494616
150.251 0.976536
151.278 1.122
152.339 1.567528
153.399 1.312872
154.4 1.4156
155.458 1.768712
156.6 1.521408
157.609 1.812944
158.611 1.50616
159.759 1.66444
160.76 1.874952
161.858 1.717992
162.919 1.845088
163.999 1.89576
165.088 1.654416
166.138 1.461536
167.208 1.853192
168.397 1.906376
169.398 1.693056
170.399 1.170608
171.4 1.771408
172.402 1.835528
173.597 1.971856
174.599 1.408512
175.6 1.675824
176.617 1.464512
177.717 1.84248
178.868 2.017
180.047 2.38492
181.048 1.731032
182.156 1.923968
183.157 2.056928
184.166 1.247448
185.266 1.327656
186.276 0.850664
187.289 0.901328
188.296 1.114024
189.297 1.172304
190.316 1.87108
191.318 1.648752
192.385 2.098912
193.586 1.96276
194.776 1.880616
195.876 1.957168
196.878 1.531056
197.879 1.585552
198.885 1.582112
199.886 1.728648
200.945 1.571424
201.946 1.316152
202.965 1.885208
203.966 1.493384
204.975 1.58616
206.095 1.923192
207.105 1.928024
208.175 2.40768
209.177 2.107488
