0 1.361464
1.011 1.145336
2.021 1.619712
3.041 0.778936
4.05 0.91856
5.1 1.21884
6.23 1.302224
7.231 1.090768
8.24 1.20788
9.251 1.292232
10.271 1.176648
11.281 1.242968
12.291 1.096904
13.3 0.920936
14.311 1.087464
15.32 1.343136
16.321 1.201312
17.33 1.073816
18.34 1.101888
19.58 0.919296
20.6 0.769384
21.61 1.195632
22.621 0.987864
23.63 1.068664
24.64 1.209808
25.651 1.24444
26.66 1.299136
27.751 1.214104
28.759 1.577976
29.96 1.271944
30.969 1.41964
31.97 1.580952
32.972 1.185224
33.989 1.053648
34.999 1.10716
36.009 1.0796
37.039 1.499328
38.049 1.09924
39.05 0.951944
40.059 0.902952
41.07 1.09
42.079 0.689472
43.089 0.57312
44.098 0.84812
45.108 0.558144
46.123 0.546184
47.127 0.798912
48.148 0.542784
49.167 0.43776
50.176 0.375784
51.366 0.481536
52.376 0.515864
53.606 0.590976
54.636 0.451016
55.656 0.361152
56.665 0.535704
57.746 1.04436
58.814 0.796104
59.816 0.847736
60.849 1.039304
61.856 1.301592
62.857 1.389776
64.014 1.612464
65.026 1.481888
66.036 1.774088
67.037 1.328584
68.038 1.29352
69.046 1.353432
70.106 1.890184
71.115 1.650336
72.335 1.819064
73.345 1.5782
74.575 1.516656
75.695 1.63072
77.075 1.625704
78.094 1.327576
79.294 1.3662
80.303 1.152384
81.304 1.01988
82.324 1.387224
83.334 1.166536
84.544 1.176096
85.594 1.116288
86.603 0.132064
87.614 1.118696
88.823 1.433664
89.834 0.856512
90.913 1.546816
92.124 1.56376
93.144 0.884056
94.173 0.61976
95.183 0.963072
96.193 0.78684
97.212 1.006848
98.223 0.716232
99.242 0.76608
100.243 0.516296
101.252 0.722304
102.293 1.532928
103.302 1.40732
104.312 1.308824
105.323 1.171184
106.522 1.241272
107.523 1.321152
108.532 0.95004
109.542 1.279832
110.543 0.950976
111.622 1.078288
112.632 1.280448
113.643 1.20892
114.653 1.12928
115.662 0.547232
116.672 0.361152
117.711 0.759464
118.732 1.02328
119.741 0.876984
120.821 0.853632
121.841 0.706368
122.844 0.891512
123.86 0.667584
124.869 0.369848
125.88 0.306432
126.888 0.120384
129.819 0.950592
137.291 0.306432
138.301 0.503424
139.391 0.409
140.401 0.262656
141.411 0.284544
142.421 0.021888
143.501 0.54596
144.631 0.415872
145.641 0.153216
146.711 0.59916
147.721 0.8208
148.722 1.089496
149.731 1.012264
150.751 1.38896
151.76 0.682088
152.771 0.739816
153.92 0.883552
154.932 1.35656
155.94 1.292208
156.941 0.960672
157.98 1.204376
158.99 0.863552
159.991 1.019288
161.18 1.13204
162.351 1.068072
163.491 1.342624
164.671 1.014584
165.86 0.975016
166.861 1.007184
167.87 0.937936
168.871 1.234776
170.092 1.320328
171.271 1.495016
172.48 1.463504
173.491 1.487176
174.492 1.136624
175.63 1.402032
176.64 1.21956
177.771 1.526896
178.791 1.47244
179.8 1.299656
180.971 0.62084
181.99 0.977936
183.0 1.070232
184.06 1.591688
185.088 1.265528
186.09 1.87348
187.21 1.6678
188.39 1.979544
189.4 1.917272
190.62 1.844032
191.739 1.859656
192.97 1.816416
193.972 1.253904
194.989 1.48168
196.12 1.352792
197.125 1.361728
198.371 1.302976
199.379 1.371536
200.38 1.211216
201.579 1.419768
202.58 1.267576
203.581 1.323816
204.64 1.603376
205.649 1.406016
206.834 1.719576
207.84 1.794152
208.841 1.2954
209.96 1.639176
