0 0.5908
1.12 0.632416
2.14 0.836128
3.15 0.788248
4.18 0.350208
5.22 0.404824
6.239 0.668096
7.24 0.415872
8.261 0.247312
9.27 0.153216
10.319 0.065664
11.659 0.229824
12.67 0.431576
13.674 0.916912
14.75 1.15568
15.779 0.72332
16.79 1.082736
17.799 0.64092
18.81 0.68392
19.819 0.751552
20.829 1.015744
21.83 0.91736
22.85 0.794792
23.869 0.891976
24.87 0.968224
25.879 0.728008
26.88 0.415864
27.912 0.695544
28.919 0.958264
29.939 0.84988
30.94 0.820856
31.95 0.638416
32.959 0.821496
34.02 1.207304
35.119 1.07324
36.279 0.655384
37.309 0.393984
38.359 0.285944
39.529 0.902216
40.539 1.024832
41.609 0.939512
42.619 0.732256
43.659 0.921672
44.909 0.72512
45.91 0.700904
46.919 0.621824
47.939 0.615672
48.951 0.508848
49.959 0.434936
50.999 0.242008
52.031 0.142272
53.159 0.244952
54.169 0.317376
55.179 0.240768
56.189 0.218352
57.209 0.317376
58.229 0.328248
59.279 0.29272
60.519 0.317376
61.539 0.21888
62.559 0.232328
63.569 0.39748
64.589 0.459648
65.609 0.303104
66.629 0.333864
67.668 0.548944
68.669 0.664488
69.689 0.558144
70.709 0.518576
71.719 0.57932
72.739 0.435264
73.889 0.284544
74.928 0.323448
76.029 0.2736
77.049 0.232128
78.168 0.426816
79.169 0.514368
80.398 0.551616
81.539 0.698192
82.589 0.590976
83.599 0.371016
84.608 0.415872
85.628 0.273552
86.639 0.372096
87.658 0.282352
88.698 0.448704
89.708 0.591344
90.738 0.410744
91.757 0.459648
92.767 0.31596
93.777 0.38304
94.807 0.346624
95.817 0.306432
96.837 0.34616
97.867 0.42028
98.887 0.953944
99.898 0.576136
101.087 0.582752
102.207 0.57436
103.26 0.656192
104.268 0.711536
105.278 0.713368
106.307 0.526048
107.317 0.823448
108.347 0.80256
109.357 0.554072
110.368 0.443312
111.387 0.60192
112.397 0.509624
113.407 0.451928
114.428 0.697032
115.437 0.8414
116.667 0.864664
117.677 0.672688
118.707 0.726464
119.708 0.561496
120.967 0.415872
121.997 0.295488
123.037 0.203376
124.057 0.10944
125.207 0.16416
126.228 0.399376
127.229 0.59868
128.428 0.781184
129.437 0.647248
130.447 0.583936
131.467 0.413744
132.477 0.900096
133.488 0.584168
134.527 0.835112
135.547 0.589976
136.548 0.961856
137.717 1.140696
139.229 0.72648
140.237 0.898944
141.247 0.815928
142.248 0.685936
143.271 0.21076
144.337 0.423584
145.357 0.957928
146.358 1.143448
147.367 1.446024
148.377 1.010776
149.397 1.020328
150.547 0.929216
151.717 0.992008
152.847 0.897192
153.987 0.932656
155.048 1.21332
156.057 0.901872
157.067 1.052152
158.137 1.20116
159.147 1.1574
160.237 1.32152
161.276 1.415144
162.277 1.357536
163.278 1.062952
164.396 1.37616
165.397 0.975504
166.495 1.269008
167.506 1.346928
168.517 1.004448
169.586 1.193432
170.587 1.137152
171.596 1.260056
172.597 1.156944
173.605 1.258416
175.026 1.26492
176.027 1.08492
177.028 1.019184
178.216 0.937936
179.345 0.924968
180.355 0.550576
181.526 0.847536
182.536 0.790168
183.546 0.97296
184.556 0.77044
185.576 0.908688
186.596 0.899528
187.606 0.60592
188.705 0.726608
189.725 0.6544
190.735 0.46308
191.886 0.534024
192.895 0.43972
193.905 0.468688
194.925 0.486256
195.926 0.678528
196.946 0.396032
197.955 0.616496
198.965 0.640816
199.986 0.568968
201.005 0.234656
202.015 0.306432
204.888 0.774832
205.895 0.582688
207.046 0.946592
208.055 0.929912
209.065 0.881136
