0 1.127232
1.013 1.543104
2.021 0.792512
3.033 0.700416
4.04 1.31328
5.041 1.547648
6.053 1.510272
7.056 1.295936
8.06 1.937088
9.073 1.657088
10.08 1.893312
11.093 1.394432
12.098 1.893312
13.103 1.394432
14.111 1.619712
15.119 1.127232
16.131 0.661184
17.15 0.897408
18.151 1.116288
19.158 1.022336
20.17 0.98496
21.171 0.809856
22.198 0.558144
23.21 0.448704
24.211 0.934784
25.218 1.521216
26.238 1.077056
27.257 1.0944
28.269 1.061568
29.277 1.120832
30.397 1.466496
31.402 1.444608
32.409 1.350656
33.417 1.6416
34.43 1.241216
35.437 0.5472
36.46 1.510272
37.468 0.989504
38.476 1.25856
39.497 1.105344
40.508 0.803456
41.517 1.14912
42.528 0.38304
43.536 0.755136
44.553 0.131072
64.126 0.595776
82.312 0.809856
83.317 1.893312
84.412 1.832192
85.424 2.01824
86.5 1.619712
87.504 1.554048
88.524 1.284992
89.532 1.575936
90.553 1.394432
91.565 1.685376
92.572 1.657088
93.593 2.090304
94.605 1.624256
95.792 1.996352
96.812 2.090304
97.82 1.481984
98.825 1.958976
99.832 1.668032
100.841 1.783872
101.845 1.678976
102.852 2.02464
103.853 1.68992
104.865 1.42272
105.952 0.65024
106.965 0.995904
108.053 1.138176
109.065 0.97856
110.172 1.138176
111.184 1.181952
112.192 0.956672
113.241 0.864576
114.26 0.722304
115.28 0.733248
116.293 0.95668
117.412 0.995904
118.413 0.448704
119.452 0.558144
120.46 0.536256
121.525 0.667584
122.533 0.179648
125.092 0.842688
126.093 1.346112
127.105 0.97856
128.244 0.623808
129.272 0.503424
130.285 1.455552
131.292 1.109888
132.293 1.127232
133.3 1.061568
134.304 0.934784
135.312 1.14912
136.324 1.160064
137.332 1.274048
138.352 1.214784
139.364 1.028736
140.372 0.825344
141.373 0.908352
142.385 1.072512
143.392 0.956672
144.4 1.269504
145.412 1.433664
146.421 0.880064
147.44 0.98496
148.46 1.03968
149.472 1.066112
150.492 1.357056
151.5 1.14912
152.513 0.989504
153.52 0.908352
154.532 0.853632
155.553 0.131072
177.881 1.022424
