0 1.389608
1.06 1.387504
2.198 1.383168
3.429 0.787968
4.448 0.403584
5.468 0.65664
6.478 1.501248
7.678 1.795392
8.679 1.844016
9.68 1.533048
10.699 1.583512
11.7 1.484592
12.704 1.57908
13.708 1.653432
14.719 1.643864
15.72 1.659872
16.737 1.628048
17.738 1.42256
18.739 1.297256
19.757 1.138176
20.766 0.780088
21.767 1.136432
22.775 1.44756
23.776 1.499328
24.785 1.269072
25.796 1.589016
26.806 1.736232
27.816 2.06312
28.835 1.91096
29.836 1.508952
30.905 1.432616
32.004 1.14912
33.005 1.454352
34.014 1.373288
35.034 1.404816
36.16 1.518896
37.164 0.829784
38.166 1.626816
39.175 1.440488
40.195 1.516048
41.204 1.498008
42.205 1.648696
43.274 2.046528
44.275 1.472416
45.284 1.52292
46.294 1.507672
47.304 1.062192
48.323 1.3382
49.333 1.482184
50.343 1.129056
51.353 1.171008
52.363 0.355336
53.56 0.963072
54.622 1.108664
55.633 1.17268
56.634 0.98956
57.642 1.316344
58.643 1.475872
59.644 1.232496
60.652 1.36744
61.654 1.52712
62.662 1.583024
63.671 1.457656
64.672 1.165392
65.871 1.14912
66.88 1.036784
67.881 1.2668
68.891 1.173752
69.892 1.423624
70.9 1.254288
71.911 1.31856
72.92 0.746296
74.39 0.941184
75.538 0.757096
76.688 1.619712
77.698 1.288432
78.709 1.30336
79.718 1.36448
80.728 1.4202
81.838 1.330936
82.85 1.819184
83.858 1.528128
84.86 1.304104
85.868 1.876648
86.87 1.022128
87.878 0.896352
88.888 0.744472
89.897 0.853632
90.898 0.448704
91.944 0.335928
92.967 0.689472
93.987 0.785016
95.097 0.864576
96.117 0.71136
97.127 1.446488
98.151 2.041824
99.267 2.177856
100.277 1.81028
101.296 2.035584
102.297 1.851584
103.308 1.842048
104.317 1.876744
105.327 1.7264
106.328 1.787856
107.337 1.497648
108.366 1.589816
109.487 1.181952
110.506 0.49248
111.515 0.624616
112.526 0.93024
113.536 1.057
114.655 0.623808
115.665 0.448704
116.674 0.21888
117.755 0.175104
119.094 0.525312
120.105 0.372096
121.154 0.238936
122.174 0.306432
123.184 0.404928
124.185 0.372096
125.214 0.317376
126.234 0.32832
127.324 0.186048
128.384 0.470528
130.185 1.31328
131.205 0.339264
132.334 0.856536
133.364 0.700416
134.367 0.689472
135.394 0.65664
136.404 0.361888
137.434 0.284544
138.474 0.175104
139.524 0.623808
140.544 1.236088
141.545 2.483128
142.773 2.363904
143.775 1.61656
144.783 1.66648
145.793 2.178448
146.874 2.166912
147.884 1.458784
148.893 1.827648
149.895 1.337824
150.903 2.02464
151.913 1.692072
152.914 1.740072
153.915 1.65124
155.123 1.917888
156.132 2.544192
157.133 2.124792
158.134 2.102392
159.135 1.857424
160.149 2.042256
161.183 2.284008
162.343 2.242088
163.344 2.133824
164.352 2.098856
165.353 2.0134
166.362 1.526984
167.363 1.878936
168.451 2.004376
169.452 0.698472
170.461 1.126864
171.471 1.42272
172.481 1.833256
173.49 1.719248
174.491 1.510384
175.501 1.627264
176.52 1.400016
177.53 1.619712
178.539 0.362792
179.568 1.707264
180.569 1.640208
181.578 1.594008
182.589 1.284872
183.599 1.650832
184.628 1.389888
185.637 1.228768
186.647 1.7886
187.688 1.811496
188.697 1.968472
189.698 1.661672
190.706 1.582336
191.866 1.827648
192.867 1.285552
193.886 2.115216
195.105 1.944688
196.116 2.044576
197.125 1.513888
198.126 2.094296
199.127 1.942392
200.143 1.905816
201.145 1.337936
202.156 1.6416
203.165 1.20668
204.175 1.630656
205.195 0.805336
206.196 1.310168
207.401 1.564992
208.405 1.290624
209.406 1.69632
