0 1.368504
1.037 1.535208
2.038 1.32036
3.128 1.014568
4.218 1.7566
5.447 1.556624
6.448 1.205712
7.457 1.143968
8.528 1.203176
9.777 1.461192
10.786 0.917776
11.851 1.119072
12.868 1.067616
13.877 1.00912
15.087 0.905912
16.127 1.061384
17.236 1.100888
18.246 1.198856
19.247 1.164776
20.256 1.251528
21.266 1.156112
22.356 0.808224
23.365 1.162368
24.366 1.014848
25.375 1.099616
26.405 1.079944
27.415 1.042352
28.416 1.0196
29.695 0.906
30.776 1.039344
31.855 1.13612
32.975 0.810392
33.987 0.668616
35.135 0.60032
36.136 0.38716
37.175 0.394104
38.345 0.306432
39.375 0.150608
40.405 0.240768
42.195 0.476856
43.225 0.474184
44.235 0.707328
45.245 0.799152
46.255 0.535856
47.445 0.504472
48.455 0.689472
49.465 0.59792
50.466 0.759776
51.467 0.881256
52.585 0.817968
53.615 0.68852
54.625 0.519224
55.635 0.409632
56.655 0.372096
57.665 0.28108
58.695 0.350208
59.735 0.235408
60.824 0.251712
61.849 0.240768
62.894 0.162672
63.903 0.21888
64.924 0.240768
65.944 0.193568
66.984 0.2736
67.994 0.295488
69.004 0.211344
70.034 0.472032
71.114 0.448704
72.144 0.4858
73.154 0.418648
74.174 0.536616
75.183 0.531936
76.193 0.451936
77.204 0.307992
78.244 0.448704
79.273 0.36176
80.284 0.340952
81.323 0.65664
82.333 0.631808
83.394 0.792344
84.404 0.864336
85.423 0.614992
86.433 0.463232
87.453 0.500808
88.463 0.779992
89.594 0.558144
90.613 0.511088
91.633 0.799328
92.634 0.657752
93.653 0.331592
94.673 0.2736
95.683 0.153216
96.684 0.16336
98.853 0.05472
99.854 0.196992
100.864 0.131072
102.77 0.121032
103.953 0.120384
104.994 0.153216
106.053 0.207936
107.103 0.157688
108.133 0.262656
109.203 0.10944
110.503 0.095128
111.533 0.229824
112.553 0.207936
113.555 0.188728
114.593 0.323912
115.843 0.350208
116.873 0.303504
117.903 0.3274
119.043 0.262656
120.051 0.277544
121.193 0.404928
122.213 0.20988
123.243 0.120384
134.189 0.043776
135.249 0.032832
136.588 0.021888
141.191 0.043776
142.474 0.157168
144.514 0.10944
145.617 0.131328
146.794 0.186048
147.953 0.097712
149.23 0.16416
150.411 0.186048
151.473 0.16416
152.553 0.111232
153.609 0.16416
154.61 0.16416
155.63 0.13856
163.135 0.629936
164.205 1.292352
165.215 1.620384
166.375 1.155072
167.395 1.388248
168.586 1.839368
169.587 2.112352
170.766 1.284392
171.785 0.72744
172.794 1.05556
173.804 0.567336
174.805 0.697056
175.835 1.098336
176.848 0.779784
177.864 0.536928
178.904 0.667584
179.913 0.506384
180.964 1.072096
181.974 1.2186
182.984 0.967008
183.985 1.290152
185.134 1.117064
186.144 1.013792
187.164 1.040176
188.233 0.936608
189.234 0.80376
190.243 0.899936
191.249 0.594992
192.253 1.178048
193.363 1.305544
194.374 1.558512
195.385 0.99512
196.443 1.2318
197.444 0.99988
198.563 1.255976
199.572 0.579256
200.622 1.002184
201.724 1.043824
202.822 1.0862
203.963 1.173664
205.192 1.91224
206.327 2.014784
207.333 1.401448
208.334 2.035968
209.432 2.117784
