0 1.291392
1.01 1.07248
2.02 0.919296
3.03 0.700416
4.05 0.2948
5.31 0.10944
6.46 0.10944
7.47 0.087552
8.53 0.21888
9.59 0.16416
10.63 0.120384
11.75 0.558144
12.771 0.459648
14.491 1.140632
15.58 1.455552
16.6 1.028736
17.601 0.848216
18.61 1.849536
19.617 2.02032
20.62 1.017792
21.621 0.777024
22.633 0.999728
23.65 1.291392
24.651 1.294464
25.781 0.919296
26.8 1.269504
27.81 1.327992
28.821 2.02464
29.823 1.419552
30.829 1.411776
31.836 0.852032
32.84 1.31328
33.841 1.346112
34.842 1.003064
35.851 1.247616
36.871 1.14912
37.881 1.324224
38.891 1.013552
39.892 1.280448
40.911 0.943656
41.921 1.116288
42.931 0.771544
43.951 1.028736
44.971 0.774192
45.981 1.017792
47.011 0.874056
48.02 1.411776
49.021 1.322152
50.022 1.793728
51.031 1.536456
52.061 2.418624
53.062 1.739576
54.121 2.699032
55.122 2.035976
56.123 1.634128
57.131 1.546568
58.132 1.653544
59.143 1.982848
60.151 2.046528
61.152 1.7678
62.162 2.184904
63.163 2.011752
64.183 2.074656
65.191 2.340304
66.192 2.112192
67.201 1.815672
68.301 2.451456
69.302 1.714096
70.303 2.637504
71.311 1.8872
72.394 2.24352
73.422 2.51988
74.431 2.501656
75.432 2.947696
76.433 2.188488
77.971 2.867328
78.982 1.618968
80.022 2.856384
81.023 1.064216
84.021 2.07936
85.032 2.135552
86.042 2.510264
87.052 2.1548
88.053 2.202688
89.972 2.703168
90.982 0.73368
91.987 2.393776
93.963 2.38124
95.962 2.532792
98.015 2.090304
99.022 1.638648
100.032 2.101248
101.042 2.254464
102.052 1.870472
103.053 2.4624
104.062 2.31572
105.063 2.670336
106.072 1.895312
107.094 2.382784
108.192 2.221632
109.202 2.124536
110.203 1.964944
111.222 2.372696
114.002 2.145024
115.003 1.102608
116.012 2.934128
117.962 3.042072
119.952 3.348456
121.942 3.341616
123.962 3.067304
130.991 0.415872
132.041 0.76608
133.091 0.952128
134.161 1.40048
135.192 2.661672
136.193 4.318536
137.195 4.87948
138.201 4.4886
139.202 2.424832
140.203 2.03644
141.972 3.299064
143.951 3.092056
145.971 3.075904
147.011 4.285144
148.022 3.511408
149.962 3.749376
152.201 3.344768
153.951 2.869392
155.971 2.53944
157.951 1.864768
160.301 2.051696
165.865 0.372096
166.875 0.700416
167.925 0.8208
168.944 1.27752
169.945 2.856384
170.955 2.799008
171.965 2.714112
172.975 1.726744
173.985 2.37524
175.045 3.17376
176.056 2.321232
177.065 2.703168
178.075 1.249928
179.085 1.893312
180.086 2.123136
181.095 1.392976
182.096 1.510272
183.105 1.543104
184.115 1.35228
185.125 0.864576
186.127 0.65664
187.135 0.503424
188.165 0.525312
189.195 0.098496
202.114 0.098496
203.173 0.098496
204.274 0.148528
205.284 1.346112
206.294 1.314504
207.304 1.317912
208.397 1.99032
209.514 2.10344
