0 0.590976
1.01 1.25856
2.02 2.456
3.021 3.703616
4.023 4.21796
5.025 4.069336
6.161 4.020992
7.162 4.787072
8.163 4.299136
9.18 3.98816
10.181 4.217984
11.191 4.239872
12.245 3.375296
13.251 3.948928
14.252 4.491584
15.271 4.469696
16.28 3.977216
17.281 3.37984
18.282 4.042872
19.301 4.272704
20.302 4.305536
21.303 4.299136
22.304 4.42592
23.305 3.856832
24.31 4.174208
25.312 4.211584
26.32 4.633856
27.331 4.342912
28.34 4.31648
29.341 4.3712
30.342 4.228928
31.344 3.92704
32.35 3.71456
33.352 3.703616
34.353 3.594176
35.36 3.528512
36.361 3.944384
37.362 3.76928
38.363 3.500224
39.47 3.900608
40.471 4.010048
41.479 3.999104
42.48 4.463296
43.538 3.747392
44.539 3.419072
45.54 4.141376
46.549 4.294592
47.55 4.058368
48.578 4.48064
49.579 4.272704
50.58 4.3648
51.609 3.922496
52.61 3.659848
53.611 3.5504
54.612 3.079808
55.613 3.692672
56.617 4.196096
57.628 3.648896
58.629 3.211136
59.631 3.134528
60.637 3.123584
61.638 4.082968
62.639 3.328808
63.64 4.0976
64.642 4.0976
65.646 4.622912
66.648 3.806656
67.649 4.86368
68.65 3.791168
69.651 3.156416
70.657 2.247992
71.667 2.390408
72.668 2.528064
73.677 2.062016
74.689 2.094848
75.697 2.806208
76.708 2.440512
77.717 1.153664
78.727 2.002752
79.728 1.952576
80.737 1.53216
81.748 1.30688
82.749 1.575936
83.757 1.68992
84.758 1.740096
85.767 1.492928
86.777 2.166912
87.778 2.116736
88.787 1.919744
89.788 1.827648
90.789 1.657088
91.797 2.02464
92.808 1.96352
93.809 2.13408
94.817 2.051072
95.818 2.094848
96.829 2.466944
97.896 2.604672
98.897 2.072808
99.916 1.87612
100.926 2.560896
101.927 2.34656
102.928 2.795264
103.936 2.94848
104.937 3.528504
105.956 2.849984
106.966 3.517568
107.967 3.287744
108.976 3.014144
109.977 2.652992
111.006 2.736
112.015 2.89376
113.016 2.379392
114.025 2.193344
115.035 2.904704
116.095 2.84544
117.096 2.795264
118.105 1.843136
119.106 2.327392
120.107 2.448736
121.114 2.138624
122.115 2.40128
123.116 2.396736
124.117 2.259008
125.124 2.23712
126.125 2.521664
127.325 2.539008
128.334 2.12768
129.335 2.313728
130.345 2.692224
131.354 2.193344
132.355 2.12768
133.364 2.915648
134.365 3.287744
135.366 2.751488
136.406 3.254912
137.594 4.185152
138.595 4.20704
139.596 3.911552
140.597 4.124032
141.598 4.458752
142.603 4.04288
143.606 3.265856
144.608 3.309632
145.614 3.320576
146.624 3.353408
147.625 3.572288
148.633 3.539456
149.634 3.861376
150.663 3.93344
151.665 3.342472
152.674 3.681728
153.675 3.430016
154.684 3.692672
155.685 3.856832
156.686 3.484736
157.693 2.718656
158.704 3.233024
159.705 3.05792
160.706 2.94848
161.713 3.014144
162.723 2.532608
163.724 2.823552
164.733 2.773376
165.734 3.89692
166.735 3.350672
167.736 3.222104
168.793 3.2768
169.864 3.265856
170.883 3.287744
171.925 4.119488
172.926 4.33836
173.933 3.583232
174.935 3.38624
175.943 3.408128
176.944 3.506624
177.954 3.364352
178.963 3.784768
179.983 3.572288
180.984 4.360256
181.985 5.174656
183.004 4.765184
184.014 5.054272
185.023 4.874624
186.024 4.955776
187.032 4.907456
188.033 3.966272
189.034 2.89376
190.035 2.642048
191.043 2.29184
192.044 2.703168
193.053 2.423168
194.062 2.51072
195.063 2.806208
196.064 2.357504
197.093 2.801664
198.102 3.648896
199.113 2.915648
200.114 2.609216
201.122 2.62016
202.133 2.434112
203.153 2.642048
204.243 3.265704
205.312 2.68128
206.313 1.580632
207.322 3.145472
208.323 2.718656
209.324 2.823552
