0 0.415872
1.001 0.306432
2.581 0.021888
4.069 0.256256
5.09 0.032832
6.179 0.153216
7.299 0.196992
8.379 0.087552
9.409 0.21888
10.439 0.186048
11.449 0.186048
12.509 0.032832
14.092 0.38304
15.151 0.131328
17.98 0.60192
19.02 0.32832
20.029 0.186048
21.059 0.207936
22.129 0.131072
23.332 0.2784
24.338 0.251712
25.348 0.16416
26.388 0.142272
73.237 0.93024
74.238 1.378944
75.248 0.92384
76.258 0.755136
77.267 0.2736
78.287 0.853632
79.296 0.715904
80.457 0.974016
81.458 1.499328
82.466 1.241216
83.467 1.181952
84.477 0.2736
86.346 0.032832
92.285 0.350208
93.295 0.992216
94.305 0.402216
95.326 0.590976
96.359 0.962816
97.669 0.999232
98.675 0.723776
99.676 2.385792
100.677 1.668032
101.686 2.116736
102.736 1.980864
103.737 1.284992
104.795 0.415872
105.812 0.131072
108.719 2.992512
109.727 2.221632
110.736 1.295936
111.745 1.280448
112.746 1.668032
113.76 2.604672
114.765 2.335616
115.766 2.16044
116.767 2.418624
117.776 2.062088
118.778 2.215232
119.796 2.374848
120.797 2.07296
121.806 1.843136
122.816 2.648448
123.817 2.29184
124.825 2.215232
125.826 1.893312
126.836 1.58048
127.84 1.772928
128.846 1.350656
129.855 1.96992
130.866 2.083904
131.867 2.07296
132.886 2.456
133.986 2.276352
134.987 1.755584
135.995 1.127232
137.015 0.755136
138.025 0.858176
139.035 0.755136
140.055 0.798912
141.056 1.52576
142.057 1.466496
143.065 0.558144
144.486 0.361152
145.495 0.634752
146.505 0.683072
147.515 1.061568
148.516 1.028736
149.536 1.120832
150.546 1.783872
151.555 1.427264
152.566 0.798912
153.575 0.87552
154.585 0.459648
155.625 0.415872
156.645 0.584576
157.646 0.65664
158.665 0.612864
159.667 0.590976
160.695 0.689472
161.706 1.230272
162.715 1.893312
163.716 1.657088
164.735 1.893312
165.736 1.47104
166.745 1.86048
167.747 1.21932
168.755 1.69632
169.759 1.328768
170.765 1.31328
171.766 1.372544
172.815 1.488384
173.825 0.678528
174.826 1.109888
175.985 0.317376
176.999 0.798912
178.025 0.131072
179.529 3.878976
180.536 1.591424
181.546 1.280448
182.555 1.42272
183.566 1.241216
184.567 0.995904
185.586 1.14912
186.595 0.934784
187.605 0.919296
188.625 0.831744
189.635 0.901952
190.655 1.171008
191.656 1.575936
192.685 1.219328
193.686 1.160064
194.695 1.072512
195.71 0.880064
196.715 1.181952
197.716 1.433664
198.725 1.186496
199.735 1.510272
200.775 0.70496
201.805 1.357056
202.806 1.80576
203.815 1.077056
204.816 1.729152
205.825 1.219328
206.826 0.448704
207.885 1.105344
208.895 1.098944
209.926 1.608768
