0 0.755136
1.001 1.25216
2.01 1.03968
3.011 1.247616
4.02 0.825344
5.03 0.634752
6.04 0.623808
7.05 1.171008
8.06 1.230272
9.08 0.842688
10.09 0.700416
11.1 0.65664
12.12 0.858176
13.131 1.444608
14.14 1.247616
15.15 0.497024
16.179 0.2736
17.319 0.908352
18.33 1.72276
19.37 2.035584
20.38 1.766528
21.391 1.69632
22.4 1.865024
23.401 1.564992
24.42 0.481536
25.459 0.66116
26.46 0.842688
27.47 0.361152
28.5 0.251712
30.39 0.131072
38.81 1.493208
39.819 0.251456
41.599 0.66784
42.61 0.426816
43.629 0.525312
44.649 0.580032
45.669 0.2736
47.06 0.901952
48.079 0.733248
49.099 0.809856
50.1 0.897408
51.109 0.442304
52.119 0.525312
53.129 0.404928
54.159 0.415872
55.169 0.142272
56.5 0.536256
57.521 0.503424
58.529 0.415872
59.539 0.175104
60.549 0.234368
61.559 0.525312
62.569 0.667584
63.589 0.98496
64.599 1.219328
65.6 1.050624
66.619 0.952128
67.639 0.755136
68.649 0.409472
69.659 1.14912
70.68 1.400832
71.9 1.14272
72.919 0.634752
73.929 0.590976
74.939 0.580032
75.949 0.459648
76.98 0.196992
78.039 0.310976
79.059 1.160064
80.069 1.127232
81.079 0.350208
82.099 0.14048
84.969 0.827136
85.979 0.459648
86.999 0.38304
88.029 0.306432
89.159 0.514368
90.169 0.5472
91.179 0.737792
92.199 0.941184
93.209 1.072512
94.218 0.71136
95.229 0.481536
96.25 0.300008
97.989 1.072512
98.999 1.53216
100.0 1.886936
101.018 1.783872
102.019 1.700864
103.029 1.886912
104.049 1.652544
105.059 1.372544
106.25 2.013696
107.269 1.558568
108.271 2.155968
109.279 1.18652
110.289 0.71136
111.298 0.667584
112.299 0.76608
113.308 0.612864
114.329 0.27788
115.349 1.313536
116.358 1.554048
117.369 1.164608
118.388 1.061568
119.398 1.328768
120.409 1.269504
121.418 2.007296
122.538 2.374848
123.539 1.492928
124.54 2.685824
125.768 3.2768
127.128 1.433664
128.258 1.843136
129.27 3.572288
130.279 2.692224
131.289 1.30688
132.299 2.740544
133.3 2.970368
134.308 1.80576
135.318 1.919744
136.319 2.652992
137.328 2.199744
138.329 2.12768
139.331 2.456
140.338 3.408128
141.339 3.287744
142.349 4.031936
143.35 3.791168
144.358 2.521664
145.369 2.40128
146.429 2.29824
147.438 1.919744
148.439 2.324672
149.447 2.35296
150.448 2.959424
151.449 3.22208
152.458 2.269952
153.468 2.221632
154.469 2.029184
155.477 2.313728
156.478 2.34656
157.487 3.22208
158.517 3.419072
159.528 3.075264
160.529 2.390336
161.537 2.412224
162.547 2.23712
163.548 2.593728
164.549 1.96352
165.557 1.821248
166.558 2.932992
167.567 2.390336
168.568 2.445056
169.569 2.423168
170.57 2.67488
171.578 2.560896
172.587 2.860928
173.588 2.970376
174.597 2.521664
175.607 2.685824
176.608 2.882816
177.617 2.725056
178.627 1.821248
179.637 2.357504
180.647 2.199744
181.648 1.832192
182.656 2.89376
183.657 2.445056
184.677 3.49568
185.689 4.327424
186.69 3.320576
187.697 3.090752
188.698 3.233024
189.702 3.375296
190.703 3.900608
191.707 3.681728
192.708 2.871872
193.709 3.014144
194.727 2.609216
195.73 3.320504
196.737 4.06484
197.738 3.824
198.739 3.2768
199.748 2.707712
200.757 3.955328
201.758 3.856832
202.759 3.609664
203.847 3.594176
204.848 3.561344
205.857 3.528512
206.859 3.49568
207.867 4.15232
208.868 4.53536
209.869 3.347008
