0 2.998656
1.009 1.865024
2.018 1.85408
3.038 2.363904
4.039 2.171456
5.048 3.243968
6.049 3.178152
7.05 1.93084
8.057 2.648448
9.058 2.32468
10.068 2.445056
11.069 2.871872
12.071 2.707712
13.158 3.075264
14.159 2.762432
15.169 2.521664
16.17 2.532608
17.178 3.16736
18.179 3.5504
19.188 2.740544
20.189 2.707712
21.19 2.593728
22.198 2.259008
23.208 2.915648
24.209 3.561344
25.21 2.89376
26.212 3.200168
27.218 3.26588
28.219 3.397184
29.228 3.98816
30.229 3.71456
31.231 3.845888
32.238 2.8062
33.239 3.287744
34.24 3.49568
35.248 2.806208
36.249 3.068864
37.258 3.309632
38.259 2.335616
39.268 2.521664
40.278 2.871872
41.307 3.261312
42.308 2.762432
43.309 2.795264
44.31 2.94848
45.317 2.762432
46.318 3.243968
47.319 3.506624
48.32 3.506624
49.327 3.484736
50.329 2.806208
51.337 2.598272
52.347 2.773376
53.348 2.871872
54.377 2.51712
55.378 2.259008
56.379 2.62016
57.387 2.642048
58.388 3.068864
59.437 2.867328
60.438 2.78432
61.439 2.445056
62.447 2.663936
63.448 2.466944
64.449 2.90016
65.457 2.970368
66.458 2.89376
67.467 2.324672
68.477 3.320576
69.478 3.353408
70.479 3.561344
71.487 2.860928
72.488 2.335616
73.497 2.506176
74.498 2.817152
75.499 3.22208
76.507 2.576384
77.508 2.423168
78.509 2.423168
79.537 3.265856
80.616 3.506624
81.617 3.046976
82.727 2.834496
83.737 2.89376
84.738 2.89376
85.739 2.882816
86.747 2.849984
87.748 2.849984
88.749 2.609216
89.75 3.123584
90.797 3.2768
91.885 3.162816
92.897 3.233024
93.898 2.576384
94.907 2.149568
95.908 2.07296
96.909 2.342016
97.917 2.828096
98.918 3.22208
99.927 2.685824
100.937 2.598272
101.946 2.374848
102.947 2.751488
103.957 2.62016
104.967 2.26996
105.968 2.696768
106.976 2.363904
107.977 2.543552
108.987 2.773376
109.988 1.886912
110.996 3.06432
111.997 3.481048
113.009 3.285032
114.077 3.151872
115.078 3.423616
116.128 4.743296
117.129 3.889664
118.135 3.298688
119.136 3.889664
120.137 3.817448
121.176 3.276952
122.395 2.878272
123.396 3.675328
124.456 4.349312
125.457 3.802112
126.459 3.430016
127.46 3.977216
128.466 4.113088
129.546 4.174208
130.556 4.75424
131.557 4.178752
132.606 4.228928
133.607 4.69952
134.616 4.167808
136.015 4.447808
137.016 5.016896
138.017 4.375744
139.027 4.951232
140.036 4.222528
141.038 4.929344
142.039 4.82444
143.135 4.404032
144.136 4.513472
145.146 4.20064
146.196 4.688576
147.197 4.841792
148.206 3.992704
149.207 4.491584
150.209 4.382144
151.215 3.937984
152.226 4.196096
153.227 3.791168
154.229 4.185152
155.235 4.0912
156.295 4.196096
157.296 3.977216
158.297 3.922496
159.304 3.36436
160.305 3.780224
161.306 2.663936
162.315 2.67488
163.316 2.521664
164.317 2.718656
165.326 2.84544
166.327 3.0032
167.345 2.817152
168.346 2.532608
169.347 3.123584
170.355 3.200192
171.365 3.101696
172.366 3.397184
173.367 2.83904
174.368 3.243968
175.369 3.583232
176.374 3.76928
177.375 4.414976
178.376 3.806656
179.385 3.71456
180.386 3.87872
181.387 4.491584
182.395 4.167808
183.435 3.265856
184.464 2.779776
185.465 2.904704
186.466 3.068864
187.468 2.696768
188.473 2.762432
189.474 2.543552
190.475 2.451456
191.484 2.445056
192.485 2.970368
193.486 3.211136
194.494 2.959424
195.505 3.287744
196.506 3.178304
197.513 3.342464
198.514 3.145472
199.524 2.981312
200.525 3.692672
201.526 4.502528
202.527 4.031928
203.534 3.036032
204.535 3.090752
205.536 2.7296
206.537 2.587328
207.543 2.576384
208.544 2.817152
209.545 2.849984
