0 1.492912
1.03 1.779032
2.031 1.335376
3.22 0.896704
4.25 1.666808
5.251 1.80704
6.252 1.517312
7.42 1.40264
8.421 2.839376
9.43 2.340152
10.541 2.593144
11.542 1.921848
12.546 2.053424
13.591 1.700864
14.592 1.354256
15.611 1.639288
16.621 1.821936
17.622 1.999232
18.632 1.23904
19.7 2.649424
20.882 2.58792
21.883 2.027336
22.892 2.224376
23.992 2.134432
25.072 2.15888
26.213 2.296888
27.214 2.608496
28.215 2.094944
29.223 1.932328
30.224 2.040568
31.233 1.6774
32.294 1.743392
33.295 1.978016
34.304 2.597192
35.343 3.030016
36.344 1.037048
37.364 1.250304
38.365 0.800568
39.384 1.430528
40.385 1.714496
41.386 1.836032
42.405 2.149976
43.415 2.287912
44.425 2.399232
45.426 2.351864
46.44 1.89352
47.446 2.328528
48.665 2.185216
49.666 1.90828
50.676 1.601968
51.677 2.08384
52.686 1.653248
53.687 2.343232
54.846 2.917864
56.036 2.59072
57.037 2.226272
58.038 2.1284
59.046 1.655808
60.057 0.8592
61.123 2.264064
62.127 1.46636
63.179 2.637216
64.198 2.621072
65.298 2.96828
66.418 2.577368
67.466 3.863552
68.468 3.10728
69.609 3.03456
70.758 2.331648
71.759 1.816888
72.768 0.664576
74.258 2.3576
75.259 2.067584
76.269 2.523136
77.27 2.141112
78.28 1.982464
79.289 1.662576
80.31 1.982464
81.319 1.555608
82.32 2.072576
83.321 1.689416
84.33 1.368976
85.42 2.52396
86.422 2.19648
87.431 1.502304
88.471 2.756992
89.472 2.194
90.681 2.635776
91.688 1.80224
92.69 1.21188
93.691 1.086704
94.76 1.712128
95.762 1.48812
96.77 1.50864
97.781 2.416664
98.901 1.655808
99.911 2.068328
100.912 1.18272
101.921 1.544064
102.931 1.312944
103.941 1.824768
104.942 2.223456
105.952 2.004992
106.961 1.657688
107.962 2.241536
108.963 2.09528
109.973 1.927104
111.134 2.626976
112.142 2.09896
113.143 2.748416
114.163 2.074488
115.165 2.827264
116.173 2.740144
117.174 2.289312
118.183 2.397896
119.193 2.996224
120.194 2.308056
121.195 2.57176
122.204 1.969608
123.284 1.712128
124.304 1.993728
125.305 1.34364
126.674 2.47808
127.704 1.408728
129.074 2.162688
130.086 1.461248
131.336 1.453056
132.715 0.574464
133.935 1.02124
134.936 1.75832
135.937 1.829576
136.945 1.974504
137.946 1.214568
138.956 1.742432
139.966 1.683344
140.976 1.21852
142.076 2.453384
143.086 2.500608
144.087 2.230848
145.088 2.169704
146.097 3.284256
147.297 3.225528
148.298 1.886264
149.33 2.823312
150.337 2.297856
151.347 1.766488
152.358 1.75176
153.368 2.433024
154.378 1.737584
155.379 1.859352
156.398 2.095104
157.408 1.534952
158.56 2.800944
159.648 2.951168
160.649 2.481576
161.659 2.359456
162.66 1.968872
163.909 3.0976
164.91 2.25876
165.919 1.713784
166.95 1.216512
167.959 0.495616
168.97 0.202752
170.01 1.193984
171.03 1.606488
172.031 2.47136
173.25 2.433024
174.252 1.963608
175.261 2.295928
176.361 2.556928
177.371 2.055768
178.381 2.039616
179.401 2.297856
180.402 1.987224
181.411 2.568192
182.421 2.340016
183.432 2.363904
184.444 2.849152
185.491 1.91488
186.492 1.900688
187.493 2.133936
188.502 2.247744
189.512 1.702512
190.522 1.779712
191.523 1.990928
192.533 2.01872
193.733 0.642048
194.742 1.734656
195.743 0.979968
196.763 0.664576
197.793 1.645336
198.972 1.700864
199.982 1.588224
200.992 0.886024
202.223 1.565696
203.232 0.867328
204.243 0.846224
205.293 1.52064
206.313 1.599488
207.323 0.465328
208.436 2.568192
209.443 1.080128
