0 0.021888
1.406 0.05068
19.591 1.466496
20.592 2.154336
21.652 2.07936
22.662 1.74304
23.676 1.980864
24.682 1.770144
25.731 2.528064
26.732 1.971688
27.733 2.09668
28.812 2.363904
29.832 2.183688
30.833 2.147944
31.842 1.992912
32.844 2.385792
33.851 2.014216
34.852 1.527632
35.861 2.068416
36.862 1.557696
37.871 1.783872
38.872 0.666176
40.03 2.40768
41.031 1.53068
42.032 1.506104
43.041 1.925256
44.13 2.035584
45.131 1.549272
46.14 1.957872
47.15 2.506176
48.17 1.674792
49.171 1.050624
50.18 0.426816
51.181 0.516896
52.212 0.33732
53.23 0.196992
68.395 0.098496
69.415 0.10944
70.455 0.10944
71.495 0.10944
72.525 0.10944
73.535 0.120384
74.585 0.120384
75.675 0.120384
76.785 0.10944
77.825 0.10944
78.875 0.120384
79.975 0.120384
81.065 0.10944
82.075 0.10944
83.105 0.10944
84.155 0.10944
85.165 0.10944
86.215 0.10944
87.245 0.10944
88.314 0.120384
89.405 0.10944
90.425 0.375296
91.426 1.192896
92.437 1.24684
93.546 1.597824
94.554 1.2948
95.555 1.904256
96.565 2.342016
97.566 2.56916
98.575 2.899744
99.576 1.628656
106.22 1.291392
107.222 2.828296
108.23 3.116784
109.361 2.692224
110.38 1.798072
111.381 1.921928
112.471 1.980864
113.481 1.358144
114.491 1.776584
115.66 2.13408
116.661 1.654432
117.74 1.838592
118.741 1.379504
119.9 1.58688
120.91 1.767296
122.01 0.98496
123.02 0.295488
124.05 0.295488
125.08 0.71136
126.11 0.667584
127.13 0.39432
128.16 0.2736
141.14 0.032832
142.3 0.043776
143.62 0.043776
144.79 0.065664
146.897 0.043776
147.98 0.043776
149.14 0.043776
150.42 0.043776
151.62 0.043776
152.86 0.043776
154.06 0.043776
155.46 0.032832
156.527 0.065664
157.847 0.065664
158.947 0.05472
160.267 0.032832
161.567 0.021888
162.607 0.032832
163.847 0.021888
164.887 0.010944
177.122 0.065664
178.202 0.087552
179.301 0.142272
180.362 0.098496
181.442 0.120384
182.739 0.10944
183.86 0.10944
185.062 0.10944
186.063 0.153216
187.162 0.016896
188.582 0.098496
189.639 0.153216
190.64 0.131328
191.942 0.142272
193.021 0.10944
194.043 0.153216
195.202 0.142272
196.22 0.131328
197.222 0.131328
198.241 0.10944
199.342 0.142272
200.439 0.10944
201.603 0.153216
202.683 0.10944
203.721 0.10944
205.059 0.16416
206.139 0.098496
207.201 0.10944
208.289 0.131072
