0 0.408152
1.007 0.368712
2.037 0.375432
3.057 0.350208
4.077 0.148592
5.117 0.131328
6.519 0.798536
7.628 1.099968
8.63 0.751704
9.793 0.739632
11.097 0.95752
12.098 0.963992
13.248 0.920848
14.297 1.030512
15.307 1.019616
16.317 0.982384
17.318 1.016792
18.319 0.983744
19.32 0.998424
20.609 0.595152
21.627 0.72384
22.637 0.783096
23.649 0.718768
24.657 0.78756
25.707 1.426544
26.847 1.484688
27.857 0.809336
28.967 0.848552
29.976 0.470592
30.997 0.311704
32.017 0.391248
33.227 0.240768
34.237 0.20772
38.186 0.140344
39.267 0.306432
40.357 0.340384
41.407 0.447912
42.435 0.489376
43.438 0.5618
44.446 0.19312
45.447 0.567096
46.469 0.790912
47.477 0.816392
48.496 0.676456
49.597 0.852696
50.617 0.680992
51.626 0.355824
52.636 0.506072
53.649 0.983576
54.657 1.353992
55.667 1.177584
56.676 1.219168
57.677 1.019856
58.887 1.244896
59.897 1.16548
60.906 0.91984
62.057 0.984776
63.256 1.25676
64.257 0.905952
65.336 1.182488
66.337 0.808832
67.547 1.095896
68.726 1.086736
69.735 0.703024
70.755 0.76056
71.765 0.871888
72.775 0.361296
73.815 0.4002
74.875 0.54872
75.896 0.492424
76.925 0.219936
77.985 0.8868
78.986 0.937936
79.995 0.942448
81.005 0.942872
82.225 0.87772
83.427 0.426816
84.435 0.622752
85.445 1.087816
86.446 1.173464
87.495 1.091072
88.505 0.919984
89.506 1.215976
90.515 1.157888
91.666 1.276272
92.774 1.268256
93.904 1.121
95.044 1.048432
96.054 0.61552
97.234 0.837152
98.244 0.776696
99.254 1.025312
100.264 0.576856
101.274 0.960824
102.474 1.155496
103.484 0.916256
104.494 0.90664
105.504 0.827848
106.514 0.936088
107.524 0.984336
108.534 0.866648
109.653 0.131072
111.258 0.83992
112.334 0.639936
113.353 0.557464
114.484 0.83688
115.494 1.017568
116.684 0.848448
117.764 0.967152
118.884 0.932648
120.013 0.937448
121.024 0.709632
122.025 1.030616
123.254 1.2772
124.264 0.790608
125.274 0.756752
126.413 0.856296
127.422 0.52552
128.521 0.43388
129.591 0.317376
130.631 0.145312
131.741 0.16416
132.774 0.280256
134.002 0.087552
135.362 0.379824
137.271 0.479784
138.572 1.042424
139.588 0.78904
140.602 1.11316
141.611 0.929008
142.672 1.051576
143.691 0.704904
144.722 0.888784
145.741 0.17108
147.351 0.087552
148.411 0.087552
149.431 0.098496
150.551 0.146088
151.591 0.544152
152.623 1.259616
153.771 1.261432
154.892 1.22164
156.011 1.286496
157.231 1.166344
158.271 1.345096
159.281 0.898216
160.291 0.963912
161.351 1.005304
162.373 1.237192
163.441 1.079304
164.46 1.21128
165.461 0.999456
166.69 0.53368
167.85 0.512408
168.92 0.620328
169.93 0.519704
171.0 0.669616
172.01 0.6474
173.02 0.751984
174.13 1.3628
175.131 0.77972
176.16 0.914872
177.313 1.11756
178.33 1.175104
179.35 1.134864
180.366 1.168776
181.381 1.111848
182.56 1.21172
183.584 0.98928
184.629 1.161208
185.679 1.622072
186.749 0.826576
187.837 0.415872
190.078 0.50796
191.079 0.536256
192.109 0.952992
193.118 0.897072
194.138 0.610784
195.278 0.717872
196.298 0.74512
197.317 0.420736
198.337 0.521848
199.347 0.566432
200.366 0.538472
201.378 0.476304
202.397 0.649168
203.417 0.394072
204.437 0.317744
205.447 0.380744
206.457 0.518184
207.467 0.652864
208.478 0.557456
209.487 0.3394
