0 2.84544
1.001 2.280896
2.01 2.269952
3.011 2.445056
4.04 2.670336
5.041 2.51072
6.05 2.51072
7.051 2.1824
8.07 2.342016
9.08 1.810304
10.09 1.740096
11.1 1.602368
12.11 1.904256
13.12 1.58048
14.13 1.80576
15.131 2.083904
16.132 2.357504
17.14 1.400832
18.149 0.97856
19.15 1.006848
20.16 1.433664
21.17 1.098944
22.18 1.400832
23.189 0.744192
24.199 0.956672
25.219 0.8208
26.229 1.03968
27.249 1.427264
28.26 0.919296
29.276 1.302336
30.29 1.646144
31.299 2.51712
32.3 2.434112
33.31 2.477888
34.319 1.58688
35.329 1.25216
36.339 1.521216
37.349 1.613312
38.35 1.75104
39.359 1.098944
40.37 2.199744
41.38 2.521664
42.381 2.609216
43.389 2.40128
44.4 2.506176
45.41 1.481984
46.428 1.794816
47.429 2.248064
48.43 2.423168
49.439 2.193344
50.528 1.69632
51.529 1.843136
52.53 2.40768
53.538 1.678984
54.539 2.226176
55.619 2.145024
56.628 1.832192
57.638 1.9152
58.648 1.821248
59.649 2.02464
60.658 1.79936
61.668 1.941632
62.678 2.177856
63.688 1.930688
64.698 2.193344
65.708 2.320128
66.709 2.029184
67.718 2.062016
68.778 2.090304
69.788 1.668032
70.798 1.652544
71.808 1.438208
72.818 1.335168
73.828 1.499328
74.838 1.263104
75.848 1.25856
76.858 1.022336
77.861 0.897408
78.868 0.798912
79.878 0.995904
80.888 0.86912
81.898 1.192896
82.918 1.466496
83.928 1.514816
84.938 1.685376
85.948 1.503872
86.958 1.006848
87.978 1.055168
89.069 0.65664
90.088 0.612864
91.118 0.777024
92.127 0.842688
93.128 0.70496
94.138 0.60192
95.147 0.459648
96.168 0.317376
97.178 0.251712
98.188 0.623808
99.198 0.678528
100.207 0.310976
101.227 0.470592
102.231 0.831744
103.238 0.8208
104.247 0.86912
105.267 1.072512
106.268 1.138176
107.278 1.066104
108.417 1.368
109.418 1.707264
110.428 1.558592
111.437 1.247616
112.438 0.634752
113.458 0.748736
114.467 1.127232
115.488 0.963072
116.507 0.770624
117.517 0.995904
118.527 1.171008
119.528 0.92384
120.547 0.777024
121.557 0.87552
122.567 0.831744
123.568 0.880064
124.587 1.6416
125.588 1.996352
126.598 2.166912
127.608 1.9088
128.617 1.919744
129.658 1.816704
130.667 1.514816
131.687 0.995904
132.697 1.061568
133.707 0.8208
134.727 0.989504
135.728 0.886464
136.737 0.700416
137.767 0.536256
138.777 0.715904
139.787 1.03968
140.808 1.03968
141.817 0.722304
142.827 0.628352
143.837 0.372096
144.867 0.240768
145.897 0.251712
146.947 0.207936
148.007 0.131072
155.422 1.744896
156.456 0.251712
157.486 0.284544
158.496 0.306432
159.506 0.251712
160.536 0.251712
161.556 0.306432
162.566 0.32832
163.596 0.426816
164.636 0.306432
165.646 0.284544
166.676 0.245312
167.956 0.317376
168.966 0.361152
169.976 0.350208
171.009 0.359808
172.034 0.307776
173.035 0.240768
174.084 0.251712
175.095 0.043776
180.322 1.017792
190.357 0.847232
191.364 1.25856
192.375 1.208384
193.395 1.444608
194.404 1.488384
195.414 1.547648
196.415 1.937088
197.425 1.427264
198.434 1.127232
199.435 0.839008
200.445 0.785248
201.454 0.744192
202.485 0.295488
203.514 0.32832
204.534 0.580032
205.535 0.628352
206.545 1.03968
207.564 1.291392
208.575 1.263112
209.584 1.006848
