0 0.032832
1.26 0.131072
6.575 1.111168
7.585 1.553448
8.586 0.495808
9.735 0.873616
10.924 0.598496
11.934 0.694744
12.944 0.777904
14.004 0.852952
15.025 0.59396
16.044 0.448704
17.054 0.421088
18.055 0.501896
19.074 0.580032
20.094 0.466112
21.104 0.683512
22.114 0.889512
23.264 1.453328
24.265 1.395968
25.266 1.59244
26.374 1.21736
27.557 1.44648
28.683 1.253408
29.724 1.181288
30.743 1.253256
31.744 1.246096
32.745 1.407208
33.753 1.256432
34.824 1.317696
35.943 1.595144
37.153 1.50868
38.154 1.279808
39.304 0.945232
40.305 1.077088
41.423 1.51092
42.424 1.349264
43.603 1.372728
44.613 1.369104
45.614 1.154816
46.713 1.34792
47.723 1.046144
48.853 1.236424
49.854 1.357576
50.863 1.061
51.954 1.109584
52.962 1.043336
53.972 1.334728
54.973 1.050856
55.992 0.88712
57.001 0.87152
58.123 0.961824
59.252 1.182632
60.262 0.959288
61.272 0.902264
62.281 0.617568
63.282 0.3358
64.312 0.32832
65.351 0.618448
66.353 0.283056
67.802 1.127216
68.972 1.329928
70.142 0.99904
71.264 1.016704
72.265 1.009016
73.284 1.319288
74.383 1.376056
75.384 1.555936
76.393 1.18292
77.395 1.40052
78.423 1.369528
79.433 1.096872
80.566 1.051016
81.583 0.712464
82.603 0.994176
83.604 0.860728
84.612 1.045568
85.712 1.044784
86.722 1.101488
87.884 0.925424
88.902 0.76704
89.912 0.671384
90.992 1.162176
92.002 0.690184
93.012 0.858784
94.013 1.011
95.143 1.005144
96.262 1.074992
97.273 1.298304
98.282 0.972184
99.323 1.000688
100.452 1.137552
101.453 0.692656
102.504 1.03632
103.512 0.770016
104.532 1.056152
105.732 1.179856
106.733 1.151584
107.932 1.116368
108.942 1.075928
109.952 0.794152
110.972 0.821408
112.003 0.762568
113.092 0.799504
114.102 0.794912
115.112 0.782736
116.122 0.791056
117.132 0.569728
118.252 0.527584
119.441 0.648224
120.442 0.610024
121.452 0.51028
122.462 0.597072
123.482 0.460592
124.503 0.393984
125.552 0.33168
126.57 0.579728
127.572 0.442928
128.592 0.921552
129.594 0.85972
130.602 1.005096
131.611 1.112064
132.772 0.896408
133.851 0.855416
134.97 0.976464
136.181 0.750224
137.2 0.814
138.23 1.0862
139.311 0.860424
140.317 0.707224
141.322 0.85548
142.331 0.739384
143.341 0.820448
144.35 0.855072
145.351 1.203312
146.361 0.956128
147.41 0.712392
148.411 0.547136
149.43 0.532816
150.442 0.793984
151.45 0.736648
152.46 0.795088
153.47 0.696384
154.481 0.73416
155.5 0.647352
156.54 0.655712
157.73 0.808496
158.739 1.071152
159.74 0.996032
160.86 1.431216
161.861 1.428504
162.98 1.34928
163.981 1.021832
164.989 0.786048
165.999 1.067568
167.109 0.579192
168.129 0.503424
169.139 0.406416
170.14 0.887456
171.16 0.869224
172.169 1.161
173.179 1.142048
174.18 1.190968
175.359 1.079152
176.369 0.986336
177.379 1.009136
178.439 1.51776
179.442 1.234288
180.449 1.771688
181.569 1.297248
182.57 1.327288
183.58 1.445616
184.589 1.731856
185.759 2.140368
187.039 1.012224
188.041 1.075424
189.079 1.513408
190.08 1.30044
191.089 1.21312
192.179 1.301576
193.181 1.468968
194.201 1.351096
195.209 1.114016
196.229 1.412736
197.24 1.402064
198.249 1.510456
199.349 1.91208
200.549 1.785856
201.55 1.694928
202.564 1.517064
203.57 1.279008
204.571 1.42408
205.579 1.413632
206.59 1.30872
207.639 1.270072
208.659 1.580824
209.709 1.567096
