0 0.50176
1.02 0.774144
2.031 1.17712
3.041 1.247072
4.271 1.32268
5.272 1.441032
6.28 1.354568
7.44 1.642048
8.63 1.074584
9.79 2.0154
10.791 1.682064
11.951 1.852544
12.961 1.475248
14.011 2.124016
15.012 2.055768
16.022 0.471144
17.023 1.795528
18.152 1.590352
19.464 1.828808
20.662 2.286592
21.692 2.292496
22.893 2.129616
23.983 1.74592
25.032 1.739736
26.033 0.991232
27.034 2.320384
28.043 1.45856
29.223 2.297856
30.233 1.57696
31.254 0.5322
32.274 0.811008
33.283 1.991688
34.404 1.672024
35.414 1.77864
36.576 1.492864
37.584 1.683528
38.605 1.701472
39.674 1.947
40.734 1.724552
41.735 1.704304
42.745 1.838376
43.746 1.319472
44.755 1.678336
45.756 1.05844
46.785 0.912384
47.786 0.642048
48.895 0.50688
49.955 0.382976
50.986 0.090112
52.058 0.946176
53.076 1.137664
54.086 0.33792
55.096 0.695704
56.097 1.655808
57.107 1.379712
58.108 1.46432
59.128 0.547792
60.369 0.382976
62.117 1.338752
63.148 1.23904
64.149 0.887136
65.288 1.250032
66.308 1.34608
67.438 1.602672
68.788 1.340416
69.809 1.279632
70.81 1.114864
71.819 1.028128
73.149 2.22984
74.319 0.8448
75.329 0.799744
76.33 1.171056
77.34 1.734656
78.341 1.293152
79.36 1.13076
80.369 1.137664
81.38 0.822272
82.39 0.712912
83.4 0.596992
84.43 0.424504
85.431 1.540384
86.491 1.104976
87.631 0.872456
88.661 1.78644
89.852 1.727232
90.861 1.483624
91.862 1.523528
92.931 1.826656
93.932 0.705184
95.032 1.259656
96.041 1.09728
97.112 1.272832
98.122 0.941152
99.142 1.385472
100.152 1.148264
101.153 1.551184
102.163 1.40396
103.183 1.147648
104.184 0.978912
105.203 0.979968
106.223 0.51792
107.233 0.979968
108.243 0.737496
109.264 1.6896
110.275 1.506584
111.276 1.27028
112.296 1.35168
113.314 0.576976
114.324 1.385472
115.344 0.434456
116.624 0.405504
117.644 0.2816
118.645 1.179376
119.735 1.205248
120.745 0.901336
122.186 1.31248
123.205 1.115856
124.225 1.386808
125.395 0.73216
126.404 0.315392
127.535 0.919
128.537 0.948072
129.594 0.033792
130.705 1.485472
131.706 1.720528
132.716 1.436232
133.735 1.35168
134.736 1.610856
135.738 1.436128
136.756 1.594432
137.757 1.72688
138.767 1.798616
139.776 2.03584
140.957 1.881088
141.958 1.3468
142.959 1.256952
144.297 1.383704
145.307 1.07008
146.337 0.964432
147.338 1.216512
148.357 0.929336
149.358 0.792064
150.467 1.481256
151.628 0.923648
152.748 1.1116
153.75 1.272832
154.768 1.140088
155.998 1.57696
157.018 0.345736
158.028 1.205248
159.029 1.144624
160.039 1.411712
161.219 1.430528
162.229 0.991552
163.231 1.103856
164.319 1.171456
165.327 0.86888
166.33 1.092608
167.35 0.770904
168.37 0.756872
169.38 1.036288
170.381 0.701216
171.94 1.200672
172.96 1.171456
173.961 1.43524
174.962 1.45144
176.151 1.413984
177.181 1.412152
178.192 1.354552
179.271 2.2528
180.272 1.572264
181.281 1.538216
182.292 1.571096
183.342 2.128896
184.353 1.93208
185.354 1.736568
186.362 1.3262
187.364 1.401
188.373 1.396736
189.384 1.2366
190.433 1.6896
191.434 1.724816
192.443 1.531904
193.453 1.549248
194.463 1.441792
197.254 1.47916
198.263 2.23904
199.265 1.81156
200.28 1.128072
201.284 2.038784
202.294 1.700272
203.304 1.3314
204.486 2.195296
205.494 1.867864
206.495 1.345424
207.533 1.419264
208.535 1.826456
209.543 1.937656
