0 1.310288
1.009 1.160712
2.09 1.301048
3.1 1.003968
4.109 1.10704
5.12 0.992512
6.129 0.887608
7.14 1.079864
8.28 0.919504
9.289 0.768704
10.299 0.90752
11.389 0.977736
12.459 1.282408
13.579 1.32364
14.759 1.455184
15.769 1.032696
16.869 1.120352
17.892 0.575312
18.899 0.416344
20.049 0.870208
21.129 1.101416
22.139 1.079176
23.149 0.813672
24.169 0.367576
25.201 0.38304
26.209 0.22608
27.229 0.317376
28.239 0.32832
29.28 0.183024
30.298 0.284544
31.309 0.310064
32.339 0.470592
33.349 0.303448
34.02 2.083904
35.03 2.35296
36.039 2.23712
37.04 2.051072
38.049 2.823552
39.057 2.718656
40.058 3.145472
41.059 1.580632
42.068 2.68128
43.069 3.265704
44.138 2.642048
45.228 2.434112
46.248 2.62016
47.259 2.609216
48.267 2.915648
49.268 3.648896
50.279 2.801664
51.288 2.357504
52.317 2.806208
53.318 2.51072
54.319 2.423168
55.328 2.703168
56.337 2.29184
57.338 2.642048
58.346 2.89376
59.347 3.966272
60.348 4.907456
61.349 4.955776
62.357 4.874624
63.358 5.054272
64.367 4.765184
65.377 5.174656
66.396 4.360256
67.397 3.572288
68.398 3.784768
69.418 3.364352
70.427 3.506624
71.437 3.408128
72.438 3.38624
73.446 3.583232
74.448 4.33836
75.455 4.119488
76.456 3.287744
77.498 3.265856
78.517 3.2768
79.588 3.222104
80.645 3.350672
81.646 3.89692
82.647 2.773376
83.648 2.823552
84.657 2.532608
85.658 3.014144
86.668 2.94848
87.675 3.05792
88.676 3.233024
89.677 2.718656
90.688 3.484736
91.695 3.856832
92.696 3.692672
93.697 3.430016
94.706 3.681728
95.707 3.342472
96.716 3.93344
97.718 3.861376
98.747 3.539456
99.748 3.572288
100.756 3.353408
101.757 3.320576
102.767 3.309632
103.773 3.265856
104.775 4.04288
105.778 4.458752
106.783 4.124032
107.784 3.911552
108.785 4.20704
109.786 4.185152
110.787 3.254912
111.975 2.751488
113.015 3.287744
114.016 2.915648
115.017 2.12768
116.026 2.193344
117.027 2.692224
118.036 2.313728
119.046 2.12768
120.047 2.539008
121.056 2.521664
122.256 2.23712
123.257 2.259008
124.264 2.396736
125.265 2.40128
126.266 2.138624
127.267 2.448736
128.274 2.327392
129.275 1.843136
130.276 2.795264
131.285 2.84544
132.286 2.904704
133.346 2.193344
134.356 2.379392
135.365 2.89376
136.366 2.736
137.375 2.652992
138.404 3.014144
139.405 3.287744
140.414 3.517568
141.415 2.849984
142.425 3.528504
143.444 2.94848
144.445 2.795264
145.453 2.34656
146.454 2.560896
147.455 1.87612
148.465 2.072808
149.484 2.604672
150.485 2.466944
151.552 2.094848
152.563 2.051072
153.564 2.13408
154.572 1.96352
155.573 2.02464
156.584 1.657088
157.592 1.827648
158.593 1.919744
159.594 2.116736
160.603 2.166912
161.604 1.492928
162.614 1.740096
163.623 1.68992
164.624 1.575936
165.632 1.30688
166.633 1.53216
167.644 1.952576
168.653 2.002752
169.654 1.153664
170.664 2.440512
171.673 2.806208
172.684 2.094848
173.692 2.062016
174.704 2.528064
175.713 2.390408
176.714 2.247992
177.724 3.156416
178.73 3.791168
179.731 4.86368
180.732 3.806656
181.733 4.622912
182.735 4.0976
183.739 4.0976
184.741 3.328808
185.742 4.082968
186.743 3.123584
187.744 3.134528
188.75 3.211136
189.752 3.648896
190.753 4.196096
191.764 3.692672
192.768 3.079808
193.769 3.5504
194.77 3.659848
195.771 3.922496
196.772 4.3648
197.801 4.272704
198.802 4.48064
199.803 4.058368
200.831 4.294592
201.832 4.141376
202.841 3.419072
203.842 3.747392
204.843 4.463296
205.901 3.999104
206.902 4.010048
207.91 3.900608
208.911 3.500224
