0 2.035152
1.06 2.20192
2.062 2.114424
3.07 1.916208
4.071 2.73984
5.072 2.694328
6.23 2.339136
7.231 2.560184
8.238 1.709296
9.239 2.035472
10.24 3.177216
11.248 3.367248
12.249 2.936128
13.252 3.611872
14.253 2.822872
15.255 3.242352
16.263 3.027104
17.264 2.62516
18.265 2.7568
19.266 2.828048
20.267 2.33228
21.275 2.119344
22.276 2.104584
23.279 2.801664
24.28 2.246904
25.289 2.088824
26.291 2.73408
27.292 2.510488
28.302 3.023272
29.433 2.802424
30.443 2.768832
31.452 2.241232
32.462 2.113104
33.472 2.853176
34.473 2.776304
35.474 3.070592
36.482 2.780224
37.492 1.86048
38.496 2.567656
39.497 2.447904
40.506 2.425616
41.507 2.846784
42.516 3.145336
43.521 2.93296
44.522 2.59304
45.683 2.823552
46.691 2.31164
47.701 2.905688
48.706 2.315808
49.716 2.553776
50.727 2.54208
51.877 2.659392
52.886 1.711032
53.887 2.04336
54.896 2.745344
56.097 2.911104
57.107 2.8526
58.108 2.819312
59.117 3.450904
60.118 3.935176
61.127 3.426
62.128 2.527096
63.135 1.86736
64.136 2.11712
65.145 2.313616
66.195 2.396736
67.196 2.56548
68.197 2.58424
69.206 2.507384
70.216 2.999456
71.217 2.472344
72.225 2.233384
73.226 2.462848
74.227 2.552304
75.246 2.629728
76.325 2.976768
77.326 2.687384
78.336 2.413808
79.337 2.60704
80.346 2.271648
81.356 1.979152
82.357 2.62656
83.366 2.00172
84.368 2.473344
85.369 2.228464
86.378 3.140928
87.379 1.044512
88.388 2.0274
89.407 2.495232
90.417 1.943512
91.418 2.13784
92.427 2.560896
93.437 1.980552
94.449 2.539008
95.459 2.023896
96.461 2.268056
97.469 2.670336
98.472 2.803136
99.48 2.597816
100.61 2.814384
101.769 1.882368
102.77 1.685808
103.8 0.131072
105.141 4.013744
106.148 2.020088
107.15 2.17164
108.158 2.623608
109.159 2.582784
110.168 2.319176
111.179 3.097152
112.189 2.709704
113.209 2.746944
114.222 2.201744
115.229 2.251456
116.349 2.560896
117.51 1.763384
118.519 1.778896
119.528 2.101248
120.538 1.759832
121.539 1.879632
122.568 2.889216
123.578 2.430704
124.579 2.998296
125.58 2.582376
126.588 2.652144
127.599 3.253352
128.607 2.669984
129.608 2.935272
130.609 3.421128
131.796 3.206592
132.806 2.110648
133.807 2.234136
134.816 2.659392
135.817 1.46176
136.826 1.521216
137.836 1.139032
138.837 1.685376
139.846 2.007672
140.847 2.698072
142.035 2.659392
143.036 2.266048
144.046 2.24956
145.055 3.22848
146.062 1.716592
147.072 2.002752
148.081 1.473024
149.082 1.80576
150.091 1.4624
151.11 1.816448
152.163 1.797136
153.168 1.838768
154.184 1.591424
155.188 1.668656
156.195 2.02464
157.196 1.802832
158.206 1.893312
159.215 0.467936
161.35 5.87452
162.375 2.145024
163.695 1.565384
164.705 1.729152
165.725 1.708368
166.846 2.582784
167.855 2.333384
168.935 2.07936
169.955 1.904256
170.975 1.425808
171.985 1.871424
172.995 1.433664
174.006 1.9542
175.015 2.69848
176.115 2.276352
177.135 1.84788
178.136 2.029808
179.137 2.49588
180.195 3.055296
181.355 2.976872
182.496 2.981752
183.625 2.669088
184.686 2.63056
185.687 2.416984
186.756 2.52748
187.757 2.88908
188.758 2.575112
189.759 2.225824
190.766 2.457208
191.796 2.605208
192.797 2.204008
193.807 2.177856
194.826 1.111112
195.846 1.400832
196.855 1.357056
197.856 1.133536
198.866 2.40768
199.867 2.593728
200.876 2.114776
201.886 2.37712
203.016 2.046528
204.026 1.868976
205.027 2.199744
206.028 2.385968
207.036 2.607448
208.037 2.111352
209.038 2.041248
