0 4.524416
1.002 4.20704
2.003 4.386688
3.079 0.98496
4.089 1.389888
5.129 1.52576
6.149 2.642048
7.219 2.440512
8.229 2.598272
9.23 2.904704
10.239 2.12768
11.24 3.036032
12.259 3.867776
13.26 4.404032
14.269 4.086656
15.28 4.03648
16.29 3.2768
17.35 4.228928
18.359 3.977216
19.36 4.447808
20.361 4.321024
21.369 4.458752
22.37 4.239872
23.371 4.321024
24.372 4.59008
25.373 4.557248
26.379 3.686272
27.38 4.721408
28.381 4.3712
29.389 3.145472
30.39 2.445056
31.399 2.652992
32.4 2.499776
33.409 3.484736
34.41 3.342464
35.419 2.598272
36.509 3.594176
37.51 2.94848
38.549 3.473792
39.55 3.922496
40.551 4.732344
41.552 3.933288
42.559 2.20444
43.56 3.692672
44.569 3.561344
45.579 2.78432
46.58 3.5504
47.581 4.15232
48.589 3.576832
49.59 3.670784
50.591 3.320576
51.599 2.576384
52.618 1.564992
53.619 0.131072
55.424 2.1936
56.43 0.87552
57.448 1.171008
58.458 2.193344
59.459 2.576384
60.468 2.521664
61.469 2.62656
62.478 2.313728
63.479 1.974464
64.488 1.291392
65.503 0.974016
66.508 1.52576
67.518 2.280896
68.548 2.549952
69.549 2.828096
70.569 2.817152
71.57 3.22208
72.578 4.622912
73.589 3.353408
74.59 3.576832
75.591 3.243968
76.668 3.681728
77.669 2.871872
78.748 1.75104
79.757 1.52576
80.807 1.740096
81.817 1.47744
82.826 1.230272
83.827 1.685376
84.828 1.077056
85.837 1.543104
86.838 1.077056
87.877 0.700416
88.899 0.580032
89.956 0.306432
90.976 0.864576
91.997 1.011392
93.007 0.5472
94.026 0.8208
95.028 0.700416
96.037 0.186048
97.516 0.836288
98.929 1.335168
99.937 1.389888
100.946 0.70496
101.956 0.667584
102.966 1.772928
103.967 2.521664
104.968 2.357504
105.977 2.368448
107.047 2.648448
108.048 2.83904
109.057 3.222088
110.058 2.685824
111.067 2.652992
112.076 2.773352
113.087 2.82812
114.127 2.943936
115.129 2.477888
116.13 2.532608
117.137 2.576384
118.147 2.549952
119.148 2.324672
120.157 3.408128
121.167 3.451904
122.177 3.583232
123.187 2.89376
124.197 2.40128
125.198 2.280872
126.206 2.620184
127.246 2.57184
128.247 2.313728
129.255 2.215232
130.256 2.440512
131.265 2.51072
132.266 2.24804
133.268 2.817176
134.275 3.627
135.276 2.915648
136.296 3.265856
137.298 4.250816
138.299 4.69952
139.306 3.620608
140.307 3.254912
141.308 3.462848
142.31 3.430016
143.315 3.375296
144.327 2.685824
145.365 3.758336
146.366 3.637952
147.368 2.871872
148.369 3.090752
149.375 3.016864
150.376 2.372128
151.377 2.992256
152.378 4.185152
153.386 3.565888
154.425 3.287744
155.455 3.265856
156.485 3.616064
157.486 4.04288
158.487 5.049728
159.495 3.419072
160.496 3.243968
161.504 3.576832
162.505 4.086656
163.506 3.824
164.524 2.970368
165.534 3.090752
166.536 3.189248
167.544 2.828096
168.545 3.419072
169.546 3.867776
170.548 3.71456
171.554 4.48064
172.555 3.036032
173.564 2.412224
174.566 2.477896
175.573 2.221632
176.574 2.992256
177.575 3.189248
178.585 3.189248
179.586 3.430016
180.588 3.38624
181.594 3.719104
182.654 2.276352
183.655 1.897856
184.674 1.980864
185.675 1.569536
186.683 1.904256
187.693 1.985408
188.704 1.996352
189.714 1.783872
190.723 1.821248
191.733 1.740096
192.734 1.52576
193.744 2.24352
194.745 2.368448
195.746 3.309632
196.748 3.189248
197.754 2.83904
198.755 2.740544
199.766 3.200192
200.773 2.893688
201.774 2.64212
202.783 3.375296
203.787 3.156416
204.834 3.265856
205.913 3.2768
206.973 3.206592
207.974 2.685824
208.975 2.576384
209.983 2.248064
