0 2.479064
1.01 2.401736
2.012 2.373752
3.019 2.963848
4.022 3.021144
5.031 2.250384
6.032 1.848488
7.041 1.776408
8.082 2.271432
9.09 2.491536
10.24 2.68128
11.25 2.52748
12.3 2.582784
13.32 2.593728
14.322 1.58756
15.323 1.682096
16.332 2.02464
17.342 2.116776
18.343 3.102976
19.344 4.155136
20.346 3.12952
21.352 2.813984
22.353 2.13408
23.361 1.934552
24.371 2.068416
25.381 2.304224
26.391 2.452488
27.392 2.867328
28.393 2.216432
29.41 2.45532
30.42 2.430856
31.511 2.745568
32.58 2.07936
33.589 1.632744
34.591 1.734336
35.61 1.872592
36.611 2.056288
37.708 2.664368
38.861 2.521416
39.871 2.074536
40.881 2.367528
41.882 2.177848
42.901 2.331072
43.911 1.79492
44.931 1.958848
45.932 2.35296
46.941 1.376408
47.942 2.121432
48.951 2.144096
49.962 2.898808
50.963 2.058848
51.97 2.053224
52.981 1.976224
54.059 1.378944
55.069 1.283872
56.179 1.368
57.189 1.42272
58.199 1.91596
59.21 2.84544
60.211 2.013656
61.212 2.456256
62.214 2.461552
63.23 1.96992
64.239 0.711856
65.9 5.989336
66.909 2.776216
67.95 2.923728
68.96 3.44328
69.962 2.550904
70.991 3.261576
72.024 2.692848
73.051 2.605648
74.052 2.583504
75.06 2.588736
76.061 2.651016
77.101 2.426896
78.102 2.052704
79.111 0.536256
80.171 0.05472
81.79 1.616344
82.83 2.0296
83.832 2.568136
84.86 2.82
85.87 2.73968
87.04 2.779776
88.05 2.376864
89.051 2.62656
90.06 2.537144
91.061 2.525224
92.065 2.511896
93.088 2.528064
94.098 2.05444
95.099 2.281112
96.107 1.856344
97.267 2.418624
98.268 1.974984
99.277 1.954608
100.286 1.746632
101.287 2.639392
102.357 2.998656
103.358 2.791984
104.367 3.487456
105.467 2.99104
106.477 3.11948
107.478 2.628912
108.487 2.834496
109.488 2.370976
110.489 2.366344
111.497 1.208032
112.498 2.210688
113.499 2.100312
114.508 2.014528
115.509 2.21116
116.636 2.101248
117.646 1.713352
118.656 1.819984
119.666 1.991808
120.667 1.2484
121.685 1.127232
122.699 0.718168
123.704 0.744192
124.714 0.229824
125.904 1.509224
126.914 1.324224
127.952 1.269504
128.962 1.169112
129.963 1.236672
130.972 1.510272
131.973 0.809592
132.983 1.03968
133.993 1.138176
134.994 0.890264
136.003 1.116288
137.004 1.03968
138.013 0.79632
139.023 0.98496
140.033 0.735264
141.043 1.192896
142.053 0.791848
143.063 1.072512
144.073 1.078128
145.084 1.355712
146.093 1.862456
147.094 1.856272
148.103 1.300008
149.104 1.46
150.113 1.565336
151.114 1.612152
152.118 1.794672
153.119 2.327808
154.12 1.484288
155.129 1.791072
156.139 2.203968
157.176 1.6416
158.186 0.766456
159.196 1.138176
160.216 0.448704
161.256 0.289672
162.286 0.262656
163.306 0.240768
164.326 0.2736
165.336 0.295488
166.366 0.132688
