0 0.209072
1.01 0.459648
2.011 0.327704
3.021 0.343448
4.053 0.538864
5.191 0.620304
6.351 0.514368
7.381 0.368288
8.391 0.496128
9.412 0.507136
10.433 0.511792
11.44 0.501464
12.451 0.313896
13.46 0.404928
14.47 0.366488
15.511 0.339264
16.541 0.18808
17.571 0.306432
18.58 0.3738
19.581 0.512128
20.591 0.316464
21.601 0.333224
22.62 0.504264
23.781 0.64944
24.791 0.4586
26.06 0.490072
27.07 0.337336
28.071 0.164072
29.08 0.153216
30.1 0.120384
33.47 0.10944
34.7 0.206944
35.78 0.877784
36.799 0.633072
37.809 0.45824
38.88 0.485408
39.899 0.540728
41.011 0.393984
42.029 0.33256
43.039 0.49248
44.04 0.478448
45.069 0.207936
46.179 0.348856
47.199 0.392592
48.21 0.762832
49.419 0.4714
50.429 0.431904
51.479 0.229824
52.499 0.223432
53.63 0.339264
54.648 0.423408
55.678 0.613376
56.69 0.590976
57.698 0.251712
58.709 0.220728
59.717 0.210704
60.762 0.16416
63.367 0.386048
64.427 0.580032
65.437 0.683064
66.448 0.602784
67.467 0.671784
68.507 0.759608
69.517 0.94104
70.527 0.88296
71.667 1.019192
72.668 1.192456
73.677 0.851872
74.708 0.897864
75.808 0.621512
76.817 0.693288
77.828 0.575568
78.897 0.919432
79.92 0.645136
80.927 0.61468
81.967 0.415872
82.968 0.188472
83.996 0.21888
85.026 0.229824
86.046 0.183744
87.047 0.56688
88.197 0.6362
89.316 0.415872
90.356 0.444896
91.556 0.623808
92.571 0.533744
93.583 0.651152
94.584 0.543576
95.594 0.625368
96.614 0.660784
97.624 0.588952
98.634 0.513568
99.644 0.601088
100.654 0.46508
101.664 0.306432
103.083 0.343176
104.14 0.503424
105.143 0.325008
106.374 0.769088
107.614 0.619696
108.624 0.535056
109.643 0.551016
110.653 0.511352
111.794 0.562048
112.813 0.53432
113.824 0.563112
115.004 0.655792
116.013 0.630584
117.014 0.53524
118.174 0.871032
119.183 0.705488
120.184 0.601952
121.264 0.852064
122.273 0.850176
123.384 0.948832
124.405 0.741928
125.413 0.823288
126.423 0.68084
127.463 0.83912
128.464 0.809936
129.624 0.955768
130.633 0.73876
131.639 0.544216
132.653 0.664512
133.684 0.752984
134.693 0.756248
135.763 0.88732
136.953 0.46928
137.993 0.4892
139.003 0.543728
140.023 0.841888
141.043 0.747248
142.063 0.599832
143.073 0.58904
144.093 0.640256
145.103 0.38796
146.143 0.7178
147.153 0.84884
148.244 0.604184
149.263 0.339264
150.272 0.579896
151.273 0.662776
152.274 1.025184
153.293 0.7428
154.303 0.49384
155.533 0.38304
156.592 0.303472
157.593 0.51128
158.603 0.530928
159.613 0.665568
160.703 0.630968
161.713 0.663824
162.723 0.595856
163.733 0.687464
164.76 0.615272
165.782 0.779184
166.793 0.306432
167.863 0.424984
168.866 0.412176
169.873 0.558144
170.893 0.44188
171.903 0.574824
172.912 0.540784
173.942 0.45364
174.962 0.60604
175.982 0.470456
177.013 0.667056
178.033 0.601736
179.123 0.725064
180.133 0.571808
181.182 0.825248
182.192 0.699584
183.193 1.210064
184.203 0.976816
185.205 1.014744
186.322 0.693408
187.443 1.00616
188.462 0.62608
189.463 0.759888
190.464 1.040944
191.632 1.034288
192.633 0.751392
193.643 1.037336
194.653 0.73548
195.672 0.915224
196.722 0.972488
197.893 0.9394
198.912 0.662208
199.962 0.860912
201.183 0.959632
202.192 0.77088
203.252 0.684024
204.253 0.738456
205.262 0.759616
206.272 0.732032
207.302 0.609552
208.312 0.84796
209.332 0.668432
