0 0.010944
1.34 0.032832
5.952 1.71892
6.957 1.909408
7.961 1.837088
9.031 1.6572
11.381 2.102368
12.391 1.804752
13.392 2.14012
14.401 1.685096
15.461 1.847224
16.463 2.268112
17.471 1.896976
18.472 2.413856
19.473 2.84544
20.481 2.296376
21.581 3.346024
22.77 2.665112
23.921 2.743912
25.1 2.823552
26.101 0.27836
27.301 2.863192
29.291 2.692224
30.301 0.191112
31.312 2.670336
32.332 2.250096
33.341 2.545544
34.342 0.384928
37.281 3.731904
38.282 0.997168
39.301 3.239424
40.302 2.108512
41.303 2.093632
42.311 2.627
43.492 3.121392
45.282 3.410656
46.312 2.8152
47.313 2.586824
49.281 2.801664
50.282 0.228888
51.292 2.769664
53.281 2.802136
55.281 2.82964
57.281 2.772112
59.281 2.594512
61.281 2.239384
63.281 2.75684
64.292 2.889216
65.301 2.8326
66.302 2.469456
69.272 2.736
70.273 2.856384
71.274 2.268464
72.281 1.513672
75.282 2.935256
82.228 0.798912
83.258 1.03968
84.278 1.113648
85.279 1.499328
86.281 1.499856
87.309 1.75104
88.318 1.178976
89.319 1.597824
90.328 1.700096
91.329 2.381592
92.33 2.41912
93.331 3.223256
94.459 3.623544
95.461 1.534096
102.026 0.43776
103.076 0.71136
104.126 0.952128
105.127 1.431248
106.156 2.731976
107.167 4.184968
108.168 2.459152
109.176 2.112568
110.177 2.292424
111.188 2.24988
112.196 1.17124
113.306 2.541184
115.306 1.956584
117.386 0.755136
118.395 0.8208
119.435 0.524736
120.666 0.306432
121.686 2.199744
122.687 1.669224
123.697 1.848576
124.736 1.302336
125.74 1.463112
126.765 1.575936
127.766 1.291392
128.776 0.86964
129.966 1.25856
130.967 1.214784
131.976 0.448704
132.986 1.015
133.996 2.166912
134.997 2.264472
136.006 2.838024
137.067 2.88196
138.069 2.438056
139.309 2.753712
140.335 2.19216
141.545 2.082696
143.295 2.109816
145.326 2.244456
147.325 2.238824
149.316 2.327832
151.318 2.46024
153.306 2.667488
155.315 3.151872
156.316 0.38028
157.317 2.757888
158.325 1.207296
159.335 1.20384
160.336 1.192896
161.345 1.455552
162.346 0.599944
163.356 0.744192
164.365 1.378944
165.375 1.740096
166.376 2.112192
167.386 2.335512
168.387 3.343248
169.395 2.633784
170.396 2.736
171.406 2.216344
172.407 1.6396
173.426 1.488384
174.455 0.635032
175.456 2.033696
176.458 2.241656
177.626 2.232576
178.637 1.145288
179.646 0.43776
180.676 0.251712
181.715 0.459648
182.736 0.372096
184.036 0.919296
185.059 1.391296
186.067 2.101248
187.078 1.638984
188.086 1.729152
189.096 1.16276
190.097 1.488384
191.118 1.53804
192.296 1.521216
193.306 0.908352
194.326 0.634752
195.327 1.034688
196.366 1.03968
197.386 0.798912
198.396 0.700416
199.397 1.150848
200.406 1.794816
201.416 1.177224
202.517 0.952128
203.526 0.623808
204.666 1.827648
205.686 1.146248
206.696 1.80576
207.706 1.392312
208.736 2.057472
209.741 1.31328
