0 0.393984
1.03 0.229296
2.05 0.248912
3.1 0.372096
4.16 0.28716
5.17 0.309192
6.18 0.24468
7.2 0.43776
8.221 0.261464
9.25 0.31088
10.27 0.454136
11.28 0.470592
12.29 0.22356
13.35 0.3236
14.56 0.339264
15.58 0.131072
17.487 0.489704
18.52 0.153216
20.11 0.585864
21.861 0.65664
22.87 0.815824
23.881 0.760312
24.93 1.00912
26.07 1.022544
27.23 0.887728
28.28 0.979568
29.281 0.643888
30.57 0.750856
31.642 0.908232
32.649 0.76312
33.719 0.861392
34.828 1.009744
35.848 0.835528
36.849 1.1564
38.078 1.145736
39.288 1.203136
40.498 1.169752
41.588 1.160352
42.698 1.05108
43.718 1.029584
44.848 1.056688
46.009 1.172376
47.01 1.257752
48.019 1.143264
49.028 1.066744
50.029 0.676568
51.049 1.201672
52.058 0.459976
53.098 1.01996
54.099 0.958256
55.108 1.175736
56.109 1.438912
57.218 1.377208
58.338 1.019008
59.507 1.066024
60.688 0.926936
61.777 0.937024
62.817 1.127328
63.916 1.224064
65.006 1.220696
66.077 1.060528
67.136 1.08884
68.146 1.122936
69.147 1.11724
70.148 1.252144
71.149 0.9156
72.236 1.269152
73.396 1.188264
74.436 1.440448
75.626 1.140872
76.636 1.003472
77.654 0.978792
78.664 0.992072
79.774 1.027736
80.854 1.035208
81.863 0.698992
82.893 0.882584
83.903 0.625256
84.953 0.855864
85.963 0.961696
87.003 0.306432
88.004 0.745112
89.143 1.33172
90.152 1.397536
91.153 1.313872
92.154 1.208632
93.322 1.247312
94.502 1.454688
95.552 1.424856
96.553 1.289848
97.752 1.512584
98.943 1.301312
99.944 1.259408
101.12 1.418856
102.13 1.186584
103.349 1.327008
104.35 1.172136
105.559 1.213824
106.561 0.704048
107.759 1.118656
109.03 1.07264
110.039 1.135872
111.041 0.83492
112.049 0.896144
113.059 1.025952
114.098 1.022752
115.308 1.057136
116.319 0.95584
117.327 1.115352
118.338 1.105728
119.339 1.099032
120.517 1.06932
121.518 1.208904
122.637 1.28552
123.817 1.339592
125.047 0.937616
126.058 0.790584
127.067 0.511672
128.087 0.129384
129.307 1.060632
130.427 1.010336
131.437 0.600968
132.567 1.085376
133.707 1.255864
134.727 1.133296
135.787 1.3578
136.788 1.136496
137.797 1.099408
138.798 0.93544
139.807 1.118488
140.947 1.047
141.957 0.88676
142.967 1.24316
143.986 0.85596
144.987 0.72664
145.997 1.082056
147.007 0.659392
148.047 1.092496
149.217 0.898984
150.307 1.206568
151.417 1.091592
152.486 1.182376
153.596 1.007944
154.617 0.789368
155.631 1.065952
156.635 1.075008
157.645 1.392152
158.656 1.216152
159.665 1.32792
160.675 1.256144
161.785 0.887744
162.794 0.597984
163.834 0.82504
165.014 0.339264
166.234 0.791832
167.264 0.535576
168.295 0.711904
169.304 1.366392
170.535 0.689144
171.774 0.872184
172.784 1.125136
173.794 0.764432
174.804 0.512176
175.822 0.635808
176.833 0.63296
177.844 0.608464
178.853 0.426768
179.994 0.785768
181.013 0.466976
182.022 0.835016
183.123 1.018392
184.124 0.89104
185.143 0.85864
186.163 0.567184
187.383 0.489336
188.393 0.284544
189.402 0.443704
190.413 0.324712
191.414 0.252088
192.442 0.295488
193.453 0.266616
194.454 0.24968
195.481 0.432464
196.591 0.2736
197.624 0.196784
198.661 0.361152
199.681 0.891616
200.693 1.138992
201.802 1.208392
202.812 1.4064
203.822 0.623208
205.012 0.536256
206.041 0.506752
207.081 0.665192
208.092 0.2522
209.104 0.5
