0 1.93216
1.007 1.701408
2.008 1.178224
3.12 1.525792
4.129 1.835952
5.138 1.373624
6.147 1.466664
7.298 1.545088
8.477 1.556928
9.508 1.539512
10.678 1.489848
11.708 1.216512
12.709 1.424872
13.719 1.048648
14.74 1.74968
15.748 1.518192
16.749 1.644544
17.75 1.56564
18.76 1.679432
19.761 1.440192
20.769 1.700864
21.799 0.955992
22.8 1.841352
23.93 1.757184
24.949 1.04748
25.95 1.869824
26.961 0.885928
27.99 2.046968
29.09 1.937408
30.091 1.576016
31.101 1.44428
32.271 2.117632
33.281 1.105056
34.343 2.11432
35.352 2.0568
36.362 1.165416
37.363 1.943464
38.364 1.597544
39.371 1.937408
40.372 1.985216
41.402 2.211368
42.483 1.779712
43.542 2.303248
44.752 1.734656
45.812 2.19648
46.813 1.55396
48.011 2.336184
49.013 2.162584
50.193 2.264064
51.194 1.65048
52.233 1.655112
53.234 2.162688
54.244 1.775424
55.254 1.774416
56.42 2.015728
57.454 2.072576
58.456 1.249616
59.464 1.498112
60.466 0.540672
62.956 1.178112
63.985 2.003456
64.986 2.095152
65.988 1.668248
66.995 1.485024
68.005 0.879344
69.007 1.227776
70.015 1.12452
71.016 1.317888
72.026 0.864104
73.036 1.18272
74.046 0.838872
75.047 0.180224
76.176 1.35168
77.186 0.422024
78.196 1.193984
79.197 0.932048
80.518 1.317232
81.519 1.081344
82.527 1.290976
83.538 1.705328
84.657 2.016256
85.658 1.585168
86.668 1.618424
87.828 1.388808
88.878 1.761448
89.998 1.88016
91.058 1.684024
92.238 1.611936
93.439 1.058816
94.448 1.363872
95.459 1.493288
96.47 1.7968
97.479 1.8416
98.48 1.804056
99.49 1.214568
100.559 1.50508
101.56 1.990784
102.561 1.886296
103.761 2.464432
104.821 2.42176
105.83 1.60924
106.833 1.52504
107.841 2.579456
108.842 1.789552
109.852 1.929216
110.853 1.711024
111.861 2.556928
112.862 0.551936
113.979 0.923648
115.132 1.408
116.141 0.617408
117.621 1.655808
118.622 1.18272
119.632 1.284096
120.642 0.796504
121.652 1.193984
122.662 0.777216
123.664 0.50688
124.666 0.934912
125.681 0.120448
126.861 0.416768
127.96 0.078848
130.931 1.531904
131.944 0.22528
133.041 0.135168
134.061 0.473088
135.072 0.963528
136.322 0.948392
137.361 1.03372
138.362 1.256344
139.372 1.030016
140.452 0.856064
141.472 0.94456
142.482 1.153344
143.492 1.216128
144.634 0.687104
145.643 0.96064
146.653 1.101896
147.654 0.83596
148.893 0.551936
150.254 1.424968
151.264 1.137664
152.284 1.121616
153.285 1.479672
154.294 0.29096
155.324 1.148928
156.325 1.176296
157.334 1.126032
158.377 1.577592
159.385 1.481096
160.386 1.507432
161.495 1.509376
162.505 1.153736
163.605 1.23904
164.62 1.46432
165.625 0.61632
166.857 1.959936
167.858 0.581912
169.126 1.482264
170.308 1.092608
171.316 0.53516
172.326 0.687104
173.327 0.523296
174.358 0.660232
175.526 0.540672
177.597 0.930992
178.617 0.777216
179.628 0.637008
180.84 0.45056
181.878 0.123904
182.898 1.012688
183.907 0.914456
185.098 1.01288
186.108 1.226432
187.109 0.662472
188.118 1.133384
189.119 1.178048
190.128 1.0618
191.129 0.963488
192.139 1.137664
193.229 0.78848
194.239 0.257688
195.304 0.416768
196.339 0.439296
197.349 0.39112
198.36 0.585728
199.37 0.392968
200.38 0.390144
201.44 0.527432
202.47 0.664576
203.48 0.622504
204.5 0.66572
205.51 0.495616
206.671 0.135168
