0 2.07516
1.001 2.300056
2.009 2.09228
3.139 2.418624
4.14 2.035672
5.148 1.769488
6.149 3.042432
7.169 2.255312
8.17 2.352536
9.189 3.184704
10.19 2.477304
11.198 2.223488
12.208 2.369528
13.218 2.246664
14.258 2.615616
15.268 1.592904
16.278 1.588296
17.279 1.885632
18.419 2.061016
19.429 1.872768
20.43 1.847672
21.438 1.865896
22.44 1.403176
23.45 1.400832
24.46 1.109408
25.47 1.652544
26.48 1.672224
27.481 1.795048
28.49 1.731448
29.53 2.035584
30.531 2.032288
31.541 1.772928
32.548 1.346112
33.568 0.563
34.618 1.510272
35.619 2.385792
36.629 1.911568
37.641 2.166912
38.651 2.096216
39.722 2.473344
40.723 1.835304
41.742 0.952128
42.752 0.38304
43.761 0.57504
44.821 1.564992
45.827 2.512152
46.833 1.813488
47.841 1.355248
48.842 1.521216
49.872 1.354648
50.873 1.801904
51.882 1.788728
52.902 2.370664
53.913 1.829168
55.033 1.961672
56.222 1.937088
57.233 1.487816
58.242 2.084032
59.362 2.046528
60.363 1.934808
61.562 1.80576
62.564 1.280448
63.572 1.164304
64.576 2.07936
65.582 1.850496
66.592 1.718208
67.612 1.379568
68.613 1.871424
69.614 1.453576
70.623 1.783872
71.633 1.816704
72.634 1.416736
73.642 1.926144
74.643 2.162464
75.652 2.232232
76.653 2.664144
77.702 3.349008
78.853 3.049392
79.907 3.44736
80.908 2.417816
81.913 2.760976
82.914 2.488064
83.923 2.638752
84.932 2.380064
85.933 2.429568
86.943 1.914128
87.953 2.243488
88.961 3.148232
89.962 3.670664
90.963 2.987232
91.971 1.740312
92.973 1.693624
93.979 1.779144
95.049 2.287296
96.05 1.74552
97.059 1.952472
98.06 1.96992
99.07 1.502392
100.08 2.309184
101.081 2.540208
102.082 3.270616
103.21 2.836168
104.213 2.259752
105.253 2.938968
106.363 2.725056
107.364 2.383704
108.373 1.638944
109.379 1.008368
110.38 1.53216
111.389 0.606936
112.409 0.43776
113.429 0.809856
114.438 0.131072
117.451 3.079112
118.46 1.166944
119.461 1.602072
120.789 1.400832
121.79 1.273224
122.8 2.027904
123.97 2.363904
124.98 1.992496
125.99 1.968432
127.0 2.210688
128.01 1.498184
129.019 1.282976
130.649 2.347416
131.669 1.053568
132.859 1.291392
133.86 1.208872
134.879 1.219336
135.889 1.433664
136.89 0.980232
137.899 0.809576
138.909 0.979312
140.029 1.192896
141.039 0.606112
142.06 0.43776
143.089 0.809856
144.1 0.48856
145.113 0.853632
146.133 1.050624
147.143 0.7816
148.144 1.4742
149.184 1.47744
150.201 1.181392
151.22 1.084296
152.231 0.842688
153.25 0.69896
154.27 0.98496
155.279 0.89104
156.281 0.93676
157.299 0.645696
158.309 0.404928
159.341 0.247008
160.381 0.251712
162.23 0.262656
163.74 0.593816
164.84 0.886464
165.85 0.565944
166.88 0.439072
167.905 0.463032
169.009 0.93024
170.01 0.923712
171.03 0.795944
172.049 0.678528
173.05 0.42044
174.06 0.733248
175.08 0.459272
176.107 0.506704
177.117 0.60488
178.167 0.897408
179.177 0.72764
180.187 0.888504
181.605 1.061568
182.635 0.592168
183.645 0.828192
184.655 0.590976
185.665 0.38304
186.675 0.375616
187.695 0.16416
188.707 0.612864
189.787 1.0548
190.796 0.89632
191.806 1.095632
192.845 1.061568
193.855 0.70896
194.867 0.87644
195.877 0.866672
197.006 0.993824
198.106 1.189016
199.107 0.630464
200.119 1.072512
201.13 1.279064
202.139 1.233144
203.317 1.251536
204.338 1.064696
205.339 1.141632
206.347 1.100512
207.35 1.057384
208.358 1.564992
209.368 1.007512
