0 0.043776
1.001 0.043776
2.202 0.05472
3.564 0.05472
4.68 0.043776
5.784 0.05472
8.022 0.05128
9.563 0.043776
10.721 0.043776
11.917 0.021888
13.134 0.032832
14.573 0.032832
15.678 0.032832
16.974 0.021888
19.581 0.120384
20.781 0.175104
21.784 0.07944
22.882 0.16416
23.884 0.05472
33.115 0.566264
34.116 1.288088
35.126 1.363872
36.135 1.137568
37.136 1.708192
38.276 1.98824
39.277 2.256544
40.306 2.446472
41.315 2.521544
42.316 1.619096
43.332 0.867168
44.353 0.798912
45.363 1.67276
46.365 1.75104
47.373 1.183784
48.381 2.057472
49.391 1.397048
50.401 1.816704
51.411 2.214456
52.479 1.4594
53.502 1.378944
54.513 1.247
55.521 1.053
56.541 1.269504
57.551 1.216696
58.565 1.772992
59.566 1.95152
60.567 1.646128
61.585 1.783872
62.594 1.344432
63.599 1.740096
64.6 1.508184
65.629 1.444464
66.63 1.539264
67.631 1.523984
68.64 1.573424
69.649 1.572136
70.65 1.793288
71.69 1.675832
72.711 1.793824
73.714 1.934176
74.724 1.834104
75.874 2.123136
76.884 1.658328
77.894 2.126576
78.923 2.101248
79.93 1.572424
80.94 1.794816
81.941 1.513856
82.95 1.638424
84.026 1.761984
85.032 1.39424
86.042 1.99048
87.192 2.569832
88.193 1.836648
89.202 2.051768
90.203 1.886672
91.343 2.090304
92.353 1.775216
93.363 1.785016
94.442 2.07936
95.443 1.79844
96.452 1.81124
97.463 1.900328
98.582 1.937088
99.603 1.425152
100.613 1.477176
101.614 1.772928
102.622 1.451024
103.623 1.838592
104.633 1.980864
105.634 1.578816
106.642 1.849536
107.643 1.598872
108.653 1.980864
109.663 1.89664
110.683 2.473344
111.685 1.996432
112.693 2.823552
113.703 2.206248
114.707 2.40768
115.717 1.662224
116.719 2.746944
117.727 2.064552
118.728 3.481216
119.775 2.918208
120.776 2.986704
121.777 1.96164
122.785 2.945568
123.786 2.809568
124.791 2.659672
125.792 2.302816
128.293 5.846176
129.301 2.619576
130.411 2.801664
131.412 2.697016
132.581 2.976768
133.582 2.340072
134.591 2.650016
135.592 2.965824
136.593 2.108864
137.601 2.410416
138.602 2.72068
139.604 2.91604
140.61 3.255744
141.611 2.761176
142.619 2.23532
143.62 2.036864
144.629 2.188992
145.686 2.714368
146.687 2.180248
147.716 2.374848
148.727 2.433272
149.736 2.57876
150.914 2.405368
152.012 2.265408
153.013 2.536248
154.021 2.055
155.102 2.13976
156.112 2.21284
157.122 2.402128
158.132 2.78804
159.292 2.757888
160.293 2.26488
161.294 1.974328
162.302 2.683288
163.422 2.62656
164.423 2.078416
165.432 2.385792
166.433 1.69792
167.434 1.700776
168.442 1.673096
169.463 2.210688
170.472 1.351592
171.481 1.630656
172.486 1.125392
173.496 1.47744
174.506 1.47744
175.516 1.252528
176.526 1.608768
177.527 1.75104
178.528 1.52408
179.536 1.827648
180.547 2.123136
181.557 1.5214
182.567 1.871424
183.576 1.34352
184.587 0.831744
187.836 1.167632
188.838 1.488736
189.847 1.352808
190.857 1.466496
191.662 0.92052
192.663 1.645456
193.672 1.82056
194.694 0.768624
195.702 0.806528
196.712 0.554216
197.842 0.707256
198.852 0.593032
199.862 0.506896
201.052 0.470712
202.172 0.306432
203.212 0.197992
204.242 0.207936
205.262 0.175104
206.312 0.262656
207.332 0.448376
208.342 0.628768
209.352 0.594552
