0 1.02824
1.005 1.491792
2.01 1.875704
3.102 0.785944
4.19 1.62868
5.2 1.739936
6.201 1.608208
7.209 1.554256
8.22 1.269504
9.259 0.229824
10.369 0.3448
11.379 0.722304
12.389 0.65664
13.399 0.196992
15.15 0.503424
16.199 0.284544
17.229 0.423056
18.239 1.08048
19.289 1.321696
20.421 1.028736
21.481 1.369304
22.489 1.302184
23.67 1.797552
24.671 1.607824
25.68 1.757008
26.691 1.912024
27.699 1.579336
28.909 1.400832
30.561 0.776728
31.629 1.631456
32.849 1.795272
33.85 1.46376
34.858 1.335024
35.868 1.948032
36.869 1.403328
37.878 1.772928
38.888 1.877496
39.889 1.832432
40.89 2.177856
41.899 1.810816
42.918 1.968048
43.928 2.331072
44.929 2.309184
45.937 1.743184
46.947 2.276352
47.966 1.472664
48.967 2.276352
49.976 1.625968
50.977 1.84788
52.026 2.451456
53.027 1.909424
54.035 1.861128
55.048 2.542872
56.055 1.847592
57.065 1.948136
58.066 2.171896
59.125 2.660088
60.127 2.099304
61.129 2.017696
62.135 2.001112
63.137 1.859896
64.145 1.991672
65.146 2.082632
66.406 1.794816
67.414 1.415968
68.415 1.783872
69.422 1.537912
70.423 1.839128
71.424 2.105512
72.463 2.325896
73.633 1.871424
74.642 2.112192
75.643 1.483744
76.652 2.210688
77.653 2.29824
78.654 1.666072
79.655 1.9152
80.662 1.753312
81.672 1.69632
82.681 1.0044
83.691 1.335168
84.692 1.302512
85.695 1.357056
86.701 0.941184
87.721 0.911128
88.731 1.25856
89.739 0.612024
90.789 0.186048
91.799 0.5472
92.809 0.65664
93.819 0.476168
94.839 0.10944
95.878 0.689472
96.898 0.295488
97.968 0.131328
98.989 1.028736
99.997 1.029592
100.998 0.60192
102.037 0.694096
103.047 0.897408
104.057 0.963072
105.076 0.704808
106.096 0.908352
107.116 0.569824
108.136 0.798912
109.156 0.599352
110.166 0.93024
111.168 0.686864
112.196 0.704752
113.206 0.711888
114.226 0.787504
115.245 0.815848
116.256 0.96612
117.266 0.908656
118.276 0.972216
119.296 1.053888
120.306 1.090664
121.316 1.045504
122.326 0.828608
123.686 1.017792
124.836 0.34232
125.856 0.897408
126.866 0.60092
127.895 0.689472
128.916 0.646104
130.046 0.71136
131.075 0.493216
132.306 0.678528
133.316 0.669992
134.326 0.590976
135.344 0.703296
136.514 0.733248
137.534 0.530904
138.673 0.558144
139.683 0.43776
140.704 0.446824
141.714 0.525312
142.724 0.535024
143.733 0.763672
144.745 0.83864
145.874 0.93024
146.875 0.743064
147.894 1.006848
148.913 0.924168
149.915 0.997832
151.013 1.335168
152.023 0.832512
153.024 1.057112
154.253 1.050624
155.262 0.999336
156.371 1.116288
157.372 0.912824
158.402 0.942968
159.403 0.899288
160.411 0.787968
161.44 0.45524
162.449 1.250544
163.478 1.210232
164.482 1.457728
165.49 1.31992
166.56 1.367664
167.629 1.871424
168.63 1.446856
169.64 1.794816
170.641 1.424544
171.649 1.427704
172.739 1.816704
173.749 1.578552
174.769 1.631488
175.77 1.695776
176.771 1.783648
177.849 1.247616
178.869 1.017792
179.871 0.905352
180.909 0.590976
181.939 0.43776
182.959 0.404928
183.969 0.8502
184.97 2.081768
186.119 2.068416
187.129 1.298896
188.139 1.251224
189.169 1.53216
190.17 1.046608
191.179 1.247616
192.18 1.086976
193.188 1.450896
194.348 1.609784
195.578 1.669624
196.808 1.634512
197.968 1.324224
199.229 0.90912
200.239 1.170048
201.248 1.41708
202.378 1.402712
203.47 1.676664
204.568 1.4782
205.618 1.499328
206.628 1.077344
207.638 1.298712
208.678 1.455552
209.688 1.110952
