0 0.464992
1.019 0.372912
2.059 0.33116
3.19 0.295488
4.199 0.263744
5.211 0.358968
6.23 0.491712
7.24 0.525376
8.25 0.66868
9.27 0.477104
10.278 0.583472
11.279 0.441032
12.299 0.5192
13.314 0.528672
14.329 0.413968
15.499 0.565872
16.52 0.52604
17.719 0.551088
18.78 0.664272
19.789 0.551152
20.79 0.458176
21.799 0.458832
22.879 0.49248
23.9 0.156392
24.909 0.464864
25.96 0.525744
26.969 0.326384
27.999 0.300248
29.02 0.470592
30.039 0.204928
31.07 0.295488
32.079 0.187672
33.362 0.915736
34.369 0.617768
35.515 0.614336
36.529 0.765456
37.56 1.026248
38.569 0.812048
39.57 0.982704
40.59 1.052608
41.591 0.78336
42.68 0.869976
43.699 0.523296
44.769 0.63188
45.789 0.589536
46.8 0.461368
47.829 0.42884
48.849 0.3718
49.859 0.408024
50.956 0.43776
51.979 0.324536
52.999 0.496264
54.02 0.585216
55.029 0.6592
56.039 0.771584
57.04 0.371488
58.35 0.605944
59.358 0.48952
60.368 0.572504
61.388 0.678392
62.418 0.805576
63.577 0.760144
64.578 0.669408
65.788 0.867744
66.789 0.88136
67.799 0.927352
68.808 0.888736
69.818 0.625288
70.819 0.8144
71.928 0.96848
72.938 0.625552
73.959 0.673896
74.968 0.52344
75.977 0.419632
76.979 0.353192
78.048 0.394648
79.21 0.380296
80.418 0.372096
81.447 0.169456
82.6 0.240768
83.608 0.2234
84.767 0.372096
85.778 0.36036
86.787 0.380344
87.788 0.43776
88.807 0.218936
89.968 0.284544
91.0 0.165504
92.007 0.43776
93.039 0.280808
94.079 0.299144
95.087 0.415872
96.127 0.266888
97.142 0.229824
98.177 0.163656
99.218 0.196992
100.287 0.131072
101.457 0.571288
102.478 0.487504
103.508 0.421224
104.537 0.510624
105.547 0.471232
106.557 0.30604
107.587 0.376112
108.667 0.415872
109.698 0.2362
110.707 0.308304
111.737 0.404928
112.747 0.276248
113.757 0.262656
114.797 0.164184
115.817 0.196992
116.827 0.211232
118.077 0.262656
119.185 0.175104
120.21 0.168984
121.226 0.21888
122.316 0.120384
123.346 0.048744
124.496 0.153216
125.526 0.21888
126.536 0.26752
127.556 0.265048
128.566 0.415872
129.605 0.297
130.606 0.667984
131.626 0.481528
132.636 0.433824
133.666 0.325584
134.676 0.37244
135.696 0.392352
136.716 0.503424
137.745 0.435536
138.806 0.891448
140.016 0.853632
141.025 0.567384
142.044 0.404992
143.048 0.240768
144.095 0.142272
145.184 0.169464
146.364 0.120384
148.105 0.455088
149.145 0.240768
150.554 0.287392
151.685 0.262656
152.714 0.404928
153.724 0.4918
154.745 0.377408
155.935 0.43776
156.974 0.330432
158.015 0.339264
159.035 0.4248
160.045 0.356904
161.047 0.580032
162.063 0.546424
163.073 0.518728
164.083 0.636144
165.084 0.59964
166.094 0.62528
167.113 0.675232
168.114 0.75092
169.117 0.515104
170.143 0.390616
171.183 0.380536
172.193 1.170896
173.194 0.891368
174.196 1.143368
175.207 1.010696
176.362 0.926248
177.363 0.614592
178.382 0.658384
179.392 0.81364
180.542 0.751624
181.552 0.650904
182.562 0.317376
183.572 0.216984
184.642 0.481536
185.673 0.344312
186.682 0.358416
187.754 0.372096
188.755 0.637936
189.762 0.652824
190.914 0.8208
191.932 0.797608
192.982 1.051008
193.983 0.84712
194.992 0.963176
195.994 1.150544
197.072 1.219384
198.206 1.218384
199.322 1.212208
200.452 1.147072
201.462 1.201432
202.482 1.444104
203.612 1.014208
204.622 1.113536
205.632 1.123704
206.782 1.232704
207.802 1.465872
208.993 1.523264
