0 0.963064
1.02 0.982176
2.12 0.93156
3.18 0.976488
4.19 0.908168
5.2 1.070712
6.21 0.709896
7.22 0.851736
8.28 0.9974
9.281 0.622784
10.3 0.667088
11.31 0.527304
12.321 0.616144
13.329 0.712888
14.33 0.471672
15.34 0.43224
16.36 0.554512
17.4 0.186048
18.43 0.383184
19.55 0.739464
20.56 0.307952
21.589 0.831688
22.59 0.865968
23.79 0.937936
24.859 1.008112
25.86 1.304024
26.871 0.971296
28.08 1.029344
29.09 1.200848
30.091 1.235464
31.309 1.051312
32.349 1.150312
33.35 1.203568
34.351 1.10816
35.361 1.275184
36.49 1.045624
37.549 1.153952
38.559 0.780456
39.56 0.544232
40.579 0.923216
41.58 0.99364
42.64 1.058392
43.86 0.858104
44.869 0.70464
45.87 0.542632
46.879 0.423776
47.899 0.689472
48.909 0.775312
49.919 0.554248
50.959 0.598688
51.969 0.457784
53.041 0.500096
54.169 0.440464
55.36 0.534344
56.469 0.48552
57.619 0.415872
58.879 0.620784
59.889 0.890968
61.089 0.7728
62.099 0.665792
63.199 1.170512
64.2 0.8434
65.201 0.952976
66.419 0.875744
67.42 0.64612
68.441 0.8368
69.448 0.746072
70.568 0.697168
71.569 0.982784
72.578 0.695768
73.688 0.809992
74.698 0.604368
75.708 0.75556
76.719 0.666744
77.738 0.707072
78.747 0.586008
79.867 0.878264
80.869 0.887536
81.968 0.741064
82.978 0.743872
83.988 0.611952
85.007 0.745144
86.008 0.393984
87.107 0.244232
88.108 0.493504
89.138 0.407248
90.197 0.251712
91.217 0.236744
92.227 0.43776
93.247 0.266472
94.287 0.303384
95.347 0.448704
96.348 0.244992
97.357 0.503424
98.367 0.34704
99.387 0.724272
100.397 0.569992
101.417 0.425808
102.468 0.470592
103.517 0.379704
105.547 0.279224
108.907 0.196992
109.937 0.207936
110.957 0.241448
112.067 0.426816
113.087 0.414976
114.117 0.324552
115.187 0.448704
116.227 0.305416
117.247 0.426816
118.259 0.55048
119.267 0.599448
120.277 0.370944
121.307 0.415872
122.327 0.155208
123.337 0.16416
124.357 0.175104
125.367 0.287904
126.377 0.356248
127.397 0.427952
128.657 0.689472
129.667 0.283928
130.677 0.37628
131.687 0.372096
132.697 0.166768
133.706 0.087552
136.666 0.598416
137.725 0.2736
139.246 0.313568
140.345 0.207936
141.426 0.186048
142.466 0.102144
143.496 0.175104
144.537 0.342976
145.556 0.361152
146.575 0.216304
147.625 0.33924
148.904 0.129392
149.916 0.393984
150.954 0.116904
151.955 0.284544
152.965 0.224216
153.985 0.032832
155.834 0.284544
156.855 0.264688
157.864 0.32832
158.884 0.308136
159.904 0.731008
160.914 0.605912
162.135 0.481536
163.164 0.405768
164.185 0.54
165.195 0.305384
166.215 0.816464
167.224 0.666504
168.256 1.007432
169.264 0.95072
170.295 1.03708
171.484 1.09864
172.494 0.795824
173.504 0.632008
174.664 0.808184
175.684 0.644928
176.717 0.63984
177.724 0.791048
178.744 0.37016
179.804 0.262656
180.824 0.219392
181.834 0.76608
182.844 0.373944
183.855 0.221648
184.864 0.175104
185.924 0.167168
186.974 0.142272
187.995 0.098496
189.064 0.10944
190.074 0.196992
191.084 0.16416
192.134 0.081144
193.154 0.16416
194.214 0.251712
195.234 0.218688
196.284 0.119328
197.495 0.308544
200.344 0.93444
201.355 0.507896
202.364 0.536112
203.644 0.470592
204.655 0.433328
205.674 0.427744
206.694 0.43168
207.874 0.478072
209.035 0.229824
