0 1.452264
1.01 1.570944
2.111 1.685376
3.12 1.27548
4.13 1.740096
5.134 1.810672
6.14 1.99396
7.149 2.057472
8.159 0.503424
9.239 1.214784
10.249 1.251544
11.259 1.47744
12.269 1.051264
13.278 1.125288
14.279 1.988424
15.449 1.948032
16.451 1.583248
17.459 2.090304
18.46 1.89208
19.462 1.921296
20.489 2.002752
21.491 2.146816
22.599 2.987712
23.609 1.155472
24.798 1.893312
25.799 1.652544
26.808 0.895128
27.818 0.175104
28.87 0.087552
30.129 0.809856
31.148 0.131072
34.057 2.893712
35.06 1.061568
36.069 1.25856
37.078 0.679488
38.088 1.105344
39.149 0.941184
40.15 1.127856
41.151 1.444608
42.159 1.411776
43.169 1.398856
44.179 1.652544
45.189 1.575936
46.19 1.31824
47.197 1.75104
48.198 1.199392
49.208 1.674432
50.218 1.411432
51.227 1.740096
52.228 1.525968
53.237 1.433664
54.248 0.886464
55.257 0.952272
56.267 1.14912
57.269 0.886464
58.278 0.744192
59.297 0.543216
60.299 0.733248
61.317 1.192896
62.33 1.072512
63.336 0.874712
64.347 1.378944
65.356 1.502416
66.357 1.53216
67.366 0.667584
68.367 0.16416
69.508 0.091328
70.946 0.131328
71.976 0.404928
72.987 0.536256
73.996 0.65664
75.016 0.995904
76.026 0.679776
77.035 0.404928
84.936 5.340672
85.937 0.904424
86.956 1.718208
87.957 1.368
88.966 1.083456
89.968 1.55868
90.975 1.378944
91.995 1.346112
93.005 1.138176
94.034 0.448448
95.067 1.318768
96.085 1.225728
97.095 1.280448
98.105 1.564992
99.115 1.280448
100.116 1.087792
101.128 1.324224
102.133 0.93024
103.134 0.787968
104.153 0.8208
105.154 1.038264
106.163 1.411776
107.172 0.864576
108.183 0.722304
109.192 0.722304
110.193 0.798912
111.201 0.101832
118.282 5.410856
119.832 0.995904
120.842 0.831744
121.852 1.105344
122.863 1.14912
123.871 0.974016
124.891 0.681976
125.902 0.864576
126.931 1.225728
127.932 1.75104
128.933 1.337232
129.962 1.017792
130.982 0.733248
132.001 0.558144
133.031 0.87552
134.162 1.368
135.17 0.776872
136.221 0.5472
137.24 0.207936
138.53 0.262656
139.536 0.722304
140.548 1.6416
141.549 1.521216
142.551 1.269736
143.559 1.838592
144.567 1.663488
145.578 1.255736
146.607 1.181952
147.618 0.842688
148.658 0.689472
149.677 0.481536
150.687 0.525312
151.707 0.809856
152.728 1.280448
153.747 1.156392
154.766 1.740096
155.767 1.69632
156.777 1.324224
157.786 0.206104
161.586 5.37236
162.606 0.974016
163.626 1.389888
164.636 1.608768
165.646 1.661032
166.826 1.510272
167.837 1.685376
168.845 1.511224
169.975 1.597824
170.976 1.69632
171.985 1.6416
172.995 1.15672
174.016 0.908352
175.025 0.798912
176.045 0.131072
180.258 5.32444
181.264 1.75104
182.265 1.284848
183.276 1.75104
184.284 1.69632
185.295 1.051664
186.303 0.733248
187.331 0.612864
188.336 0.678528
189.353 1.521216
190.354 0.795176
193.476 6.052032
194.483 1.157216
195.493 1.761984
196.494 1.882368
197.503 1.560504
198.513 1.20384
199.522 1.25856
200.541 0.864576
201.551 0.87552
202.552 0.742912
203.652 0.612864
204.661 1.291392
205.662 1.849536
206.672 1.783872
207.681 1.362472
208.682 1.652544
209.721 1.455552
