0 1.338264
1.109 1.73212
2.118 0.763216
3.318 1.073624
4.328 0.724776
5.388 1.110208
6.438 1.071824
7.478 0.663176
8.488 0.773176
9.688 0.5402
10.768 0.746136
11.798 0.693424
12.818 0.657648
13.867 0.57632
14.868 0.651824
15.878 0.651936
16.888 0.662304
17.908 0.693272
18.918 1.025608
19.928 1.630816
20.938 1.190712
21.998 1.692488
22.999 1.383992
24.068 1.11632
25.07 0.715992
26.128 0.557672
27.159 0.978952
28.168 0.84852
29.348 0.844912
30.357 0.910064
31.371 0.801672
32.377 1.094032
33.457 0.988464
34.517 0.952208
35.526 1.174424
36.527 1.023976
37.536 0.89432
38.576 1.040456
39.716 1.079456
40.867 0.946896
41.876 0.832896
42.887 0.891312
43.946 1.039368
45.147 1.07452
46.217 1.007792
47.237 0.900616
48.397 0.935256
49.398 0.708872
50.426 1.22688
51.427 1.139864
52.547 1.179368
53.548 0.71972
54.556 0.841912
55.557 1.396168
56.566 1.158152
57.707 1.142824
58.716 1.190608
59.826 1.143088
60.827 0.887336
61.836 1.26
62.837 1.11576
63.846 0.791968
64.957 0.985928
66.116 1.151696
67.306 1.010248
68.405 1.095864
69.407 0.99844
70.521 1.030392
71.525 1.33288
72.696 0.950768
73.705 0.793576
74.707 0.871192
75.905 0.777024
76.925 0.21528
77.935 0.32832
78.965 0.381224
80.005 0.309904
81.035 0.240768
82.135 0.124512
83.235 0.448704
84.245 0.168608
85.255 0.251712
86.264 0.2176
87.285 0.32832
88.32 0.187664
89.505 0.153216
90.535 0.05472
91.605 0.05472
92.675 0.111864
93.685 0.361152
94.715 0.224896
95.755 0.186048
96.815 0.229824
97.835 0.243776
98.845 0.350208
99.875 0.323672
100.885 0.393688
101.905 0.491488
102.925 0.570728
104.165 0.580032
105.204 0.362144
106.214 0.741488
107.215 0.991432
108.224 0.805632
109.335 0.754104
110.528 0.748328
111.534 0.372096
112.535 0.420752
113.544 0.619504
114.545 0.368304
115.554 0.432256
116.565 0.459376
117.594 0.381112
118.624 0.14692
119.634 0.32832
120.665 0.152784
121.894 0.284544
124.559 0.624832
125.574 0.692968
126.745 0.614832
127.764 0.742808
128.795 0.617624
129.804 0.893544
130.805 0.758624
131.806 0.755368
132.815 0.810808
133.824 0.713472
134.834 0.452384
135.864 0.272864
137.224 0.569592
138.324 0.611864
139.444 0.306432
140.524 0.295488
141.544 0.307696
142.644 0.262656
143.954 0.893248
144.964 0.901056
145.974 1.019024
147.044 1.3928
148.065 0.94432
149.074 1.223832
150.234 0.987248
151.245 0.773072
152.284 1.049864
153.464 1.184424
154.485 1.329208
155.494 1.005384
156.495 1.069616
157.514 1.064616
158.526 0.704192
159.534 0.950776
160.694 0.991504
161.714 0.788936
162.724 0.670528
163.744 1.112648
164.754 0.976
165.764 1.382616
166.765 1.17108
167.774 1.040712
168.784 0.996424
169.794 0.69688
170.803 0.82436
171.804 1.0564
172.814 1.079528
173.824 0.991352
174.834 0.634744
175.843 0.724064
176.924 0.759328
177.934 0.917824
179.004 0.998992
180.073 1.02296
181.083 1.20028
182.084 0.988704
183.113 0.688112
184.234 1.09364
185.369 1.1092
186.383 0.957792
187.393 0.524488
188.413 0.66792
189.426 0.853376
190.434 0.800728
191.443 1.05248
192.643 0.940744
193.654 0.809224
194.803 0.881952
195.813 0.714888
196.824 0.936664
197.843 0.988128
198.853 0.856936
199.903 1.008144
200.914 0.819104
201.943 1.246224
203.043 0.830984
204.053 0.714368
205.082 0.569896
206.092 0.643728
207.282 0.808984
208.292 0.8768
209.312 0.779408
