0 2.685824
1.001 2.95488
2.011 2.817152
3.012 2.532608
4.021 1.930688
5.04 1.937088
6.041 1.9088
7.05 2.29184
8.08 2.24352
9.081 2.412224
10.09 2.368448
11.091 2.177856
12.101 1.897856
13.111 2.215232
14.12 2.659392
15.121 2.313728
16.13 1.919744
17.131 2.232576
18.14 1.79936
19.15 1.488384
20.16 1.678976
21.161 2.587328
22.171 2.849984
23.172 2.998656
24.19 2.652968
25.192 2.55452
26.21 2.543552
27.231 2.412224
28.24 2.867328
29.241 2.773376
30.25 2.609216
31.26 2.740544
32.261 2.631104
33.27 2.631104
34.32 2.834496
35.321 2.149568
36.322 2.149568
37.33 2.549952
38.331 2.554496
39.332 2.62016
40.34 2.554496
41.341 2.313728
42.35 2.582784
43.36 2.40128
44.37 2.532608
45.371 2.248064
46.39 2.528064
47.4 2.368448
48.401 2.051072
49.41 2.287296
50.411 2.083904
51.42 2.215232
52.421 2.473344
53.43 2.226176
54.431 2.226176
55.432 2.488832
56.44 2.40768
57.45 1.941632
58.451 2.002752
59.46 1.843136
60.461 2.040128
61.469 2.396736
62.47 2.302784
63.48 2.423168
64.481 2.477888
65.49 2.604672
66.491 2.34656
67.5 2.456
68.501 2.860928
69.51 2.94848
70.52 2.992256
71.57 3.2768
72.62 3.265856
73.69 3.22848
74.7 2.674888
75.701 2.718656
76.71 2.499776
77.722 1.996352
78.789 2.768832
79.79 2.7296
80.791 2.67488
81.809 2.795264
82.81 2.860928
83.82 2.937536
84.83 2.89376
85.91 2.812608
86.911 2.532608
87.919 2.576384
88.92 2.521664
89.921 2.663936
91.01 2.451456
92.011 2.259008
93.019 2.34656
94.02 2.714112
95.029 2.609216
96.03 2.806208
97.039 2.795264
98.04 2.806208
99.041 2.335616
100.049 2.779776
101.051 2.510712
102.059 2.445056
103.06 1.919744
104.069 2.440512
105.07 2.116736
106.079 2.313728
107.089 2.549952
108.09 2.390336
109.109 2.379392
110.119 2.302784
111.129 2.451456
112.13 2.1824
113.139 2.445056
114.149 2.718656
115.15 3.200192
116.26 3.06432
117.261 2.806208
118.269 2.587328
119.27 2.51072
120.279 2.456
121.289 2.746944
122.29 2.324672
123.299 2.488832
124.3 2.477888
125.309 2.396736
126.31 2.21508
127.319 1.60252
128.329 2.374848
129.33 2.248072
130.349 2.094848
131.35 1.838592
132.359 1.208384
133.368 1.740096
134.369 2.1824
135.37 2.51072
136.379 2.823552
137.38 2.324672
138.399 2.29184
139.409 1.893312
140.429 1.25216
141.438 0.842688
142.439 0.131072
144.144 2.729856
145.148 1.948032
146.149 1.711808
147.159 1.700864
148.199 1.882368
149.208 1.700864
150.209 2.221632
151.21 1.930688
152.219 2.068416
153.229 1.755584
154.239 1.646144
155.259 1.685376
156.279 1.481984
157.379 1.47744
158.398 1.674432
159.408 1.274048
160.409 1.225728
161.418 0.744192
162.43 0.661184
163.438 1.028736
164.439 1.192896
165.448 1.03328
166.458 1.225728
167.468 1.561304
168.469 1.56228
169.479 1.74464
170.488 1.783872
171.508 1.514808
172.518 1.663488
173.538 1.569536
174.568 1.663488
175.589 1.47744
176.598 1.175552
177.608 1.20384
178.609 1.03328
179.738 1.280448
180.758 1.269504
181.768 1.153664
182.778 1.357056
183.788 1.280448
184.791 0.891008
185.798 0.864576
186.809 0.897408
187.818 0.689472
188.828 0.59552
189.848 0.76608
190.868 0.864576
191.878 1.083456
192.888 1.131776
193.898 1.378944
194.918 1.186496
195.928 1.14912
196.938 0.897408
197.948 0.689472
198.969 0.639296
199.978 0.744192
200.989 0.514368
202.009 0.733248
203.018 0.880064
204.048 0.897408
205.068 0.864576
206.098 0.853632
207.108 0.836288
208.128 0.974016
209.138 1.03968
