0 0.38304
1.032 0.729176
2.12 1.367504
3.16 0.831744
4.182 0.111296
5.249 0.87552
6.25 1.030024
7.429 0.65664
8.431 0.47424
9.47 1.125192
10.57 0.941184
11.581 1.132616
12.61 0.36856
13.622 1.124944
14.63 0.923584
15.64 1.040472
16.65 1.015832
18.04 1.53216
19.051 0.479784
20.105 0.777024
21.122 0.612864
22.131 0.735336
23.142 1.575936
24.158 0.393288
25.17 1.20384
26.171 1.496872
27.172 1.295696
28.182 0.723112
29.211 1.171008
30.223 1.068616
31.231 1.002544
32.261 1.14912
33.264 0.466808
34.311 1.507544
35.471 0.787968
36.481 0.793448
37.571 0.952128
38.572 1.088904
39.611 0.470592
40.631 1.156256
41.634 1.515288
42.636 1.817368
43.643 0.449304
44.692 2.3894
45.694 1.909744
46.872 1.882752
48.052 1.171008
49.063 1.724672
50.064 0.943432
51.093 2.272264
52.1 2.482784
53.104 1.52752
54.112 2.218888
55.162 1.852528
56.293 1.269504
57.304 1.368
58.312 0.296696
59.415 1.794816
60.424 2.243608
61.425 0.759248
62.443 0.404928
63.463 0.536256
64.473 0.700416
65.483 0.359296
66.503 0.590976
67.523 0.10944
68.605 1.161536
70.053 0.536256
71.065 0.448704
72.083 0.404928
73.105 0.125296
74.106 0.339264
75.123 0.481536
76.133 0.525312
77.154 0.391344
78.164 0.481536
79.174 0.49248
80.184 0.229824
81.264 0.016544
82.415 0.120384
83.525 0.404928
84.545 0.32832
85.554 0.372096
86.574 0.136352
87.586 0.251712
88.625 0.284544
89.634 0.608
90.646 0.721064
91.734 0.730624
92.875 0.251712
93.925 0.223032
95.114 0.207936
96.125 0.250376
97.495 0.350208
98.515 0.145504
99.525 0.448704
100.535 0.411536
101.546 0.663712
102.547 0.240584
103.587 0.478776
104.667 0.699416
105.685 0.539288
106.695 0.583792
107.735 0.820136
108.747 0.722832
109.806 0.924944
110.807 0.804024
111.817 0.372896
112.835 0.77228
113.966 0.569088
115.386 1.022704
116.396 0.251232
117.456 0.926552
118.466 0.458712
119.486 0.699056
120.487 1.315048
121.496 0.718384
122.506 0.977464
123.527 0.742208
124.547 0.863552
125.556 0.908352
126.576 1.017744
127.987 0.971832
129.116 0.120384
130.389 1.950184
131.497 1.529664
132.498 2.159592
133.499 1.589584
134.517 0.675376
135.527 1.050624
136.528 0.850088
137.537 0.695264
138.567 0.700416
139.588 1.028384
140.597 0.97428
141.847 1.25856
142.848 0.376096
143.866 0.32832
144.867 1.76636
145.917 2.659952
147.067 3.1656
148.127 3.699224
149.246 3.142304
150.252 3.212464
151.269 3.088232
152.277 0.915928
153.337 1.116288
154.357 1.192896
155.367 0.974016
156.368 0.191432
157.388 0.733248
158.417 0.787968
159.437 0.71136
160.448 0.470592
161.458 0.639352
162.467 0.941184
163.478 1.146032
164.697 0.2736
165.728 0.514368
166.737 0.580032
167.748 0.350208
168.768 0.190992
169.848 0.21888
170.908 0.120384
171.938 0.240768
174.069 0.186048
175.078 0.131328
176.179 0.142272
178.01 0.032832
179.738 0.021888
184.718 0.043776
187.688 0.074504
192.698 0.065664
193.918 0.076608
194.938 0.142272
195.958 0.010944
206.019 0.010944
