0 2.742384
1.03 3.396344
2.04 3.183808
3.046 2.822888
4.049 2.826944
5.059 2.646696
6.063 2.42396
7.07 2.117832
8.09 2.834496
9.097 2.249752
10.098 1.903216
11.108 1.904208
12.117 1.828216
13.123 1.96208
14.157 2.274856
15.257 2.659824
16.258 1.967976
17.267 2.047496
18.268 2.50308
19.407 0.16416
21.418 6.055544
22.446 2.528064
23.456 2.1888
24.466 2.709496
25.656 2.889216
26.756 2.244776
27.757 2.374816
28.766 1.773856
29.767 2.125736
30.768 2.724216
31.936 2.924832
32.937 2.89836
33.946 2.736
34.947 1.89064
35.955 2.346952
36.956 2.550776
38.045 2.490168
39.155 2.427072
40.365 1.75104
41.366 1.720736
42.375 1.83756
43.376 2.293408
44.377 2.957368
45.435 3.348864
46.436 2.369104
47.446 2.306008
48.447 3.226296
49.555 3.316032
50.556 2.858808
51.557 2.690624
52.565 1.91688
53.576 2.95488
54.586 2.222368
55.596 2.263672
56.605 1.851536
57.606 2.812608
58.607 2.146328
59.616 2.435192
60.626 2.3918
61.646 2.93888
62.647 2.90016
63.656 2.447688
64.666 2.307912
65.667 2.144608
66.676 2.210592
67.686 1.919344
68.696 2.812608
69.706 2.310864
70.707 1.806328
71.716 2.549952
72.717 1.826056
73.726 2.0788
74.826 2.473344
75.836 2.039248
76.844 2.560896
77.845 1.889936
78.846 2.451456
79.864 2.703168
80.873 0.436008
83.224 5.800464
84.405 1.280448
85.413 1.882368
86.414 2.123136
87.415 1.936288
88.424 2.4624
89.425 1.746456
90.434 2.07936
91.436 1.473256
92.444 2.495232
93.445 1.89056
94.454 1.899168
95.455 2.27756
96.663 2.385792
97.664 1.903872
98.665 2.51712
99.674 1.845848
100.684 2.768832
101.685 2.27492
102.795 2.14956
103.855 2.233864
104.857 3.06432
105.865 2.506176
106.874 1.2914
109.685 5.805616
110.964 1.827648
111.965 2.123136
112.966 2.151456
114.135 2.637504
115.136 2.90016
116.144 2.487816
117.145 3.356704
118.147 2.507416
119.154 1.389888
120.164 0.611352
121.304 0.514368
122.624 0.10944
123.625 1.814512
124.783 3.232264
125.914 3.162816
126.923 3.056848
128.133 3.36532
129.134 1.898552
130.142 1.729152
131.143 1.488552
132.144 2.295968
133.154 1.89396
134.163 2.005056
135.243 2.232576
136.253 1.221128
137.263 1.403096
138.264 2.002752
139.272 1.5546
140.274 1.663456
141.283 1.62228
142.323 2.035584
143.342 1.781432
144.352 1.862992
145.362 1.93616
146.373 1.628224
147.382 1.831576
148.392 1.904384
149.402 1.63244
150.412 1.676008
151.413 1.719904
152.653 2.418624
153.68 1.84208
154.683 1.93724
155.693 2.083816
156.698 2.057912
157.699 2.224728
158.7 2.125168
159.701 2.024272
160.702 2.004784
161.707 2.145056
162.766 2.965824
163.768 2.319008
164.769 2.550248
165.788 2.834496
166.789 2.359056
167.798 2.274696
168.802 2.477224
169.803 2.681896
170.832 2.90016
171.833 2.032592
172.842 2.05676
173.85 2.115568
174.851 2.56364
175.979 2.703168
176.98 1.918952
177.981 1.948064
178.989 2.221632
179.999 2.053072
181.0 2.258664
182.009 2.598416
183.01 2.747696
184.117 2.193464
185.148 2.63512
186.347 2.834496
187.348 0.773344
188.358 2.549048
189.457 2.560896
190.458 2.357336
191.468 2.714112
192.477 1.668936
193.478 2.153664
194.485 1.819656
195.495 2.124152
196.646 2.24352
197.647 1.895192
198.666 2.237736
199.856 2.220216
200.986 2.560896
201.988 2.004576
202.989 1.870144
203.996 1.8698
205.006 1.875408
206.016 2.194984
207.256 0.131072
208.322 3.741464
209.326 1.720216
