0 0.101376
1.1 0.101376
2.199 0.101376
3.278 0.101376
4.399 0.101376
5.48 0.059048
6.5 0.101376
7.598 0.101376
8.701 0.101376
9.801 0.101376
10.899 0.101376
12.002 0.067224
13.102 0.101376
14.199 0.101376
15.281 0.101376
16.383 0.101376
17.481 0.067584
28.743 0.043968
30.023 0.009328
32.741 0.078848
33.881 0.045056
46.963 0.831144
47.964 1.040216
48.983 1.345984
50.014 1.48404
51.015 1.393064
52.155 1.447064
53.185 1.650416
54.186 1.858488
55.205 2.162424
56.224 1.991528
57.226 2.443784
58.227 2.763792
59.325 3.490896
60.326 1.794824
61.327 2.074368
62.328 3.436456
63.334 2.82048
64.336 3.447416
65.337 3.120024
66.338 2.225928
67.347 2.88644
68.35 2.339352
69.353 2.010208
70.356 3.034904
71.357 2.18716
72.358 3.045624
73.366 2.703592
74.367 3.43232
75.368 3.378304
76.537 3.218416
77.538 3.627992
78.539 3.294944
79.547 2.696176
80.548 2.923728
81.642 3.25624
82.643 3.160984
83.645 3.527824
84.798 4.077568
85.799 3.33576
86.801 4.471808
87.802 3.620032
88.809 2.743624
89.873 3.33192
90.875 3.27724
91.878 3.37268
92.888 3.680824
93.889 3.440608
94.977 3.628288
95.979 3.595936
96.98 3.443688
98.059 3.400552
99.061 3.812872
100.064 3.18372
101.066 3.191888
102.071 2.67668
103.073 3.09416
104.075 2.467456
105.08 2.946112
106.081 2.879672
107.082 2.343992
108.084 2.411592
109.091 2.4438
110.101 2.144688
111.175 3.123624
112.181 2.798408
113.182 2.286592
114.183 1.585472
115.203 1.29536
116.231 1.31436
117.233 2.392464
118.235 2.917376
119.236 1.643656
120.245 3.011488
121.282 2.08384
122.292 1.230192
123.323 0.551936
124.384 3.348872
125.464 2.579456
126.474 0.857904
127.493 1.655808
128.494 2.78412
129.495 2.568968
130.497 2.535936
131.498 2.433224
132.504 3.236576
133.565 3.218096
134.784 3.354176
135.904 3.064504
137.044 2.40284
138.154 2.489344
139.156 2.452568
140.158 2.190688
141.166 2.4366
142.167 2.936936
143.345 2.585704
144.428 2.59424
145.429 1.211688
146.435 1.543168
147.445 1.366992
148.465 0.889856
149.466 1.475584
150.476 0.786904
151.477 1.160192
152.496 0.50688
153.637 0.791592
154.726 0.382976
155.736 0.180224
157.006 1.46432
158.007 0.86276
159.387 0.540672
160.717 1.408
161.719 0.391168
162.728 0.923648
163.73 0.833536
164.747 0.596992
165.767 0.28068
166.778 0.45056
168.001 1.194072
169.048 0.574464
170.069 0.822272
171.07 0.666304
172.078 0.461824
173.519 1.430528
174.529 0.420696
175.559 1.47004
176.599 1.122576
177.629 2.085424
178.789 2.248848
179.81 1.051424
181.419 0.630784
182.42 0.750424
183.44 0.8548
184.45 0.2346
185.47 0.923648
186.471 0.202176
187.48 0.754112
188.82 1.306624
189.821 1.274992
190.822 1.119752
191.831 1.606952
192.832 1.29116
193.841 1.939472
195.0 1.47484
196.002 1.844272
197.028 0.574432
198.03 1.813504
199.032 1.039232
200.047 1.29536
201.052 0.606568
202.061 1.025024
203.069 0.811776
204.501 0.326656
205.502 0.22528
207.804 0.687104
209.153 0.101376
