0 0.513912
1.129 0.251712
2.149 0.10944
3.409 0.505568
4.419 0.702928
5.489 0.786424
6.537 0.687024
7.548 0.806888
8.549 0.696416
9.559 0.54628
10.562 0.686128
11.563 0.625608
12.569 0.901464
13.639 0.988656
14.728 0.79504
15.738 0.649016
16.759 0.728584
17.76 0.87556
18.897 1.026256
19.898 0.909984
20.928 0.891944
21.959 0.88092
22.979 0.804864
23.987 0.812344
25.027 0.877256
26.028 0.65228
27.067 0.949376
28.117 1.37628
29.248 1.213288
30.485 0.716168
31.486 0.764408
32.615 0.56924
33.616 0.568896
34.835 0.718032
35.836 0.805248
36.856 0.764232
37.985 0.87776
39.055 0.862288
40.076 0.606552
41.105 0.507256
42.116 0.510424
43.125 0.47064
44.135 0.53888
45.235 0.76512
46.236 0.627984
47.245 0.869408
48.356 0.752296
49.365 0.569048
50.375 0.735488
51.385 0.522472
52.396 0.521232
53.445 0.734968
54.465 0.84712
55.484 0.841816
56.565 1.023232
57.596 0.967016
58.605 0.906752
59.616 0.874776
60.625 0.884064
61.715 0.9184
62.725 0.923648
63.835 1.095592
65.005 1.04956
66.015 0.970816
67.016 0.822408
68.024 0.951384
69.025 0.697112
70.045 1.015712
71.055 0.721944
72.064 1.0972
73.195 0.904184
74.237 0.924064
75.243 0.687096
76.294 0.746248
77.314 0.996448
78.323 0.72136
79.394 1.068048
80.403 0.915136
81.404 0.464576
82.423 0.350208
83.522 0.471264
84.523 0.9152
85.532 0.9078
86.593 0.98588
87.594 0.96088
88.602 0.870416
89.604 1.03052
90.613 1.053456
91.692 1.069224
92.752 1.082728
93.753 1.147424
94.773 1.203248
95.792 1.014504
96.793 1.00056
97.794 1.089288
98.942 1.114536
99.943 1.33532
101.321 0.968624
102.433 1.14116
103.491 1.015664
104.561 1.076592
105.722 1.093728
106.741 1.091432
107.802 1.073384
108.821 0.959576
109.822 0.9212
110.831 0.959512
111.871 0.848768
112.881 0.957448
113.882 1.067664
114.891 0.885384
115.901 0.840368
117.031 0.88168
118.091 0.510944
119.131 1.019152
120.132 0.97644
121.261 1.030992
122.421 1.124112
123.561 1.055104
124.581 1.094856
125.582 1.003808
126.591 1.144888
127.592 0.916008
128.651 1.287928
129.661 1.04528
130.662 1.040176
131.671 0.796888
132.681 0.761264
133.691 0.749952
134.901 0.806344
135.93 0.78344
137.02 1.46652
138.1 1.506608
139.111 1.66896
140.126 1.616616
141.23 1.368512
142.231 1.424856
143.232 1.418904
144.37 1.775304
145.372 1.300192
146.391 1.199112
147.51 1.630896
148.514 1.341184
149.61 1.184024
150.62 1.117488
151.66 1.205568
152.729 1.299896
153.839 1.063312
154.84 1.028552
155.85 0.850608
156.851 1.018424
157.87 1.165472
158.96 1.150424
160.02 1.114608
161.439 1.12644
162.499 1.166568
163.501 1.250064
164.509 1.38628
165.519 1.013048
166.598 1.104232
167.599 1.111312
168.639 1.077392
169.689 0.8204
170.698 0.488784
171.738 0.763592
172.898 0.874632
173.978 0.862184
174.98 0.619848
175.989 0.465816
177.148 0.404928
178.154 0.182936
179.178 0.299616
180.328 0.306432
181.337 0.296232
182.347 0.284544
183.357 0.043592
183.548 1.369224
184.549 1.674432
185.558 1.761296
186.749 1.710952
187.838 1.393104
188.859 1.389216
189.928 2.019176
191.069 1.755968
192.088 1.926256
193.148 2.029008
194.349 2.473344
195.358 2.122704
196.359 1.470904
197.518 1.966328
198.519 2.120632
199.668 1.670448
200.679 2.166912
201.68 1.642896
202.819 2.397712
203.82 2.081392
204.829 2.068304
205.988 2.454912
207.098 2.283792
208.159 2.341768
209.16 2.214072
