0 2.762864
1.001 3.135648
2.141 3.092672
3.2 2.98204
4.36 2.668448
5.361 2.80772
6.51 2.975216
7.519 3.766464
8.529 3.138096
9.53 2.129616
10.539 1.610248
11.588 2.18444
12.598 2.539008
13.599 2.425912
14.6 2.22544
15.609 3.025792
16.619 2.664216
17.798 2.81216
18.799 3.03444
19.8 3.221128
20.808 3.350856
21.809 3.906112
22.811 3.466912
23.819 2.323768
24.828 2.456408
25.829 2.43192
26.839 2.287808
27.878 2.788616
28.968 2.998824
29.97 2.852224
31.069 3.251456
32.078 3.451328
33.079 2.652088
34.268 3.080032
35.269 3.201168
36.438 2.878048
37.557 3.0336
38.617 2.780488
39.647 2.771256
40.648 3.445936
41.657 2.981688
42.667 2.184248
43.687 1.870528
44.689 1.919576
45.691 2.852768
46.897 3.500056
48.087 2.812608
49.097 1.996424
50.107 3.192072
51.117 3.129984
52.118 2.750664
53.119 2.97648
54.126 2.241936
55.147 3.107792
56.236 2.51712
57.244 1.660024
58.245 2.050992
59.334 2.90016
60.335 2.272328
61.336 2.275808
62.345 3.02736
63.355 2.178496
64.365 2.998656
65.366 1.74504
66.374 2.051208
67.375 2.120416
68.574 2.166912
69.575 2.062576
70.584 2.501104
71.596 2.696664
72.604 3.436808
73.675 3.567744
74.676 2.069704
76.964 6.024152
77.966 2.350576
79.064 2.615616
80.065 1.852048
81.075 2.374592
82.283 1.443792
83.315 2.51712
84.324 1.808608
85.325 3.644352
86.326 2.857392
87.327 2.200384
88.334 2.60088
89.394 3.381696
90.395 2.356392
91.396 2.443136
92.415 3.075264
93.423 1.669224
94.433 2.177856
95.443 1.877608
96.452 2.451456
97.453 2.295064
98.461 2.320128
99.462 1.91048
100.471 2.310576
101.472 3.097152
102.48 2.007616
103.481 2.213776
104.49 2.506176
105.491 2.017608
106.5 2.320384
107.501 2.731576
108.51 2.626632
109.511 2.281632
110.512 1.85924
111.52 2.265928
112.608 2.680328
113.759 2.911104
114.761 2.520504
115.768 2.649784
116.769 2.215472
117.777 3.07656
118.897 3.381696
119.911 3.22928
120.916 2.887672
121.927 2.424168
122.936 2.552216
123.937 3.20528
125.156 3.393848
126.366 3.457304
127.367 3.261312
128.368 2.48552
129.376 2.383848
130.377 2.736
131.378 2.391704
132.386 2.973632
133.388 3.852288
134.396 3.328912
135.406 3.492488
136.407 3.03536
137.408 2.179256
138.416 1.830368
139.516 2.272784
140.526 2.433352
141.527 3.436416
142.537 3.172856
143.546 2.970456
144.575 3.0096
145.576 2.736
146.577 2.07288
147.595 2.812608
148.603 2.383608
149.604 3.764736
150.605 2.964144
151.606 3.06432
152.614 1.86048
153.615 2.38848
154.623 2.372192
155.763 3.2832
156.764 3.301008
157.765 3.200456
158.766 3.026376
159.953 2.724144
160.954 2.429264
161.963 2.15348
162.973 2.364048
163.983 2.011384
165.083 2.708848
166.084 2.12024
167.085 2.043784
168.086 2.016504
169.093 2.105368
170.103 2.46756
171.104 1.955928
172.105 1.914616
173.112 1.868944
174.123 2.092936
175.125 2.159696
176.133 2.145728
177.144 1.713184
178.153 1.975864
179.164 1.584544
180.173 1.550584
181.224 1.86048
182.225 1.760448
183.233 2.473344
184.234 2.154656
185.242 1.753536
186.243 2.68128
187.244 2.084056
188.251 2.182744
189.252 2.57184
190.261 2.156088
191.262 2.659392
192.27 2.155968
193.271 0.854752
195.81 6.320672
197.242 1.619712
198.251 1.89556
199.261 2.132816
200.262 2.137008
201.271 1.907504
202.272 2.363904
203.281 1.953928
204.291 1.825688
205.301 1.893312
206.302 1.626696
207.31 1.371336
208.319 1.926144
209.32 1.958
