0 1.312976
1.14 1.26908
2.141 1.282392
3.29 1.307824
4.301 1.060192
5.51 1.239608
6.52 1.02892
7.56 1.223024
8.65 0.328576
11.58 0.309024
12.581 0.423152
13.59 0.641496
14.621 1.168168
15.63 1.030424
16.76 1.472872
17.761 1.251352
18.769 1.253032
19.782 1.099112
20.789 1.247008
21.79 1.11
22.898 1.45156
24.078 1.393864
25.079 1.090136
26.168 1.244376
27.268 1.533856
28.458 0.915576
29.459 0.917952
30.548 1.236712
31.639 1.228008
32.758 1.062016
33.849 1.123592
34.86 1.078464
35.869 1.042168
36.879 0.884912
37.888 0.904496
38.918 1.100456
39.919 1.227984
40.928 0.906856
41.929 0.947144
42.94 1.01512
43.948 1.057104
44.979 1.065696
45.998 1.074264
47.118 1.191456
48.247 1.102864
49.248 0.718408
50.397 0.703
51.398 0.722344
52.407 0.824016
53.408 1.143008
54.418 1.025856
55.428 1.115688
56.557 1.409416
57.747 1.186968
58.797 1.273488
59.807 1.218728
60.917 1.179224
61.937 1.000152
62.997 1.240456
64.138 1.17536
65.207 1.161256
66.217 0.992912
67.307 1.081112
68.457 1.129168
69.637 0.861864
70.647 0.885872
71.657 0.623272
72.658 0.873616
73.667 0.867376
74.668 1.363832
75.687 0.944952
76.697 1.09508
77.698 1.106304
78.708 1.143296
79.778 1.2544
80.786 0.837344
81.956 0.816704
82.957 0.723704
83.966 0.731296
85.035 0.649192
86.036 0.668024
87.236 0.706152
88.246 0.706256
89.686 0.680336
90.696 0.72228
91.697 0.708384
92.706 0.582592
93.796 0.809816
94.806 0.731872
95.826 0.56352
96.906 0.693992
97.916 0.682136
98.926 0.732856
99.976 0.999752
100.986 0.72696
101.996 0.737528
102.997 1.167824
104.006 1.024088
105.016 0.916136
106.026 0.968624
107.036 1.064552
108.038 0.89528
109.067 0.59948
110.086 0.728824
111.096 0.766928
112.106 0.54568
113.116 0.555176
114.186 0.538192
115.205 0.868064
116.246 1.109864
117.256 1.205432
118.257 1.029944
119.377 1.206824
120.386 1.288624
121.396 0.884448
122.398 1.095496
123.406 1.2004
124.486 1.200688
125.496 0.175104
125.644 1.460632
126.646 2.35296
127.654 1.078912
128.794 1.165744
129.795 1.13208
130.804 1.13276
131.944 0.98608
132.954 1.289648
133.964 1.323232
134.974 1.136592
135.984 1.549824
136.994 1.29576
138.064 1.881936
139.124 1.899952
140.125 1.2662
141.174 1.764568
142.184 1.246024
143.213 1.302336
144.223 0.902888
145.233 1.212736
146.443 1.219552
147.445 0.947472
148.453 0.66892
149.474 0.919296
150.504 0.744584
151.505 1.060472
152.514 1.060816
153.543 0.67808
154.553 0.590976
155.573 0.709168
156.574 1.181576
157.584 0.948112
158.594 1.040288
159.603 0.977696
160.783 1.061568
161.792 0.713064
162.812 0.8196
163.822 0.560808
164.842 0.251712
165.853 1.689552
166.854 1.348344
167.863 1.338904
169.052 1.58104
170.473 1.375832
171.482 1.255184
172.483 1.129424
173.492 0.928488
174.503 0.978152
175.512 1.090752
176.514 1.231448
177.523 0.525328
178.524 1.070704
179.533 0.784472
180.663 0.972248
181.683 0.928312
182.684 0.92084
183.694 0.931144
184.703 1.008104
185.713 0.729536
186.773 1.137616
187.783 1.31256
188.823 1.315272
189.833 1.261672
190.834 1.44
191.835 1.641944
192.843 1.324424
193.845 1.594632
194.853 1.46556
195.854 1.575792
196.863 1.321048
197.864 1.636456
199.074 1.80904
200.083 1.764192
201.084 1.316664
202.093 1.109
203.102 0.915
204.153 1.27464
205.263 1.317216
206.363 1.708736
207.374 1.797328
208.375 1.779304
209.376 1.646952
