0 1.251544
1.002 1.05868
2.06 1.167672
3.069 0.827512
4.34 1.168256
5.37 1.691928
6.451 1.602352
7.48 1.631544
8.56 1.682904
9.62 1.114904
10.674 0.9814
11.699 1.190264
12.71 1.320336
13.74 1.817608
14.767 1.875296
15.92 1.363536
16.939 0.776248
18.039 1.06992
19.111 1.34784
20.112 1.038992
21.119 1.445192
22.309 1.526112
23.31 1.48192
24.429 0.678392
25.439 1.29212
26.599 1.471488
27.63 2.038536
28.631 1.514024
29.82 1.443616
30.93 1.463608
32.069 1.271392
33.07 1.095304
34.11 1.519296
35.259 1.135536
36.26 1.157672
37.28 0.97096
38.281 1.052064
39.479 0.952504
40.559 1.080352
41.569 0.911976
42.579 0.949432
43.649 0.987608
44.669 0.780344
45.679 0.79776
46.68 0.839
47.789 1.052536
48.929 0.937088
49.969 0.861992
50.97 0.710072
51.99 0.580032
53.019 0.895184
54.029 1.086736
55.189 1.41184
56.191 1.185544
57.338 1.536792
58.459 1.565088
59.476 1.505248
60.477 0.62956
61.516 1.311
62.535 1.30724
63.685 0.6136
64.695 0.240768
65.716 0.131072
66.921 0.161048
68.485 0.05472
69.945 1.19028
70.955 0.878304
71.965 0.71348
72.966 0.727496
73.995 0.629736
75.004 0.54964
76.005 0.724736
77.014 0.931968
78.145 0.899152
79.154 0.9778
80.165 0.986656
81.175 0.86268
82.185 0.768392
83.314 0.736432
84.325 0.97252
85.334 1.026416
86.335 1.114984
87.345 0.66464
88.365 1.058384
89.374 0.656744
90.515 0.7084
91.524 0.737632
92.535 0.902008
93.574 0.746728
94.594 0.470592
95.614 0.329384
96.634 0.31924
97.734 0.827304
98.735 0.818752
99.794 1.290928
100.795 1.040752
101.804 1.332536
102.814 1.185672
103.815 1.778984
104.873 1.146544
105.894 0.755136
109.764 0.032832
110.805 0.196336
111.814 0.525312
112.834 1.140224
113.844 0.872448
114.845 0.142272
115.867 0.46244
116.874 0.340176
118.015 0.598376
119.034 0.40856
120.064 0.476096
121.244 0.317376
122.294 0.490296
123.304 0.225504
124.774 0.52464
125.794 0.620104
126.844 0.863824
127.853 0.946704
128.933 1.441336
130.113 0.986872
131.273 1.126672
132.283 0.985128
133.404 1.140296
134.483 1.127592
135.493 1.320288
136.503 1.067392
137.543 1.64784
138.544 1.323096
139.713 1.039704
140.733 1.136056
141.742 1.378384
142.75 0.981976
143.752 1.369504
144.762 1.0244
145.781 1.22484
146.931 0.9824
147.94 0.920464
148.95 1.098008
149.96 1.050016
150.98 0.988272
152.031 1.273384
153.223 1.490888
154.231 1.260144
155.281 1.729824
156.282 1.845968
157.291 1.17044
158.311 1.843408
159.491 1.737632
160.62 1.960792
161.771 1.824232
162.911 1.753856
163.951 1.85468
164.961 1.480376
165.962 1.633096
166.97 1.322352
168.021 1.627776
169.023 1.336152
170.031 1.421184
171.1 1.660104
172.25 1.510704
173.329 1.504408
174.44 1.31524
175.5 1.400248
176.501 1.758248
177.508 1.89376
178.509 1.540848
179.51 1.428792
180.659 1.925744
181.789 2.017872
182.798 1.470144
183.848 1.7288
184.947 1.376328
185.977 0.895776
186.987 1.17636
187.997 1.056112
188.998 0.843968
190.007 0.781672
191.017 0.641328
192.047 0.26128
193.067 0.10944
194.227 0.734808
195.277 1.135728
196.288 1.115216
197.298 0.543
198.307 0.6538
199.507 0.701504
200.578 0.478768
201.583 0.47396
202.747 0.404928
203.776 0.488712
204.797 0.853016
205.987 0.835296
207.011 0.71928
208.027 1.091544
209.177 0.967984
