0 0.68312
1.02 0.755136
2.021 0.809856
3.049 0.646448
4.053 0.919296
5.068 0.62808
6.072 0.864576
7.08 0.884632
8.3 0.952128
9.301 0.701896
10.329 0.853632
11.34 0.621784
12.341 0.831744
13.349 0.6732
14.353 0.93024
15.368 0.506344
16.373 0.755136
17.381 0.71136
18.388 0.494952
19.413 0.634752
20.421 0.131072
21.748 1.24096
22.76 0.897408
23.792 0.686608
24.799 0.853632
25.818 0.675128
26.831 0.864576
27.843 0.87552
28.851 0.599696
29.863 0.8208
30.87 0.653056
31.879 0.897408
32.883 0.783576
33.89 1.225728
34.902 0.973056
35.903 0.8208
36.95 0.590872
37.977 0.426816
39.057 0.021888
40.45 0.54744
41.462 0.93024
42.469 0.796248
43.478 0.755136
44.482 0.468512
46.049 1.006848
47.061 0.948104
48.07 1.247616
49.082 1.116288
50.09 0.755672
51.102 1.083456
52.11 1.52512
53.122 1.059624
54.141 1.543104
55.149 0.942248
56.15 0.580032
57.17 0.120384
58.181 1.127232
59.185 1.09704
60.19 1.53216
61.209 1.42272
62.213 1.148616
63.222 1.324224
64.229 1.346112
65.23 1.003632
66.238 0.864576
67.241 1.028736
68.25 1.192896
69.262 1.058512
70.429 1.127232
71.449 1.0944
72.461 1.181952
73.462 0.536256
74.541 0.756112
75.63 0.558144
76.642 0.8208
77.649 0.787968
78.67 0.744192
79.701 0.777024
80.722 0.853632
81.73 1.006848
82.742 0.900128
83.749 1.368
84.756 1.302336
85.761 1.25856
86.769 1.217152
87.829 1.028736
88.841 1.25856
89.861 1.433664
90.868 1.674432
91.869 1.346632
92.88 1.893312
93.887 1.849536
94.899 1.312608
95.9 1.75104
96.907 1.050624
98.367 1.193848
99.38 1.31328
100.387 1.543104
101.399 1.575936
102.4 1.210168
103.407 0.908352
104.44 1.225728
105.448 1.488384
106.46 1.378944
107.467 0.786648
108.487 1.389888
109.52 1.346112
110.528 1.269504
111.539 1.346112
112.54 0.937392
113.548 1.20384
114.56 1.280448
115.579 1.368
116.587 1.214784
117.588 0.995904
118.608 0.378256
119.636 0.196992
120.676 0.295488
121.68 0.339264
122.7 0.207936
123.8 0.142272
125.2 0.032832
173.724 0.098496
174.804 0.142272
175.867 0.142272
177.023 0.131328
178.103 0.142272
179.168 0.16416
180.303 0.186048
181.404 0.175104
182.468 0.196992
183.547 0.186048
184.604 0.186048
185.668 0.175104
186.743 0.186048
187.868 0.207936
188.903 0.207936
189.947 0.251712
191.167 0.21888
192.223 0.207936
193.3 0.240768
194.352 0.186048
195.387 0.175104
