0 1.094976
1.001 1.460488
2.14 1.421768
3.39 1.110144
4.45 1.09472
5.52 1.036456
6.521 1.087896
7.54 1.576104
8.543 1.3204
9.71 1.230304
10.72 0.830248
11.78 1.225008
13.0 1.093936
14.001 1.24328
15.18 1.340568
16.19 1.037552
17.33 0.877168
18.359 0.933008
19.369 0.689288
20.378 1.089944
21.379 1.078472
22.389 1.033448
23.448 1.032648
24.458 1.121
25.461 0.952776
26.487 0.7124
27.496 0.745456
28.497 0.876368
29.506 0.57624
30.517 0.804128
31.526 0.90484
32.607 0.573736
33.655 0.393984
34.675 0.184072
35.755 0.262656
36.796 0.221856
37.845 0.284544
38.865 0.327152
39.895 0.55356
40.905 0.593208
41.906 0.689136
42.915 1.026696
43.916 0.525832
44.966 0.544888
45.985 0.495824
46.995 0.425216
48.006 0.463768
49.013 0.777144
50.015 0.638408
51.016 0.649288
52.025 0.652608
53.126 0.580272
54.134 0.393976
55.504 0.153216
60.344 0.131328
61.385 0.174712
62.415 0.207456
117.823 0.494008
118.824 0.608864
119.843 1.197536
120.853 0.990696
121.854 1.04684
122.863 1.257176
123.933 1.53428
124.941 1.39592
125.951 0.96792
126.952 1.134272
127.981 0.948168
129.011 1.241464
130.021 1.523512
131.031 1.50076
132.162 1.468384
133.181 1.423688
134.182 1.915304
135.35 1.208224
136.371 1.542696
137.391 1.229512
138.551 1.010456
139.561 1.327248
140.581 1.187848
141.601 1.354352
142.602 1.391312
143.611 1.3358
144.662 1.456264
145.671 1.448136
146.681 1.207912
147.801 1.857176
148.802 1.0894
149.951 1.410536
151.001 1.028112
152.012 1.064752
153.032 0.773664
154.041 0.682464
155.071 0.815384
156.081 0.697648
157.092 0.755808
158.111 0.801872
159.121 0.940768
160.261 0.934056
161.281 0.901344
162.37 1.261016
163.371 1.145608
164.381 1.166824
165.391 1.24316
166.401 1.13096
167.501 1.252416
168.512 1.347216
169.521 0.699424
170.65 0.725664
171.66 0.9082
172.67 0.784296
173.671 0.980104
174.87 0.898672
175.89 0.62988
176.891 0.674144
177.892 0.566504
178.901 0.82916
179.961 1.159288
180.97 0.794248
181.98 1.021936
183.1 1.30508
184.104 1.403488
185.11 1.463536
186.281 1.641624
187.291 1.32476
188.301 1.44964
189.371 2.150152
190.52 2.005
191.53 1.547296
192.692 1.781584
193.701 1.339416
194.821 1.582552
195.841 1.201896
196.971 1.692672
197.972 1.8626
199.091 1.745256
200.14 1.849312
201.141 2.191048
202.25 2.109232
203.29 2.06356
204.497 2.091064
205.679 2.213064
206.859 2.111816
207.86 2.14832
208.861 1.645048
209.862 1.236936
