0 1.14272
1.008 0.908352
2.012 1.280448
3.02 1.03328
4.028 1.25856
5.041 1.335168
6.061 1.109888
7.068 1.554048
8.08 1.41632
9.081 1.597824
10.088 1.569536
11.24 1.674432
12.248 1.591424
13.347 1.608768
14.351 1.630656
15.359 1.25216
16.367 1.53216
17.387 1.317824
18.392 1.455552
19.4 1.066112
20.407 1.411776
21.427 1.82396
22.439 1.540392
23.448 1.74464
24.539 1.80576
25.547 1.711808
26.567 1.9152
27.58 1.372544
28.587 1.433664
29.599 1.14912
30.607 0.75968
31.667 0.590976
32.668 1.302336
33.68 1.219328
34.687 1.488384
35.7 1.433664
36.707 1.274048
37.719 1.25856
38.72 0.93024
39.727 0.661184
40.74 0.919296
41.747 0.678528
42.767 0.525312
43.819 0.284544
44.827 0.175104
47.007 0.201536
48.02 0.842688
49.067 0.514368
50.087 0.544
51.119 0.200192
52.447 0.689472
53.452 0.573632
54.459 0.645696
55.467 0.700416
56.479 0.558144
57.487 0.612864
58.507 0.5408
59.519 0.65664
60.52 0.645696
61.536 0.426816
62.54 0.087552
63.727 0.240768
64.759 0.634752
65.779 0.694016
66.787 1.202496
67.799 1.41312
68.808 1.153664
69.811 1.357056
70.819 1.14912
71.827 0.75968
72.84 1.291392
73.847 1.364312
74.856 1.12452
75.86 1.400832
76.88 1.055168
77.888 1.47744
78.9 1.302336
79.907 0.945728
80.927 1.192896
81.939 1.171008
82.959 0.967616
83.96 1.346112
84.979 1.14272
85.999 1.127232
87.007 1.25856
88.019 1.131776
89.027 1.269504
90.028 1.181952
91.04 1.131776
92.047 1.521216
93.059 1.449152
94.06 1.564992
95.063 1.6352
96.067 1.674432
97.071 1.492928
98.08 2.046528
99.099 1.74464
100.107 2.276352
101.119 1.668032
102.127 1.783872
103.14 1.503872
104.147 2.029184
105.219 1.871424
106.227 1.405376
107.279 1.663488
108.287 1.602368
109.459 1.674432
110.467 1.613312
111.479 1.948032
112.487 1.547648
113.5 1.061568
114.511 1.674432
115.519 1.657088
116.528 1.75104
117.54 1.30688
118.547 1.740096
119.559 1.219328
120.563 1.597824
121.567 1.405368
122.58 1.619712
123.587 1.383488
124.599 1.543104
125.607 1.558592
126.619 1.718208
127.627 1.52576
128.639 1.849536
129.647 1.247616
130.659 0.59552
131.66 0.678528
132.671 0.393984
133.699 0.196992
134.767 0.131072
172.983 1.05088
188.538 0.043776
189.994 0.065664
191.154 0.043776
192.214 0.05472
193.254 0.065664
194.394 0.065664
195.534 0.015488
197.238 0.05472
198.318 0.098496
199.358 0.16416
200.419 0.196992
201.518 0.186048
202.554 0.175104
203.558 0.186048
204.594 0.229824
205.618 0.206592
206.874 0.20928
207.894 0.21888
208.958 0.207936
