0 1.966624
1.001 1.417256
2.01 1.660888
3.011 1.65388
4.04 1.753704
5.081 1.568496
6.082 1.415832
7.14 1.523008
8.27 1.573728
9.361 1.580568
10.37 1.518576
11.389 1.676072
12.391 1.114264
13.41 1.566024
14.411 1.35488
15.44 1.513448
16.448 0.961808
17.454 0.991488
18.458 0.738952
19.46 0.760992
20.468 0.680736
21.488 0.97004
22.558 1.073864
23.72 1.009632
24.898 0.904376
26.038 1.005632
27.048 0.810408
28.049 1.064104
29.057 0.858704
30.077 1.008976
31.078 0.896136
32.089 1.017712
33.187 1.158264
34.347 1.031144
35.409 1.052816
36.418 0.926376
37.438 0.881424
38.458 1.015848
39.548 1.205888
40.549 1.216152
41.605 1.35976
42.608 1.59208
43.609 1.53436
44.618 1.342784
45.738 1.705136
46.739 1.536496
47.748 1.347464
48.768 1.550416
49.847 1.503288
50.849 1.24688
51.958 1.598248
52.968 1.348608
53.977 1.479824
54.978 1.86724
56.058 1.746976
57.237 1.311464
58.248 0.949712
59.257 1.09568
60.269 1.121536
61.277 1.344352
62.377 1.60248
63.478 1.580832
64.797 1.309944
65.807 1.180432
66.808 1.189536
67.827 1.02992
68.887 0.889984
69.897 0.925888
70.907 1.102304
71.909 0.77392
72.917 0.888648
73.927 0.957136
74.937 1.155016
76.037 0.695416
77.047 0.68624
78.077 0.452664
79.097 0.337232
80.121 0.2736
81.136 0.191696
82.286 0.16416
83.326 0.186048
84.406 0.262448
85.416 0.46084
86.475 0.415872
87.486 0.450728
88.516 0.334608
89.715 0.372096
90.725 0.281008
91.795 0.306432
92.805 0.2736
93.875 0.234376
94.895 0.2736
95.934 0.251712
98.504 0.503424
99.555 0.191616
100.565 0.196992
101.605 0.16416
104.275 0.38304
105.276 0.415272
106.286 0.580008
107.323 0.175104
108.342 0.287896
109.358 0.501032
110.362 0.591464
111.363 0.675104
112.373 0.684904
113.563 0.470368
114.702 0.480856
115.813 0.620488
116.842 0.70672
117.843 0.760352
118.862 0.78644
119.872 0.674048
120.874 0.803896
121.892 0.670632
122.904 0.849448
123.912 0.71332
124.913 0.531608
125.932 0.776808
126.952 0.796408
127.962 0.685472
128.963 0.63492
130.022 0.80244
131.023 0.614608
132.032 0.63488
133.183 0.502584
134.212 0.295488
135.302 0.355416
136.312 0.37352
137.332 0.30544
138.342 0.458336
139.352 0.635344
140.353 1.028272
141.542 0.84832
142.552 0.799888
143.553 0.596376
144.562 0.757592
145.572 0.621152
146.582 0.519296
147.602 0.388776
148.612 0.38304
149.632 0.155984
150.635 0.21888
151.652 0.196992
152.662 0.1964
153.682 0.2736
154.702 0.208344
155.722 0.317376
156.742 0.161664
157.802 0.851672
158.812 0.41624
159.852 0.131328
160.872 0.476184
161.881 0.494312
162.902 0.429696
163.912 0.496528
164.923 0.744056
165.942 0.660592
166.951 0.572128
167.952 0.52368
169.004 0.65768
170.011 0.515632
171.142 0.613712
172.231 0.707568
173.241 0.588552
174.242 0.55484
175.251 0.442168
176.351 0.550224
177.532 0.519016
178.562 0.665608
179.572 0.637728
180.601 0.502256
181.611 0.6324
182.612 0.829616
183.621 0.798664
184.772 1.051144
185.951 0.985992
186.991 0.943704
188.051 0.851144
189.231 0.684792
190.241 0.868168
191.252 0.827712
192.261 0.897248
193.411 1.084504
194.421 0.93088
195.444 0.8368
196.45 1.062248
197.451 0.838904
198.46 0.880376
199.49 0.854872
200.57 1.110928
201.58 1.045712
202.6 0.900816
203.62 0.903112
204.641 0.8896
205.68 0.994816
206.769 1.030904
207.879 1.205528
208.881 0.71936
209.909 1.755176
