0 2.123136
1.019 1.849536
2.029 1.031824
3.039 2.287296
4.059 2.359128
5.06 3.048688
6.129 2.342016
7.135 1.596168
8.139 1.89848
9.149 2.29824
10.159 1.850184
11.17 2.825472
12.172 2.385896
13.179 2.467384
14.33 2.669088
15.429 2.488288
16.489 2.548312
17.578 2.494648
18.651 2.309048
19.659 2.192072
20.687 1.80576
21.689 1.350304
22.699 1.25856
23.702 1.214784
24.708 1.078264
25.709 1.806296
26.72 2.083624
27.729 2.55572
28.731 3.326976
29.739 2.02
30.74 3.184704
31.749 2.924632
32.756 2.825824
33.759 2.75544
34.859 2.976768
35.86 2.572016
36.861 2.25724
37.869 2.374008
38.87 2.993376
39.889 3.204296
40.89 3.232048
41.891 3.963672
43.09 3.168648
44.119 3.038344
45.12 2.989984
46.128 1.744552
47.135 1.904256
48.139 1.248392
49.148 1.138184
50.258 1.171008
51.269 1.460168
52.428 1.926144
53.429 1.51024
54.439 2.468272
55.519 2.659768
56.868 1.346112
57.869 1.949544
59.038 1.849536
60.039 0.817712
61.269 1.225728
62.27 1.179296
63.279 2.23424
64.36 2.860736
65.629 2.844344
66.938 3.140664
68.118 3.530712
69.119 3.128224
70.138 3.217536
71.139 3.839312
72.149 2.228224
73.158 2.24868
74.159 2.252664
75.168 2.35828
76.169 3.11904
77.17 2.210384
78.171 2.342016
79.178 1.885336
80.179 1.411776
81.219 1.667712
82.229 1.017792
84.36 0.60192
85.388 0.65664
86.428 0.733248
87.438 0.87456
88.448 1.69632
89.458 1.052128
90.568 0.350208
91.588 0.404928
92.608 0.71136
93.628 0.842688
94.638 1.54868
95.648 2.527376
96.658 1.811856
97.659 1.659104
98.664 1.649192
99.668 1.43448
100.677 1.64516
101.678 1.915192
102.688 1.944016
103.698 1.613808
104.708 1.610112
105.709 2.510736
106.798 2.440512
107.808 2.922728
109.208 2.112192
110.258 1.977584
111.259 2.631144
112.268 2.282176
113.269 2.856384
114.27 2.677696
115.279 2.571376
116.288 2.923424
117.469 2.834496
118.478 2.109656
119.479 2.523104
120.488 3.217536
121.498 2.802696
122.509 3.639152
123.519 3.998424
124.52 2.932904
125.521 2.924136
126.529 2.697408
127.538 2.376016
128.548 2.14384
129.549 3.069296
130.55 3.206064
131.638 3.00228
132.648 3.020536
133.649 3.370856
134.65 3.874048
135.651 2.490992
136.658 3.380768
137.659 3.119064
138.698 3.224232
139.718 3.212896
140.719 3.11152
141.72 3.590376
142.729 3.020544
144.574 5.774336
145.578 1.985664
146.588 2.800816
147.589 3.163312
148.678 2.965824
149.679 2.728024
150.688 2.79072
151.698 2.097688
152.708 1.796496
153.718 2.206608
154.72 2.984672
155.729 2.98128
156.73 3.119752
157.737 2.473976
158.748 2.922768
159.769 2.523072
160.778 2.979336
161.779 3.80584
162.78 2.476152
163.798 2.79568
164.799 2.830792
165.808 3.159264
166.809 2.290976
167.818 2.090304
168.837 1.227744
169.928 1.96992
170.947 3.162816
171.948 2.96396
172.949 3.056256
174.107 2.787688
175.108 3.145688
176.118 2.852248
177.119 2.752008
178.158 3.103728
179.168 2.56728
180.177 2.123136
181.188 0.636792
182.189 2.013696
183.197 1.575936
184.208 1.916464
185.288 2.812608
186.309 2.954528
187.397 1.816704
188.408 1.0944
189.417 1.127672
190.447 1.378944
191.448 0.95448
192.464 1.400832
193.468 0.952128
194.47 0.871648
195.487 1.072512
196.497 1.236672
197.507 1.184544
198.508 1.105344
199.517 0.49248
200.527 0.638792
201.528 1.692872
203.027 1.324224
204.077 0.554304
205.307 0.569088
206.327 0.481536
207.347 0.032832
208.837 0.925848
