0 0.38304
1.011 0.196992
2.071 0.076608
3.088 0.297792
4.101 0.415872
5.111 0.371896
6.13 0.514368
14.765 0.3358
15.806 0.768552
16.815 1.15988
17.816 1.172
18.844 1.241464
20.064 1.149936
21.074 0.896568
22.314 1.220056
23.424 1.206448
24.434 1.304128
25.444 1.408704
26.653 1.229736
27.664 1.295608
28.874 1.289936
29.875 1.113568
30.988 1.36528
32.234 1.313888
33.235 1.321232
34.244 1.235464
35.246 1.224176
36.423 1.194096
37.424 1.427496
38.823 0.580032
39.832 0.833792
40.833 0.95088
41.842 0.913064
42.853 1.021224
43.902 0.609896
44.911 0.98888
46.081 1.081176
47.152 1.416584
48.172 1.429688
49.321 1.621768
50.322 1.660608
51.331 1.528408
52.332 1.541784
53.342 1.085528
54.343 1.808824
55.361 1.035448
56.512 1.36284
57.522 1.553432
58.652 1.609032
59.771 1.652192
60.772 1.362816
61.781 1.658776
62.941 1.776464
63.943 1.320656
64.952 1.372312
66.011 1.150872
67.022 1.042768
68.031 0.773528
69.049 1.12184
70.051 0.816656
71.061 0.983344
72.071 1.467864
73.082 1.028072
74.123 0.426816
75.15 0.543392
76.151 0.872392
77.17 1.004424
78.18 0.915048
79.181 0.623808
80.19 0.350416
81.561 0.725432
82.562 1.403288
83.759 1.544168
84.769 1.083176
85.779 1.403448
86.789 1.296864
87.799 1.4226
88.819 1.644816
89.829 1.46972
90.999 1.277312
92.039 1.358456
93.041 1.40408
94.049 1.605872
95.059 1.4856
96.068 1.30364
97.287 1.288424
98.308 1.662368
99.328 1.560392
100.338 1.396136
101.348 1.709704
102.568 1.56436
103.578 1.76924
104.588 1.61116
105.787 1.707592
106.788 1.693792
107.798 1.694584
108.808 1.195984
109.818 1.2896
110.828 1.315936
112.018 1.65212
113.028 1.7206
114.287 1.869712
115.288 1.30624
116.567 1.515616
117.568 1.165608
118.578 0.542008
119.639 0.207936
120.647 0.131072
122.453 1.169512
123.458 0.536256
124.467 0.450552
125.497 0.670416
126.697 0.284544
127.727 0.684192
128.747 0.50148
129.867 0.679528
130.877 0.70832
131.887 0.756816
132.907 0.908352
133.917 0.742952
134.927 0.798512
135.949 0.58668
137.088 0.842688
138.096 0.390224
139.106 0.415872
140.117 0.44492
141.118 0.685088
142.14 0.993496
143.335 0.514368
144.365 0.448704
145.366 0.509416
146.386 0.284544
147.406 0.186048
148.555 0.237784
149.585 0.372096
150.606 0.328608
151.626 0.514368
152.646 0.48364
153.656 0.679088
154.776 0.912528
155.855 0.853632
156.916 0.503424
157.936 0.765608
158.946 0.676448
160.146 0.372096
161.316 0.613016
162.576 0.186048
163.638 0.295488
164.646 0.292416
165.785 0.306432
166.786 0.38304
167.806 0.331192
168.845 0.241576
169.885 0.32832
170.895 0.464736
171.906 0.789112
173.045 0.722816
174.336 0.514368
175.347 0.759752
176.435 0.703424
177.455 0.628344
178.465 0.843552
179.745 0.426816
180.746 0.503424
181.755 0.470592
182.785 0.299024
184.035 0.481536
185.056 0.365624
186.065 0.459504
187.186 0.5472
188.195 0.378608
189.205 0.394912
190.215 0.508288
191.225 0.543736
192.245 0.5336
193.275 0.472808
194.285 0.531024
195.295 0.649168
196.315 0.669968
197.335 0.521088
198.345 0.638568
199.366 0.620032
200.426 0.272912
201.455 0.416008
202.465 0.470592
203.495 0.294928
204.505 0.371424
205.525 0.571576
206.526 0.571512
207.535 0.512064
208.695 0.601648
209.715 0.435824
