0 2.101248
1.001 1.865024
2.002 2.094848
3.01 2.1888
4.011 1.941632
5.02 2.149568
6.021 2.396736
7.03 2.226176
8.031 2.335616
9.04 2.29824
10.054 2.040128
11.071 2.313728
12.08 2.145024
13.09 1.941632
14.092 2.269952
15.1 2.101248
16.102 1.9088
17.11 2.390336
18.12 2.02464
19.13 1.755584
20.131 1.96992
21.132 1.58048
22.14 1.761984
23.141 1.098944
24.15 1.269504
25.16 1.284992
26.161 1.619712
27.18 1.668032
28.19 1.619712
29.191 1.368
30.2 0.945736
31.21 1.674432
32.23 1.558592
33.24 2.013696
34.241 2.105792
35.259 1.433664
36.26 1.405376
37.28 1.838592
38.29 1.41632
39.3 1.236672
40.309 1.383488
41.32 1.433664
42.329 0.897408
43.34 0.639296
44.36 0.809856
45.369 0.919296
46.37 0.919296
47.39 0.945728
48.399 1.006848
49.409 1.247616
50.41 2.160512
51.411 2.456
52.412 2.543552
53.579 3.06432
54.597 2.160512
55.6 2.051072
56.61 2.4624
57.62 2.226176
58.621 2.313728
59.64 2.1824
60.649 2.528064
61.65 1.996352
62.66 2.094848
63.669 2.13408
64.671 1.985408
65.679 2.199744
66.68 2.204288
67.681 1.700864
68.682 1.718208
69.701 2.160512
70.709 2.23712
71.71 2.856384
72.711 2.83904
73.739 2.029184
74.74 2.01824
75.829 2.725056
76.83 2.149568
77.839 2.105792
78.849 2.07936
79.85 2.226176
80.869 1.810304
81.949 2.068416
82.959 1.689768
83.96 1.904256
84.963 1.263256
85.969 2.090304
86.97 2.094848
87.981 2.193344
88.989 2.4624
89.99 2.051072
91.0 2.29184
92.02 2.385792
93.021 2.062016
94.022 2.193344
95.029 2.177856
96.03 2.116736
97.031 2.817152
98.039 3.0032
99.04 2.762432
100.047 2.155968
101.059 1.460096
102.069 2.57184
103.07 2.543552
104.071 2.94848
105.072 2.29184
106.077 2.105792
107.098 2.539008
108.099 2.302784
109.1 2.379392
110.109 2.609216
111.118 2.703168
112.119 2.379392
113.129 2.171456
114.139 2.576384
115.178 1.893312
116.179 1.613312
117.188 2.177856
118.199 2.116736
119.2 2.160512
120.208 2.210688
121.209 1.569536
122.218 1.674432
123.228 1.733696
124.229 1.893312
125.23 1.700864
126.238 2.379392
127.239 1.838592
128.248 1.74464
129.268 1.926144
130.269 1.985408
131.27 2.149568
132.288 1.96992
133.289 1.810296
134.29 1.926144
135.298 1.821248
136.3 2.24352
137.308 1.9088
138.309 2.007296
139.31 2.385792
140.319 2.280896
141.339 1.9088
142.34 1.96992
143.358 1.624256
144.359 2.013696
145.36 1.985408
146.368 1.79936
147.378 2.451456
148.379 1.985408
149.388 1.882368
150.389 1.47104
151.398 1.685376
152.399 1.449152
153.4 1.816704
154.418 1.41632
155.428 1.564992
156.429 1.284992
157.438 1.291392
158.448 1.105344
159.458 0.86912
160.459 1.127232
161.468 1.03968
162.477 0.573632
163.478 1.072512
164.488 1.050624
165.498 0.580032
166.518 0.37664
167.528 0.623808
168.548 0.503424
169.568 0.60192
170.579 0.32832
171.638 0.251712
172.687 0.2736
173.73 0.240768
174.778 0.196992
