0 0.011264
16.626 0.033792
17.692 0.033792
18.772 0.05632
19.813 0.045056
21.073 0.045056
22.303 0.045056
23.593 0.01576
42.768 0.315392
43.807 0.195792
44.828 0.16896
45.85 0.090112
47.229 0.328168
49.358 0.447768
50.759 1.061712
51.809 1.11228
52.81 1.217816
54.05 1.220144
55.289 1.128984
56.299 1.148552
57.529 1.276792
58.53 0.720992
59.54 1.270024
60.541 1.03232
61.55 1.396848
62.56 0.73132
63.57 0.694392
64.7 0.495616
65.75 0.157696
66.79 0.05632
68.42 0.247808
69.461 0.033792
70.891 0.645656
71.911 0.603544
72.931 0.804472
73.951 0.824624
75.032 1.208488
76.132 1.084392
77.172 0.70852
78.252 0.45056
79.303 0.449968
80.322 0.923648
81.332 1.263296
82.343 1.459704
83.394 1.105112
84.403 1.121544
85.404 1.570688
86.405 1.845536
87.593 1.893856
88.594 2.0292
89.595 1.963304
90.596 2.050488
91.605 1.836032
92.614 2.027264
93.616 1.559848
94.635 1.346208
95.636 1.940816
96.645 2.313376
97.905 1.903616
98.906 1.573832
99.915 1.610752
100.936 1.160192
101.956 1.092608
102.976 0.631408
104.865 1.081344
106.375 0.214016
107.435 0.39424
108.436 0.415248
109.676 0.191488
110.726 0.157696
111.766 0.123904
113.097 0.315392
114.156 0.157696
115.186 0.146432
116.237 0.191488
117.297 0.16896
118.327 0.172848
119.347 0.326656
120.375 0.195344
121.628 0.439296
122.718 0.11196
129.736 0.178288
130.737 0.371712
131.807 0.409112
132.817 0.729392
133.818 1.255032
134.827 0.632904
135.828 1.009616
136.837 1.125904
137.838 1.133456
139.068 1.31304
140.138 0.75552
141.188 1.141976
142.189 1.483448
143.199 0.844552
144.2 1.549032
145.399 2.030944
146.61 1.33872
147.611 1.646104
148.63 1.556304
149.781 1.809576
150.83 1.59472
152.021 0.934912
153.031 1.452024
154.041 1.52064
155.05 1.145
156.051 1.536192
157.281 1.359208
158.39 0.754688
159.391 1.350432
160.501 1.486848
161.502 1.115472
162.813 1.749392
163.821 1.700864
164.831 1.28176
165.832 1.644544
166.852 1.661056
167.854 1.751248
168.862 1.375256
169.863 1.586288
171.022 1.362944
172.043 1.014896
173.053 0.473088
174.062 1.531904
175.064 0.698368
176.073 0.631792
177.583 1.85856
178.585 1.499568
179.593 1.813504
180.594 1.88032
181.595 1.543264
182.834 1.830064
184.254 1.272832
185.268 0.9876
187.094 1.374208
188.105 1.464544
189.326 0.540672
190.855 1.209064
191.923 0.8448
192.946 0.50688
193.955 0.254792
194.985 0.360448
196.345 1.080768
197.346 0.889392
198.585 1.07008
199.595 0.763376
201.106 0.813904
202.146 0.202752
203.186 0.709632
204.206 0.865936
205.207 0.979216
206.216 0.82508
207.317 1.131264
208.327 0.971008
209.517 1.010688
