0 0.196992
1.51 0.05472
2.71 0.021888
3.87 0.010944
4.999 0.183072
12.728 0.273408
13.798 0.174432
14.839 0.283064
15.919 0.142272
16.989 0.21888
18.169 0.076608
19.209 0.098496
20.218 0.16404
21.229 0.418224
22.698 0.38304
23.719 0.312064
24.749 0.296728
25.798 0.38304
26.809 0.258232
27.818 0.331216
28.858 0.404928
29.859 0.293704
30.889 0.372096
31.929 0.224448
32.939 0.262656
33.979 0.2736
34.999 0.12976
36.038 0.16416
37.039 0.251712
38.069 0.107344
39.119 0.175104
40.131 0.087552
54.714 0.087552
55.824 0.065664
56.884 0.065664
58.004 0.084112
59.294 0.404928
60.305 0.295544
61.715 0.934984
62.724 1.306576
63.914 1.149408
65.034 1.335624
66.035 1.051472
67.044 1.023856
68.054 1.051992
69.055 1.359976
70.224 1.16312
71.234 0.939432
72.368 0.49248
73.394 0.200264
74.414 0.38764
75.424 0.442088
76.454 0.875696
77.455 1.226984
78.604 1.620472
79.605 1.473888
80.614 1.440792
81.744 1.55848
82.924 1.48632
84.104 1.421408
85.223 1.426584
86.224 1.639232
87.413 1.57188
88.463 1.52532
89.603 1.492096
90.733 1.470856
91.743 1.124864
92.913 1.517056
93.923 1.577048
94.924 1.473056
96.063 1.43552
97.073 1.37172
98.183 1.625184
99.338 1.658184
100.522 1.732832
101.612 2.12268
102.792 1.798152
103.852 1.814
104.862 1.127456
105.863 1.549328
106.872 1.536776
107.882 0.921272
108.982 1.464456
110.133 1.434936
111.291 1.49412
112.292 1.085248
113.351 1.55184
114.53 1.569624
115.63 1.540464
116.731 1.42436
117.78 1.463136
118.882 1.644096
120.061 1.723384
121.211 1.668864
122.402 1.588168
123.421 1.386344
124.501 1.430352
125.601 1.582408
126.728 1.416408
127.778 1.619048
128.978 1.613144
129.988 1.53752
130.989 1.30368
132.154 1.439968
133.157 1.290456
134.158 1.315816
135.159 1.5264
136.178 1.738152
137.179 1.55684
138.187 1.469824
139.327 1.416976
140.328 1.567192
141.337 1.296016
142.347 1.465032
143.352 1.453304
144.357 1.372304
145.437 1.292272
146.438 1.2852
147.588 1.491112
148.596 1.375984
149.607 0.602496
150.675 1.424208
151.676 1.242064
152.835 1.567488
153.845 1.48052
155.025 1.95228
156.206 1.825232
157.214 1.527744
158.264 1.672672
159.374 1.613424
160.404 0.869952
161.554 0.721824
162.558 0.817464
163.625 0.873424
164.634 1.040256
165.645 1.058208
166.654 1.35988
167.734 1.245144
168.764 1.249424
169.914 0.963672
170.925 1.004032
171.964 1.118184
172.977 1.05108
174.013 1.532888
175.014 1.338576
176.025 1.631152
177.026 1.220256
178.034 1.443784
179.113 1.575336
180.114 0.900736
181.123 0.621904
182.184 1.063416
183.234 1.04056
184.244 0.882464
185.413 0.498784
186.423 0.585248
187.443 0.558144
188.453 0.4034
189.463 0.509888
190.663 0.175104
191.804 1.246664
192.903 0.862616
193.912 0.367912
194.932 0.428776
195.992 0.361152
197.012 0.315736
198.023 0.861568
199.032 0.470376
200.042 0.358648
201.072 0.295488
202.113 0.149216
203.142 0.207936
204.145 0.504544
205.162 1.009424
206.242 1.108936
207.263 0.916736
208.272 0.84932
209.282 1.028072
