0 1.613312
1.013 2.035584
2.02 1.569536
3.033 1.86048
4.04 1.886912
5.041 1.9088
6.12 1.937088
7.131 1.328768
8.19 1.554048
9.191 1.575936
10.198 0.891008
11.218 1.181952
12.23 1.383488
13.239 1.466496
14.251 1.225728
15.258 1.14272
16.27 1.707264
17.278 1.492928
18.282 1.948032
19.298 1.602368
20.31 1.740096
21.318 1.52576
22.35 1.280448
23.359 1.339688
24.37 1.433664
25.371 1.73372
26.49 1.838592
27.498 1.481984
28.51 1.80576
29.518 1.74464
30.538 1.389888
31.558 1.006848
32.57 0.825344
33.578 1.225728
34.594 0.864576
35.61 0.558144
36.63 0.354752
37.69 0.744192
38.71 0.809856
39.718 0.306432
40.742 0.415872
41.758 0.503424
42.759 0.497032
44.05 1.083456
45.051 1.346112
46.058 0.847232
47.23 0.525312
48.238 0.612864
49.251 0.831744
50.31 1.30688
51.398 1.324224
52.411 1.357056
53.427 1.241216
54.43 1.53216
55.431 1.492928
56.437 1.838592
57.438 1.58048
58.449 1.904256
59.457 1.6352
60.469 1.980864
61.477 0.672128
62.489 1.718208
63.63 1.394432
64.677 1.291392
65.697 1.31328
66.71 1.098944
67.737 1.466496
68.738 1.405376
69.75 1.849536
70.769 1.766528
71.777 2.101248
72.79 1.230016
74.67 2.85024
75.917 1.400832
76.937 2.029184
77.95 2.374848
78.957 1.711808
79.969 1.564992
80.977 1.646144
81.989 2.309184
82.997 1.897856
84.009 1.886912
85.01 2.123136
86.013 1.58048
87.017 2.177856
88.018 2.051072
89.021 1.843128
90.029 2.013696
91.037 1.460096
92.049 1.674432
93.057 1.503872
94.069 1.794816
95.07 1.460096
96.074 1.663488
97.077 1.164608
98.097 1.324224
99.117 0.755136
100.13 0.131072
102.489 2.215488
103.496 1.42272
104.508 1.25216
105.529 1.882368
106.536 1.438208
107.537 1.608768
108.548 1.109888
109.556 1.25856
110.557 1.116288
111.568 0.858176
112.668 1.214784
113.669 0.831744
114.676 0.623808
115.696 0.836288
116.705 1.083456
117.708 1.017792
118.716 0.897408
119.736 0.748736
120.756 0.612864
121.796 0.317376
122.816 0.569088
123.828 0.798912
124.829 0.365696
125.836 1.072512
126.848 1.335168
127.856 1.011392
129.036 0.995904
130.04 1.368
131.048 0.989504
132.076 1.116288
133.088 1.20384
134.096 1.055168
135.108 1.42272
136.116 1.20384
137.128 1.077056
138.136 1.225728
139.148 1.219328
140.256 1.368
141.276 1.433664
142.288 1.230272
143.296 1.400832
144.308 1.219328
145.316 1.346112
146.336 0.580032
147.356 0.87552
148.368 1.000448
149.376 0.514368
150.428 0.361152
151.449 0.71136
152.456 1.197448
153.468 0.700416
154.536 0.897408
155.548 1.14912
156.556 0.934784
157.568 1.14912
158.576 1.236672
159.589 1.077056
160.609 1.006848
161.617 0.76608
162.636 0.781568
163.756 0.93024
164.768 1.127232
165.776 1.03968
166.789 0.65024
167.796 1.006848
168.809 0.842688
169.816 0.864576
170.836 0.825344
171.856 1.061568
172.869 1.247616
173.876 0.934784
174.888 1.466496
175.896 1.230272
176.908 1.411776
177.909 1.554048
178.917 1.241216
179.936 1.433664
180.94 1.295936
181.948 1.192896
182.957 1.083456
183.968 1.066112
184.988 1.14912
185.996 1.03968
187.008 0.901952
188.016 1.138176
189.017 1.20384
190.028 0.901952
191.029 0.569088
192.085 0.897408
193.089 0.853632
194.096 0.65024
195.108 1.028736
196.116 1.083456
197.136 0.941184
198.145 0.715904
199.148 1.291392
200.156 1.324224
201.169 1.19744
202.176 1.444608
203.188 0.770624
204.508 1.25856
205.509 1.53216
206.516 1.3616
207.528 1.53216
208.548 1.3616
209.564 1.685376
