0 1.919744
1.01 0.755136
4.719 1.400832
5.72 0.415872
6.731 0.551744
7.84 0.667584
8.859 0.645696
9.869 1.433664
10.879 0.92384
11.88 1.269504
13.169 0.38304
14.179 0.306432
15.219 0.897408
16.22 0.420416
17.239 0.995904
18.24 1.827648
19.249 1.602368
20.261 1.685376
21.269 1.624256
22.279 1.700864
23.319 1.937088
24.322 1.700864
25.511 0.908352
26.529 0.306432
27.539 0.448704
28.549 1.263104
29.63 2.495232
30.631 2.62016
31.639 1.52576
32.641 2.889216
33.649 2.226176
34.65 1.48196
35.659 2.265408
36.669 1.919768
37.689 2.068416
38.699 2.215232
39.7 2.718656
40.709 2.051072
41.711 2.528064
42.719 2.193344
43.72 2.543552
44.729 2.806208
45.73 3.046976
46.739 3.506624
47.74 2.849984
48.741 3.243968
49.75 3.22208
50.839 2.834496
51.841 2.456
52.842 2.040128
53.848 1.80576
54.858 1.274048
55.868 1.499328
56.869 0.131072
58.074 1.86528
59.088 0.131328
60.128 0.5472
61.129 1.006848
62.148 0.426816
63.389 0.365696
64.788 0.372096
65.798 0.295488
66.799 0.569088
67.808 0.733504
68.819 0.623552
69.828 0.5472
70.853 0.507968
71.858 0.689472
72.868 0.897408
73.869 1.291392
74.889 1.077056
75.899 0.372096
76.918 0.481536
77.934 0.8208
78.938 0.551744
79.948 0.645696
80.968 0.645696
81.989 0.667584
82.999 0.65664
84.008 0.393984
85.108 0.825344
86.119 1.42336
87.128 1.295296
88.259 1.25856
89.268 1.138176
90.279 0.60192
91.288 0.32192
92.538 2.083048
93.539 2.091152
94.558 2.827584
95.569 3.301552
96.57 4.242784
97.669 4.326368
98.68 2.793176
99.681 3.13856
100.7 3.252528
101.701 3.69536
102.702 3.443808
103.71 2.943352
104.712 3.129984
105.715 2.492272
106.718 2.170776
107.728 2.313184
108.729 2.716328
109.73 2.514024
110.738 2.483248
111.809 3.0096
112.829 2.792624
113.83 2.649288
114.878 2.145024
115.879 2.757536
116.889 2.970288
117.899 3.508128
118.9 3.245336
119.908 2.905728
120.909 2.739768
121.912 3.066024
122.919 3.317992
124.009 2.68128
125.01 2.249416
126.011 2.331424
127.019 2.439256
128.06 2.68128
129.079 2.08192
130.08 2.574864
131.081 2.57044
132.194 2.516032
133.21 2.510672
134.232 2.244728
135.25 2.07936
136.251 1.484592
137.26 2.47668
138.309 1.674432
139.32 1.20384
140.334 1.896696
141.339 3.33644
142.34 2.394816
143.341 2.401048
144.342 2.287296
145.35 2.093032
146.36 2.73676
147.362 1.726864
148.37 2.276352
149.371 1.905168
150.38 2.20748
151.381 2.38232
152.391 2.615616
153.401 2.720384
154.42 1.882816
155.421 2.239336
156.422 2.623008
157.431 3.03848
158.571 2.714112
159.572 1.839936
160.581 2.018104
161.592 2.648416
162.781 2.287296
163.782 2.034896
164.791 1.830104
165.802 2.183384
166.841 2.13408
167.842 1.998432
168.913 2.473344
169.922 1.951856
170.923 2.257536
171.932 2.637504
172.933 2.2254
173.942 2.196576
174.952 2.110592
175.962 2.46956
177.132 2.615616
178.133 1.735856
179.134 2.615616
180.135 2.40028
181.142 2.151304
182.143 2.65992
183.144 2.4286
184.153 3.257248
185.154 2.489216
186.163 2.59816
187.213 3.140928
188.214 2.01828
189.215 2.135536
190.224 2.71532
191.233 2.693024
192.234 2.527064
193.235 2.98852
194.244 2.725504
195.245 2.552304
196.254 2.421792
197.255 2.856384
198.256 2.12924
199.264 2.11832
200.266 2.048896
201.275 2.424864
202.395 2.526352
203.515 2.24352
204.524 2.242488
205.525 2.648448
206.526 2.392776
207.527 3.276784
208.725 2.454368
209.885 2.385792
