0 2.177856
1.001 1.952576
2.002 2.105792
3.009 2.002752
4.01 1.208384
5.029 0.787968
6.049 0.295488
7.452 0.448704
8.475 0.580032
9.479 0.448704
10.509 0.339264
11.569 0.113984
12.609 0.317376
13.619 0.569088
14.639 0.534912
15.649 0.340608
16.659 0.306432
17.679 1.208384
18.699 1.53216
19.709 0.612864
20.711 0.645696
21.749 0.404928
22.759 0.387584
23.769 0.295488
24.839 0.60192
25.84 1.674432
26.841 1.843136
27.849 2.083904
28.85 2.593728
29.851 2.23712
30.859 1.678976
31.86 1.991808
32.866 2.20428
33.869 2.013696
34.87 0.92384
36.052 1.017792
37.059 0.689472
38.072 0.781568
39.099 1.499328
40.1 0.886464
41.109 1.164608
42.11 2.385792
43.129 1.657088
44.131 1.86048
45.139 1.777472
46.14 2.040128
47.141 1.904256
48.159 1.646144
49.16 2.123136
50.161 2.521664
51.179 2.609216
52.18 2.412152
53.189 2.506176
54.2 2.062088
55.201 2.412224
56.209 2.587328
57.259 2.62656
58.261 2.083904
59.269 1.85408
60.27 1.718208
61.278 0.831744
62.279 0.70496
63.299 1.69632
64.3 1.58048
65.529 1.674432
66.539 1.865024
67.55 1.991808
68.559 1.186496
69.579 1.521216
70.589 1.028736
71.594 1.088
72.599 1.280448
73.6 0.8208
74.628 0.781568
75.629 1.6416
76.637 1.503872
77.638 1.53216
78.649 0.908352
79.668 0.891008
80.669 0.744192
81.718 0.426816
82.719 1.0944
83.729 1.350656
84.739 1.53216
85.74 1.350656
86.809 1.324224
87.828 0.908352
88.839 0.886464
89.848 0.92384
90.868 0.908352
91.879 0.580032
92.888 1.208384
93.889 1.543104
94.898 1.722752
95.899 1.926144
96.908 1.284992
97.918 1.597824
98.919 1.25856
99.929 1.733696
100.93 1.69632
101.938 1.536704
102.939 1.0944
103.97 0.634752
104.988 0.606464
105.998 1.072512
107.008 0.470592
109.411 0.612864
110.418 0.683072
111.623 0.886464
112.639 0.98496
113.64 0.864576
114.671 0.792512
115.678 0.995904
116.688 1.31328
117.689 1.602368
118.69 1.707264
119.713 1.613312
120.718 2.177856
121.72 2.01824
122.729 2.324672
123.739 1.96992
124.748 1.591424
125.758 1.105344
126.768 0.580032
127.778 0.584576
128.779 1.03968
129.788 0.623808
130.808 0.864576
131.818 0.770624
132.828 0.98496
133.858 1.116288
134.868 1.25216
135.888 1.433664
136.898 0.777024
137.908 0.755136
138.918 0.5408
139.928 0.5472
140.938 0.689472
141.958 0.842688
142.959 1.175552
143.968 1.368
144.988 0.897408
145.998 0.858176
147.008 1.050624
148.018 0.897408
149.028 1.098952
150.038 1.444608
151.049 1.74464
152.169 1.86048
153.178 0.93024
154.198 0.880064
155.208 1.521216
156.218 0.952128
157.228 0.551744
158.248 1.061568
159.268 1.685376
160.278 1.657088
161.279 2.007296
162.318 1.444608
163.328 1.575936
164.338 0.420392
166.177 0.186048
167.187 1.47744
168.197 1.072512
169.206 0.5846
170.226 1.214784
171.236 1.378944
172.237 1.328744
173.247 1.225728
174.267 0.995904
175.268 1.142744
176.277 1.269504
177.286 0.853632
178.296 1.066112
179.297 1.444608
180.307 0.967616
181.397 0.897408
182.437 0.777024
183.438 0.897408
184.447 0.891008
185.466 1.269504
186.467 1.225728
187.477 1.011392
188.486 0.76608
189.496 0.963072
190.526 1.0944
191.539 1.569536
192.556 3.145472
193.557 2.631104
194.567 2.521664
195.576 2.51712
196.577 2.23712
197.59 1.772928
198.596 2.029184
199.597 2.970368
200.598 3.025088
201.606 1.291392
202.616 1.03328
203.625 2.057472
204.635 1.68992
205.646 2.313728
206.685 2.07936
207.695 1.274048
208.715 1.685376
209.725 1.52576
