0 1.125184
1.01 0.877848
2.021 0.848896
3.051 0.331336
4.06 1.112768
5.061 0.55456
6.08 0.938432
7.131 1.20652
8.14 0.769456
9.15 0.818192
10.151 1.017824
11.17 0.97336
12.18 1.115264
13.391 1.162856
14.412 0.840056
15.54 0.802544
16.55 0.684032
17.59 0.628096
18.6 0.697112
19.65 1.038008
20.78 1.220304
21.95 1.26436
22.951 1.01292
23.96 0.95864
24.97 0.923016
25.98 0.834144
27.14 1.194496
28.289 1.077984
29.36 1.064512
30.361 1.040608
31.37 0.980256
32.371 1.217352
33.372 0.9156
34.38 0.886488
35.391 0.939064
36.4 1.03912
37.52 1.146136
38.68 1.106848
39.87 1.101568
40.911 1.08124
41.912 0.945024
43.06 1.119376
44.07 0.725344
45.26 1.083976
46.271 1.105352
47.32 1.134872
48.44 1.436432
49.441 1.304312
50.45 1.227448
51.451 1.248288
52.459 1.156496
53.46 1.402104
54.471 1.307408
55.49 1.278352
56.5 1.386576
57.501 1.20424
58.51 1.227992
59.511 1.18588
60.52 1.09584
61.53 1.252592
62.531 1.366568
63.54 1.07528
64.619 1.430672
65.62 1.149768
66.759 1.410488
67.769 1.195768
68.94 1.428896
69.941 0.7914
70.991 0.977064
72.09 1.422264
73.101 1.053248
74.109 1.164952
75.279 1.192488
76.288 1.245656
77.289 1.391264
78.29 1.767888
79.473 3.45244
80.474 0.584512
81.613 1.282368
82.614 1.63024
83.663 1.384472
84.684 1.729936
85.704 2.405816
86.714 2.832512
87.824 3.262016
88.825 4.35528
89.826 2.791536
90.942 3.171256
91.943 4.166184
92.944 3.183664
93.953 3.109416
94.954 4.224272
95.957 3.863184
97.136 4.191304
98.137 3.374488
99.147 3.534232
100.198 4.321424
101.366 3.916576
102.397 3.262136
103.398 4.168944
104.536 3.913672
105.676 4.312408
106.877 3.603904
107.936 3.928768
109.036 3.66548
110.096 3.93292
111.226 3.335632
112.227 3.127416
113.235 3.767176
114.308 3.835152
115.396 3.820032
116.397 4.4214
117.398 3.209192
118.415 3.984072
119.565 4.194432
120.566 3.323232
121.574 4.303464
122.575 3.154504
123.576 3.312496
124.604 3.97588
125.704 4.180088
126.785 3.280112
127.787 3.220352
128.788 3.222
129.794 4.31392
130.795 3.39456
131.803 3.218448
132.805 4.497
133.812 3.05564
134.813 2.728384
135.822 1.705688
136.832 2.246984
137.842 2.263504
138.844 2.974872
139.852 4.122592
140.853 3.2558
141.861 3.075208
142.871 3.869384
143.88 2.87256
144.89 3.226536
145.9 4.79636
146.909 3.983272
148.048 4.083104
149.058 2.95304
150.059 3.5924
151.13 4.07028
152.3 4.101728
153.31 3.30416
154.311 3.107448
155.317 3.879712
156.318 3.558424
157.397 4.2716
158.398 3.243904
159.399 4.033968
160.477 4.262136
161.478 3.538592
162.488 4.461984
163.498 3.428576
164.499 2.988968
165.5 3.247488
166.507 4.259712
167.508 3.348776
168.509 4.273216
169.518 4.277232
170.529 3.72848
171.628 4.11556
172.63 3.103008
173.636 3.316736
174.676 4.07648
175.677 3.547336
176.678 3.11352
177.686 3.315784
178.687 3.072632
179.688 3.324408
180.696 2.9298
181.697 4.346704
182.705 4.095024
183.707 3.069696
184.714 0.131072
194.638 1.522008
195.782 0.043776
196.861 0.043776
198.041 0.043776
199.221 0.021888
200.301 0.05472
201.44 0.065664
203.02 0.043776
204.46 0.032832
205.719 0.021888
206.739 0.032832
207.999 0.065664
209.099 0.065664
