0 3.342464
1.001 3.473792
2.002 2.587328
3.009 3.233024
4.01 3.60512
5.011 3.408128
6.02 3.561344
7.029 2.970368
8.03 2.29184
9.039 0.426816
10.21 1.783872
11.219 2.094848
12.22 1.821248
13.229 1.827648
14.23 1.602368
15.239 1.926144
16.24 1.383488
17.249 1.335168
18.25 1.766528
19.251 1.554048
20.259 1.116288
21.289 0.945728
22.389 1.575936
23.39 1.41632
24.399 1.58688
25.4 1.53216
26.409 1.30688
27.419 1.47744
28.439 0.825352
29.44 1.072512
30.441 1.324224
31.45 1.284992
32.459 1.214784
33.469 1.372544
34.508 1.521216
35.509 1.236672
36.519 1.383488
37.528 1.53216
38.539 1.153664
39.548 0.645696
40.588 0.787968
41.589 1.58048
42.639 1.882368
43.64 1.591424
44.649 0.777024
45.658 1.31328
46.659 1.974464
47.66 2.123136
48.669 1.624256
49.67 1.865024
50.679 1.80576
51.688 1.711808
52.689 2.112192
53.69 1.985408
54.699 2.160512
55.729 2.199744
56.738 1.700864
57.749 2.287296
58.759 1.930688
59.76 2.226176
60.778 2.773376
61.879 2.342016
62.888 1.821248
63.889 2.13408
64.89 1.886912
65.899 1.766528
66.908 2.287296
67.909 2.248064
68.918 1.886904
70.008 1.937088
71.018 1.897856
72.02 1.96992
73.028 1.624256
74.038 1.958976
75.048 1.711808
76.059 1.674432
77.068 1.668032
78.069 1.9152
79.078 1.547648
80.088 1.766528
81.149 1.871424
82.168 1.536704
83.17 2.057472
84.179 1.766528
85.198 2.145024
86.208 1.9088
87.213 1.821248
88.239 1.948032
89.248 1.711808
90.249 1.96992
91.258 1.886912
92.268 2.07936
93.281 1.952576
94.288 1.930688
95.289 1.948032
96.298 1.711808
97.308 2.035584
98.318 1.810304
99.319 1.941632
100.358 2.090304
101.368 1.919744
102.369 2.068416
103.378 1.88676
104.38 1.865176
105.658 1.827648
106.659 1.821256
107.668 2.090304
108.669 1.591424
109.678 1.127232
110.688 0.131072
111.992 3.025344
112.997 2.12768
113.998 2.35296
115.018 1.766528
116.019 1.832192
117.028 2.090304
118.037 2.01824
119.038 2.423168
120.078 1.630656
121.079 1.897856
122.087 2.013696
123.088 2.007296
124.089 1.838592
125.097 1.460096
126.098 2.013696
127.099 1.602368
128.107 2.029184
129.128 1.96992
130.137 0.580032
131.168 0.836288
132.177 0.798912
133.187 0.514368
134.197 0.590976
135.207 0.678528
136.217 0.497024
137.257 1.69632
138.259 1.843136
139.267 2.013696
140.268 1.58048
141.286 2.101248
142.287 2.083904
143.288 1.930688
144.297 2.331072
145.298 2.138624
146.307 2.01824
147.308 1.958976
148.317 1.54764
149.327 1.171008
150.337 0.787968
151.347 1.274048
152.367 2.79072
153.368 2.532608
154.377 2.379392
155.378 3.703616
156.379 2.89376
157.387 2.828096
158.397 2.915648
159.408 2.631104
160.41 2.976768
161.417 3.200192
162.418 2.521664
163.419 3.5504
164.427 3.506624
165.428 2.970368
166.437 2.204288
167.453 2.455976
168.457 2.937304
169.673 3.17856
170.687 3.233024
171.807 2.51712
172.808 2.226176
173.817 2.882816
174.827 2.204296
175.847 2.834496
176.848 2.696768
177.857 2.587328
178.858 2.357504
179.867 2.451456
180.868 2.215232
181.877 2.007296
182.886 2.112192
183.897 2.12768
184.907 2.412224
185.917 2.576384
186.918 2.374848
187.937 2.116736
188.947 2.171456
189.957 2.13408
190.967 2.083904
191.976 2.07296
193.047 2.276352
194.056 2.40128
195.057 2.226176
196.058 2.659392
197.06 2.959424
198.067 2.062016
199.069 2.477888
200.076 2.598272
201.137 2.02464
202.307 2.215232
203.317 2.466944
204.326 2.57184
205.327 2.302776
206.328 2.379392
207.336 2.412224
208.386 2.4624
209.387 1.843136
