0 1.530648
1.015 1.53764
2.016 1.026688
3.023 1.099168
4.032 1.13352
5.044 1.248952
6.052 0.8978
7.063 0.764984
8.064 0.951376
9.076 1.083008
10.103 1.311088
11.107 1.334792
12.115 1.342096
13.128 1.423328
14.148 1.274888
15.16 1.6404
16.168 1.199736
17.212 1.81372
18.228 1.913208
19.419 1.58104
20.572 1.846424
21.579 1.279792
22.591 1.376664
23.764 1.60196
24.772 1.096472
25.776 1.674448
26.796 1.406472
27.803 1.68168
28.963 1.862024
29.964 1.085616
30.975 1.408064
31.979 1.981528
32.99 1.162056
34.225 1.303504
35.357 1.615104
36.366 1.762328
37.377 1.401032
38.388 0.95988
39.396 1.564056
40.401 1.444464
41.417 0.470592
42.429 0.565912
43.792 0.798912
44.809 0.506632
45.821 0.623808
46.832 0.812448
47.84 1.09768
48.853 0.645696
49.872 0.21888
50.905 0.221088
52.053 0.590976
53.076 0.229824
54.128 0.175104
56.224 1.513656
57.236 0.715016
58.269 0.673736
59.276 0.77752
60.297 0.80652
61.308 0.834616
62.309 0.994496
63.32 0.306432
64.328 0.098496
65.381 0.350208
66.389 0.286016
67.4 0.393984
68.428 0.71136
69.433 0.604432
70.453 0.350208
71.484 0.350208
72.485 0.525312
73.512 0.312808
74.517 0.448704
75.525 0.426816
76.536 0.251712
77.544 0.219936
78.547 0.700416
79.567 0.803208
80.575 0.721504
81.607 0.678528
82.619 0.526472
83.727 0.798912
84.739 0.634752
85.76 0.47132
86.779 0.590976
87.8 0.5514
88.812 0.2372
89.899 0.306432
90.903 0.745504
92.023 0.853632
93.043 0.319728
94.051 0.38304
95.055 0.8208
96.063 0.642432
97.071 0.831744
98.087 0.574568
99.106 0.731048
100.107 0.589032
101.115 0.726008
102.138 0.842688
103.158 0.733496
104.159 0.856248
105.166 0.86616
106.167 0.838192
107.238 0.897408
108.25 0.647736
109.259 0.69292
110.262 0.818608
111.35 0.87552
112.363 0.641424
113.371 0.87552
114.382 0.704824
115.434 0.941184
116.455 0.798912
117.462 0.521528
118.474 0.809856
119.487 0.590928
120.514 0.647656
121.655 0.655904
122.666 0.662272
123.858 0.809856
124.877 0.69884
125.885 0.74408
126.89 0.90472
127.897 1.010888
128.898 1.007688
130.01 1.132872
131.022 1.013144
132.062 1.118792
133.069 0.942824
134.07 1.373952
135.073 0.764136
136.081 0.708384
137.094 0.700416
138.106 0.56656
139.134 0.700416
140.153 0.603224
141.165 0.744192
142.173 0.598464
143.178 0.722304
144.185 0.627112
145.198 0.867312
146.206 1.108248
147.209 1.003
148.21 1.171008
149.217 1.07848
150.23 1.036504
151.249 0.970816
152.489 0.744192
153.501 0.54652
154.509 0.768392
155.68 0.732976
156.82 0.777024
157.824 0.54964
158.843 0.4894
159.883 0.623808
160.892 0.65664
161.904 0.442776
162.916 0.262656
163.923 0.142272
165.116 0.558144
166.143 0.123656
167.174 0.32832
168.187 0.426816
169.206 0.517392
170.245 1.315096
171.457 1.497416
172.466 1.092456
173.47 0.82564
174.477 0.864576
175.478 0.984776
176.49 0.935784
177.497 0.608464
178.51 0.733248
179.522 0.430848
180.581 0.60192
181.589 0.415872
182.621 0.213368
183.626 0.38304
184.634 0.361152
185.685 0.349192
186.714 0.459648
187.733 0.459648
188.734 0.389568
189.753 0.536256
190.765 0.452392
191.774 0.5472
192.785 0.296984
193.798 0.426816
194.818 0.481536
195.838 0.319688
196.878 0.251712
197.909 0.196992
198.942 0.22928
200.162 0.153216
201.249 0.10944
202.362 0.766416
203.493 0.768488
204.512 0.914648
205.733 0.94072
206.745 0.888408
207.764 0.88172
208.771 1.159904
209.772 1.158864
