0 2.825704
1.059 3.77568
2.06 3.144856
3.079 3.106792
4.08 3.137544
5.081 2.92936
6.095 3.052144
7.099 3.015696
8.1 3.25216
9.109 3.409936
10.11 3.565464
11.24 3.863232
12.249 3.243664
13.251 3.218496
14.269 3.579312
15.27 3.193672
16.289 3.102112
17.29 2.129632
18.3 2.155968
19.308 1.772584
20.309 2.057472
21.319 1.591632
22.329 2.12328
23.33 1.904256
24.339 1.37496
25.348 1.171008
26.358 1.302336
27.388 0.721496
28.389 0.98496
29.398 1.247616
30.408 1.108432
31.409 1.335168
32.418 1.368
33.419 1.043456
34.428 1.324224
35.429 1.12848
36.448 0.842688
37.488 0.755136
38.508 0.43776
39.538 0.536256
40.548 0.388256
41.928 0.65664
42.938 0.38304
44.058 0.870712
45.068 1.395768
46.188 1.374152
47.308 1.625832
48.309 1.43328
49.318 1.372936
50.338 1.215056
51.348 1.299176
52.478 1.791824
53.479 1.40384
54.488 1.570304
55.498 1.69632
56.508 1.230496
57.518 1.081752
58.668 1.236672
59.678 0.61212
60.817 0.393984
61.819 0.142272
62.889 0.448704
63.898 0.087552
65.018 1.17172
66.027 0.71136
67.057 0.448312
68.068 0.525312
69.087 0.7296
70.088 0.634752
71.097 0.612864
72.106 0.33636
73.216 0.976752
74.236 0.480872
75.367 0.733248
76.376 0.686144
77.406 0.634752
78.425 0.606488
79.426 0.963112
80.436 1.055704
81.446 0.777016
82.454 0.695688
83.464 0.678528
84.465 0.5472
85.474 0.626352
86.475 0.569088
87.493 0.56864
88.533 0.534312
89.556 0.38304
90.563 0.336456
91.843 0.689472
92.863 0.927336
93.884 0.827576
94.892 0.84644
95.934 0.8208
96.942 0.065664
97.955 0.19392
98.992 0.787968
100.022 0.43076
101.042 0.142272
102.172 0.631496
103.182 0.429792
104.372 0.229824
105.402 0.16416
106.432 0.276296
107.452 0.354296
108.475 0.440608
109.512 0.372096
110.522 0.292736
111.542 0.295488
112.562 0.258328
114.342 0.393984
115.372 0.2106
117.152 0.514368
118.172 0.50168
119.181 0.664296
120.191 0.688432
121.201 0.946568
122.261 1.002552
123.31 1.018736
124.33 1.189928
125.34 1.230296
126.36 1.115912
127.37 0.638032
128.39 0.703376
129.471 0.809856
130.489 0.629144
131.498 1.074552
132.559 1.412968
133.569 1.856928
134.578 1.979384
135.59 1.88792
136.608 2.30456
137.778 2.396736
138.779 1.973032
139.787 2.035184
140.797 1.98928
141.798 2.136504
142.807 1.87228
143.809 2.014568
144.816 1.836112
145.826 2.528064
146.827 1.919544
147.836 2.08628
148.837 1.947856
149.935 1.937088
150.946 1.454696
151.947 1.6416
152.954 0.969696
153.955 1.127232
154.965 1.181496
155.987 1.510272
157.005 1.09964
158.006 1.31328
159.014 1.368
160.024 1.24748
161.025 2.155968
162.035 1.648728
163.045 1.772928
164.054 1.487456
165.055 1.546008
166.065 1.571944
167.074 1.968512
168.244 2.210688
169.245 1.958592
170.254 1.61272
171.272 1.083456
172.292 0.985016
173.303 1.160064
174.312 0.52224
175.341 0.700416
176.351 0.558144
177.362 1.176216
178.371 1.0688
179.372 1.718208
180.39 0.322576
181.441 0.43776
182.47 0.798912
183.48 0.722304
184.489 0.668488
185.508 0.809856
186.518 0.864576
187.528 0.427072
188.538 0.689472
189.576 0.448704
190.597 0.481536
191.657 0.284544
192.717 0.196992
194.247 0.973224
195.248 1.85144
196.257 1.012576
197.297 1.32124
198.307 1.276416
199.487 1.326904
200.498 1.357904
201.507 1.136024
202.518 1.015136
203.538 0.801592
204.587 0.974016
205.597 0.905744
206.606 0.93024
207.616 0.301072
208.636 0.525312
209.637 1.20332
