0 0.28296
1.211 0.350208
2.239 0.237144
3.26 0.44036
4.469 0.529584
5.479 0.607784
6.489 0.702072
7.509 0.795048
8.519 1.299008
9.529 1.291192
10.659 1.319448
11.669 1.018784
12.679 0.512344
13.688 1.030488
14.818 0.863856
15.838 0.825992
17.039 1.149232
18.138 1.4124
19.139 1.216752
20.148 0.649768
21.158 0.865464
22.168 0.477104
23.338 0.733912
24.38 0.265704
25.398 0.44168
26.608 0.448704
27.618 0.597064
28.638 0.91968
29.639 0.955008
30.648 1.114848
31.818 1.36212
32.837 1.274576
33.847 1.063696
34.85 0.786696
35.857 1.10796
36.858 1.045984
37.867 1.08252
38.877 1.089136
39.878 1.169784
40.967 1.638904
41.969 1.606576
42.977 1.473816
44.147 1.677808
45.149 1.444112
46.167 0.826704
47.169 1.302632
48.177 1.398704
49.227 1.361392
50.257 1.483776
51.267 1.426776
52.347 1.44684
53.537 1.761248
54.729 1.708784
55.857 1.63752
56.967 1.7634
58.108 1.765064
59.298 1.888432
60.299 1.538872
61.308 1.89984
62.378 1.672672
63.568 1.60248
64.569 1.580832
65.708 1.45012
66.898 1.517632
67.899 1.596832
68.917 1.0024
69.978 1.252744
71.117 1.221048
72.187 1.162248
73.298 1.329672
74.458 1.26996
75.548 1.379672
76.558 1.2948
77.628 1.633872
78.629 1.567744
79.637 1.509448
80.64 1.772304
81.648 1.34756
82.657 1.360008
83.819 1.37472
84.987 1.642176
85.988 1.591816
86.997 1.277536
88.127 1.21256
89.138 0.94748
90.217 1.507552
91.219 1.386056
92.407 1.460824
93.417 1.006136
94.447 1.231368
95.517 1.225008
96.567 1.508392
97.727 1.23556
98.767 1.527384
99.857 1.40872
100.858 1.425304
101.938 1.637512
102.968 1.717568
104.085 1.96684
105.087 1.106752
106.097 1.425024
107.098 1.701896
108.108 1.886496
109.118 1.678912
110.197 1.9344
111.387 1.651024
112.439 1.44404
113.566 1.44624
114.567 1.74592
115.758 1.411616
116.806 1.846584
117.815 1.564424
118.845 1.59404
119.846 1.421336
120.865 0.976136
121.867 1.607264
123.055 1.836128
124.165 1.465768
125.254 1.501496
126.255 1.40684
127.256 1.16812
128.265 1.362528
129.464 1.543456
130.495 1.584016
131.544 1.591264
132.545 1.236264
133.554 1.14196
134.604 1.447296
135.724 1.574832
136.824 1.617008
137.973 1.692464
139.122 1.185752
140.141 0.949
141.142 1.14928
142.152 0.972392
143.172 0.809296
144.181 1.210952
145.182 1.28736
146.201 0.989152
147.211 0.770024
148.221 0.968208
149.411 1.175944
150.413 0.979848
151.421 0.790192
152.422 1.079752
153.423 1.441472
154.561 1.010352
155.662 1.185848
156.671 1.481376
157.672 1.596584
158.681 1.331168
159.811 1.451096
160.82 1.251344
161.9 1.566952
162.989 1.753992
164.119 1.666696
165.12 1.217312
166.182 1.475576
167.27 1.309056
168.349 1.338928
169.419 1.400304
170.449 1.50272
171.45 1.2462
172.451 1.32688
173.459 1.090216
174.509 1.237544
175.511 1.270944
176.52 1.38936
177.529 1.077544
178.679 1.04712
179.709 1.223416
180.711 1.233632
181.719 1.25544
182.909 1.445336
184.08 0.917936
185.089 0.917936
186.149 0.793576
187.229 0.904024
188.399 0.98136
189.407 0.6986
190.408 0.616336
191.427 0.56672
192.508 0.932504
193.51 0.471088
194.518 0.553216
195.547 0.404928
196.587 0.131072
197.591 0.057984
201.527 0.2736
202.538 0.356504
203.968 0.53596
205.008 0.525312
206.017 0.119392
207.028 0.505064
208.377 0.602912
209.518 1.208488
