0 0.098496
1.02 0.098496
2.08 0.10944
3.19 0.10944
4.259 0.098496
5.29 0.098496
6.32 0.43136
7.33 1.0944
8.34 1.138176
9.36 0.901952
10.361 0.831744
11.37 0.93024
12.39 0.809856
13.42 0.617408
14.43 0.76608
15.45 0.853632
16.46 0.678528
30.564 0.755136
31.565 1.886912
32.566 2.554496
33.574 2.013696
34.575 2.434112
35.585 1.492928
36.594 1.827648
37.604 2.652984
38.605 2.7296
39.609 2.576384
40.614 2.817152
41.654 3.053376
42.655 2.915648
43.656 2.762432
44.664 2.696768
45.665 2.007296
46.674 2.937536
47.734 2.987712
48.735 2.773376
49.745 2.860928
50.746 2.598272
51.758 2.532608
52.764 2.320128
53.774 1.449152
54.784 1.400832
55.794 1.657088
56.795 2.265408
57.805 2.226176
58.814 2.445056
59.815 2.160512
60.824 2.35296
61.834 2.215232
62.835 2.1824
63.843 2.51712
64.844 1.897856
65.845 1.908808
66.864 2.659392
67.874 2.379392
68.884 2.423168
69.885 2.313728
70.894 1.740096
71.913 1.68992
72.914 2.473344
73.923 1.613312
74.933 1.6416
75.934 1.230272
76.943 1.707264
77.945 1.536704
78.954 2.090304
79.973 1.547648
80.974 1.685376
81.986 1.558592
82.993 1.816704
84.003 1.394432
85.013 1.543104
86.014 1.219328
87.023 1.378944
88.025 0.043776
89.374 0.131072
94.989 0.799168
105.17 0.551744
106.53 0.689472
107.54 0.49248
108.55 0.415872
109.583 0.043776
111.39 0.5472
112.41 1.079768
113.42 0.938472
114.43 0.995904
115.44 1.324224
116.441 1.131776
117.45 1.006848
118.46 0.919296
119.47 0.901952
120.471 1.14912
121.482 0.645696
122.49 0.733248
123.51 0.59552
124.53 0.798912
125.54 0.744192
126.55 0.853632
127.561 0.48608
128.59 0.21888
139.13 1.346112
140.14 1.378944
141.15 0.70496
142.16 1.926144
143.161 1.646144
144.17 1.0944
145.231 1.6352
146.24 1.849536
147.25 1.657088
148.26 1.838592
149.261 1.657088
150.262 2.002752
151.27 1.843136
152.271 1.958976
153.28 1.79936
154.281 1.657088
155.29 1.652544
156.291 0.131072
157.294 2.926848
158.3 1.733696
159.38 1.729152
160.39 1.547648
161.47 1.564992
162.48 1.630656
163.5 1.481984
164.501 1.554048
165.509 1.405376
166.51 1.53216
167.52 1.30688
168.529 1.521216
169.54 1.514816
170.559 1.466496
171.57 1.41632
172.61 1.368
173.62 1.368
174.629 1.164608
175.639 0.995904
176.649 0.8208
177.659 0.60192
178.669 0.256256
179.679 0.295488
180.689 0.514368
181.69 0.952128
182.699 0.974016
183.701 0.672128
184.72 1.083456
185.729 1.236672
186.74 1.328768
187.76 1.455552
188.769 1.284992
189.799 1.608768
190.8 1.554048
191.819 1.438208
192.829 1.181952
193.84 0.792512
194.849 0.919296
195.859 1.389888
196.86 1.383488
197.879 1.31328
198.889 1.192896
199.89 0.967616
200.899 1.105344
201.919 1.116288
202.929 0.967616
203.949 1.269504
204.969 1.291392
205.979 0.912896
206.989 1.225728
207.999 1.181952
209.009 0.912896
