0 0.895392
1.01 1.004088
2.011 0.913056
3.132 1.092152
4.351 0.754688
5.381 0.331568
6.601 0.382976
7.641 0.315392
8.661 0.2918
9.741 0.382976
10.771 0.157696
12.311 0.657024
13.332 0.39676
14.351 0.304128
15.362 0.241104
16.412 0.477992
17.492 0.416768
18.522 0.24296
19.523 0.465608
20.532 0.622392
21.533 0.377328
22.583 0.202752
23.643 0.135168
24.783 0.123416
25.793 0.268408
26.794 0.363992
27.843 0.3772
28.855 0.382976
29.873 0.322232
30.894 0.33792
31.904 0.207424
34.935 0.335984
35.944 0.609576
36.954 0.432784
37.976 0.360448
39.005 0.214016
40.075 0.137168
41.085 0.292864
42.115 0.304128
43.145 0.251032
44.299 0.214016
45.305 0.191488
46.356 0.090112
47.416 0.387232
48.636 0.33792
49.676 0.292864
50.677 0.205344
51.697 0.22528
52.736 0.202752
53.737 0.146432
54.777 0.090112
56.207 0.033792
60.697 0.274448
61.747 0.22528
62.768 0.246744
63.788 0.429128
64.799 0.463928
65.808 0.576784
66.809 0.38652
67.819 0.297368
68.839 0.356016
69.939 0.605736
71.029 0.371712
72.1 0.288768
75.529 0.32604
76.55 0.460768
77.589 0.687104
78.59 0.66072
79.6 0.72916
80.7 1.029112
81.71 0.868336
82.72 1.256656
83.831 1.15156
84.832 0.982016
85.841 1.024456
86.847 1.695944
88.071 1.06892
89.081 0.878592
90.091 0.77884
91.092 0.495616
99.542 0.20416
100.552 0.456992
101.602 0.6018
102.623 0.657712
103.643 0.793528
104.653 1.285552
105.863 1.137096
107.034 1.081312
108.133 0.979968
109.143 0.913008
110.144 0.943448
111.154 0.794088
112.174 0.554008
113.194 0.551936
114.204 0.372168
115.214 0.495616
117.365 0.583496
118.405 0.371712
119.415 0.33792
120.455 0.349184
121.465 0.317168
122.505 0.492536
123.518 0.527464
124.536 0.536496
125.545 0.43916
126.686 0.47024
127.766 0.979248
128.846 0.840568
129.856 0.65136
130.858 0.527184
131.867 0.368568
132.877 0.247808
135.907 0.540688
136.927 0.259072
137.977 0.22176
138.997 0.349184
140.007 0.413808
141.017 0.682888
142.068 1.4294
143.268 1.244368
144.518 1.066456
145.524 0.905568
146.834 1.08176
147.839 0.798968
148.859 0.39424
149.888 0.21536
150.909 0.22528
151.959 0.247808
152.969 0.297064
154.189 0.371712
155.209 0.466568
156.22 0.48372
157.23 0.449184
158.24 0.54184
159.35 0.595736
160.45 0.645768
161.47 0.585208
162.48 0.505008
163.525 0.362072
164.731 0.495616
165.741 0.437024
166.77 0.158376
169.681 0.24588
170.692 0.315896
171.711 0.336512
172.802 0.462024
173.813 0.532968
174.866 0.534544
175.952 0.512544
176.954 0.979432
178.173 0.765952
179.182 0.473552
186.58 0.264816
187.61 0.50688
188.62 0.577152
189.63 0.939192
190.731 1.239512
191.741 1.220048
192.769 0.96608
193.771 1.337328
194.772 0.8586
195.791 1.272544
196.792 1.762904
197.793 1.336496
198.794 1.142688
199.812 1.10748
200.813 1.272832
201.822 1.418904
202.824 1.566752
203.832 1.914992
204.953 2.285344
205.954 3.046056
206.963 3.556288
207.972 2.950168
208.983 3.354256
209.984 2.882672
