0 0.950104
1.018 0.566544
2.023 0.32832
3.083 0.207936
4.093 0.131328
5.113 0.142272
6.223 0.10944
7.243 0.142272
8.303 0.153216
9.323 0.111728
12.114 0.098496
15.453 0.142272
16.533 0.043776
17.823 0.298712
18.834 0.195056
19.835 0.372096
20.953 0.170944
21.956 1.259424
22.964 0.722896
23.974 0.814744
24.995 0.527432
26.003 0.555928
27.014 0.33676
28.023 0.350208
29.024 0.089752
30.044 0.634752
31.054 0.787104
32.114 1.238808
33.224 1.36064
34.374 0.955968
35.384 1.37068
36.405 1.565632
37.413 1.232072
38.415 1.48012
39.428 1.431056
40.638 1.36264
41.678 1.389368
42.898 1.247616
43.917 0.746896
44.927 0.798048
45.997 0.689472
47.027 0.77196
48.037 1.081512
49.047 1.078256
50.057 0.9962
51.077 0.770272
52.137 1.280448
53.147 1.108032
54.148 1.157992
55.158 1.044
56.168 0.894392
57.177 0.961304
58.188 0.689472
59.197 0.468776
60.207 0.950416
61.317 1.652544
62.325 1.39264
63.328 1.635536
64.337 1.476232
65.338 1.3332
66.346 1.324224
67.356 0.941984
68.366 0.415872
69.376 0.38304
70.51 0.131072
72.005 1.900616
73.013 1.187624
74.033 1.081976
75.043 1.132008
76.053 1.482088
77.233 1.466496
78.243 0.982216
79.253 0.837928
80.264 1.385712
81.273 0.415872
82.293 0.595768
83.303 0.758784
84.313 0.974736
85.323 0.580032
86.333 0.44072
87.343 0.908352
88.353 0.716128
89.363 1.15448
90.394 1.050624
91.412 0.289784
92.602 0.448704
93.612 0.722304
94.632 0.645808
95.652 0.655848
96.662 0.8438
97.813 0.860168
98.823 0.851392
99.831 0.965072
100.852 1.120616
101.862 1.276072
102.872 1.336272
103.882 1.2136
104.902 1.419096
105.912 1.517912
106.922 1.809376
108.072 1.543104
109.082 1.028416
110.092 1.466496
111.112 1.334944
112.122 1.583032
113.142 1.624312
114.162 1.171008
115.172 0.787968
116.202 0.493448
117.208 0.580032
118.218 0.831744
119.228 0.550152
120.238 0.612864
121.248 0.612864
122.266 0.49336
123.276 0.448704
124.306 0.5472
125.316 0.494656
126.326 0.700416
127.334 0.514368
128.354 0.317376
129.374 0.10508
130.474 0.426816
131.494 0.71752
132.496 1.002912
133.506 1.056928
134.517 1.063272
135.537 1.115424
136.546 0.962568
137.547 1.466496
138.558 1.411248
139.568 1.405024
140.968 1.20384
141.978 1.069352
142.993 1.329128
143.998 1.734896
145.008 2.016448
146.218 2.13408
147.228 1.225
148.245 1.444608
149.265 0.902584
150.275 1.324224
151.285 1.072056
152.295 1.25856
153.298 0.830192
154.308 0.98496
155.318 0.886464
156.328 0.131072
157.599 1.014296
158.608 0.251712
159.678 0.175104
160.758 0.10944
161.908 0.065664
162.978 0.021888
195.63 0.569088
196.709 0.536256
197.729 0.755136
198.731 0.036856
200.124 0.415872
201.125 0.761504
202.155 0.676496
203.165 0.720904
204.174 0.604672
205.295 0.804776
206.315 0.74564
207.465 0.714664
208.495 0.50408
209.525 0.428888
