0 0.536136
1.129 0.584864
2.359 0.610672
3.589 0.404928
4.599 0.366776
5.608 0.281576
6.689 0.607328
7.699 0.753648
8.719 0.71252
9.739 0.596592
10.828 0.764808
11.829 0.715832
12.839 0.678184
13.979 0.828704
15.119 0.917584
16.289 0.777984
17.298 0.64084
18.309 0.79568
19.319 0.52012
20.329 0.86728
21.349 0.534344
22.378 0.561136
23.568 0.599888
24.577 0.683712
25.587 0.568408
26.647 0.475728
27.657 0.546992
28.687 0.634736
29.867 0.502944
30.868 0.520608
31.888 0.410344
32.918 0.392648
33.927 0.317376
34.937 0.221064
35.957 0.087552
37.199 0.762568
38.227 0.846848
39.238 0.757152
40.287 1.033656
41.288 0.913872
42.398 1.024088
43.578 0.954928
44.608 0.897616
45.618 1.016952
46.627 0.900848
47.628 1.051616
48.637 1.084528
49.677 1.463048
50.768 1.247656
51.937 1.153608
53.047 1.037976
54.048 1.390656
55.049 1.21584
56.068 1.217656
57.079 1.155976
58.088 1.034784
59.097 1.26484
60.118 1.41076
61.119 0.876328
62.126 0.810696
63.136 0.961528
64.256 1.084592
65.266 0.736816
66.366 0.768688
67.375 0.66408
68.376 0.521504
69.406 0.671232
70.415 0.375808
71.426 0.240768
72.486 0.281968
73.505 0.567128
74.506 0.346728
75.546 0.38304
76.576 0.23516
77.595 0.38304
78.616 0.319408
79.656 0.494184
80.665 0.304192
81.694 0.2736
82.996 0.535344
84.024 0.497384
85.044 0.318216
86.116 0.229824
87.144 0.196992
88.156 0.277344
89.164 0.207936
90.324 0.042728
91.665 0.448704
92.684 0.356816
93.685 0.558056
94.704 0.6798
95.835 0.687792
96.844 0.808448
97.959 0.966944
98.963 0.57356
99.974 0.7156
100.984 0.773936
101.995 0.533512
103.063 0.501752
104.073 0.556568
105.083 0.67348
106.204 1.131784
107.213 0.927344
108.214 1.099016
109.413 1.07552
110.422 1.0998
111.562 0.923496
112.613 1.076984
113.614 0.881888
114.772 0.712288
115.782 0.694336
116.794 0.55468
117.802 0.6562
119.003 0.531024
120.172 0.415872
121.212 0.156688
122.313 0.394072
123.442 0.788336
124.453 0.647216
125.582 0.404928
126.593 0.412096
127.602 0.338576
128.612 0.361288
129.662 0.415872
130.682 0.21832
131.812 0.284544
132.842 0.283872
134.793 0.593464
135.802 0.240768
136.822 0.166584
137.842 0.186048
140.394 0.402624
141.441 0.120384
142.762 0.098496
144.261 0.358944
145.451 0.558144
146.481 0.296936
147.501 0.503424
148.511 0.269792
149.551 0.339264
150.571 0.35864
151.87 0.448704
152.879 0.229824
153.93 0.12584
155.03 0.153216
156.059 0.302808
157.078 0.483096
158.389 0.415872
159.408 0.420016
160.418 0.457624
161.658 0.38304
162.667 0.415072
163.677 0.677696
164.687 0.508856
165.718 0.536256
166.728 0.179016
167.758 0.16416
168.837 0.142272
169.847 0.160848
170.887 0.251712
171.907 0.271048
173.177 0.508984
174.468 0.448704
175.486 0.269488
176.506 0.32832
177.513 0.16296
178.568 0.306432
179.587 0.222696
180.606 0.251712
181.628 0.226808
182.827 0.426816
183.836 0.297456
184.856 0.306432
185.907 0.17212
186.916 0.2736
187.988 0.259664
189.016 0.371248
190.316 0.350208
191.356 0.203768
192.376 0.295488
193.396 0.120448
194.406 0.175104
195.466 0.087552
196.636 0.141192
197.936 0.306432
198.956 0.240768
199.966 0.170616
200.976 0.098496
202.016 0.322448
203.206 0.538936
204.436 0.500776
205.467 0.229824
207.176 0.73168
208.186 0.31948
209.196 0.153216
