0 0.634752
1.01 0.48608
2.03 0.448704
3.569 0.361152
4.581 0.284544
5.59 0.131328
13.712 1.608768
14.713 1.449152
15.715 2.248064
16.722 2.440512
17.733 2.149568
18.743 2.062016
19.752 2.35296
20.753 1.821248
21.754 2.068416
22.762 1.755584
23.763 2.062016
24.773 2.51712
25.782 2.434112
26.783 2.652992
27.793 2.685824
28.795 2.521664
29.802 2.998656
30.803 2.7296
31.813 2.685824
32.815 2.466944
33.822 1.926144
34.832 0.70496
35.833 0.8208
36.854 0.426816
37.862 0.503424
38.872 0.733248
39.893 0.43136
40.902 0.678528
41.912 0.809856
42.941 0.623808
43.951 0.777024
44.98 0.661184
45.991 0.941184
47.022 1.455552
48.024 2.488832
49.031 2.12768
50.032 2.423168
51.112 2.342016
52.122 2.040128
53.131 2.248064
54.141 2.68128
55.142 2.34656
56.151 2.379392
57.152 2.56544
58.171 2.615616
59.172 2.138624
60.181 2.138624
61.182 2.35296
62.191 1.96352
63.201 1.843136
64.21 1.674432
65.211 1.481984
66.212 1.236672
67.22 0.481536
68.24 0.481536
69.314 2.445056
70.321 0.853632
71.33 0.974016
72.35 0.190592
73.355 2.101248
74.37 1.3616
75.371 1.389888
76.384 1.5586
77.451 2.101248
78.452 1.832192
79.46 1.488384
80.479 1.120832
81.511 1.619712
82.52 1.766528
83.529 2.090304
84.53 2.171456
85.55 2.193344
86.6 2.363904
87.606 2.01824
88.619 1.554048
89.628 0.97856
90.649 1.575936
91.668 1.678976
92.678 2.823552
93.679 1.974464
94.699 1.378944
95.718 0.945728
96.719 1.31328
97.73 1.219328
98.739 2.232576
99.758 1.624256
100.768 1.575936
101.769 1.897856
102.778 2.335616
103.939 1.80576
104.958 1.492928
105.968 1.499328
106.969 0.131072
108.072 3.386496
109.078 1.919744
110.088 2.210688
111.089 1.646144
112.098 1.575936
113.108 1.47104
114.118 1.346112
115.128 1.372472
116.138 1.324224
117.158 0.481536
118.168 0.295488
119.208 0.71136
120.218 1.416392
121.219 1.958976
122.228 1.613312
123.238 1.761984
124.239 1.547648
125.247 1.619712
126.248 1.328768
127.249 2.160512
128.258 2.123136
129.259 2.248064
130.26 1.991808
131.268 1.066112
132.277 0.755136
133.287 0.645696
134.297 0.956672
135.397 1.357056
136.398 1.707264
137.407 1.68992
138.408 1.85408
139.409 1.9152
140.418 2.1824
141.419 2.254464
142.427 2.149568
143.438 2.171456
144.439 2.177856
145.448 1.295936
146.45 1.783872
147.457 1.536704
148.458 1.564992
149.468 1.624256
150.469 1.707264
151.477 1.52576
152.478 1.630656
153.479 1.657088
154.488 1.991808
155.511 1.569536
156.517 1.974464
157.587 2.342016
158.589 2.248064
159.59 2.729592
160.607 2.532608
161.608 2.528064
162.617 2.062016
163.618 1.941632
165.397 1.904256
166.408 1.372544
167.417 2.057472
168.418 1.897856
169.428 2.101248
170.437 1.832192
171.439 2.105792
172.448 2.166912
173.457 1.930688
174.459 2.652992
175.467 2.549952
176.478 1.613312
177.479 2.013696
178.487 2.226176
179.489 2.248064
180.497 1.718208
181.499 1.503872
182.507 2.160512
183.508 2.221632
184.517 2.259008
185.518 2.248064
186.519 2.506176
187.527 2.642048
188.55 3.572288
189.557 3.2768
190.558 2.40128
191.567 2.642048
192.568 3.11264
193.569 2.817152
194.577 2.451456
195.578 2.116736
196.579 3.211136
197.598 2.78432
198.599 2.34656
199.608 2.62656
200.617 2.456
201.618 1.6352
202.627 2.123136
203.628 2.379392
204.637 2.576384
205.638 2.587328
206.639 2.221632
207.647 1.996352
208.648 2.62016
209.657 3.134528
