0 3.594176
1.001 3.046976
2.003 3.375296
3.019 2.576384
4.028 3.0032
5.029 3.233024
6.038 3.134528
7.119 4.26176
8.125 2.773376
9.126 2.78432
10.225 3.287744
11.346 3.265856
12.384 3.2768
13.464 2.922048
14.465 1.843136
15.474 2.718656
16.475 2.521664
17.476 3.101696
18.584 3.239424
19.585 2.926592
20.586 2.817152
21.594 2.762432
22.596 2.663936
23.604 2.718656
24.606 2.642048
25.614 3.053376
26.615 3.401728
27.695 3.977216
28.696 3.38624
29.697 3.375296
30.705 3.802112
31.706 3.090752
32.707 3.298688
33.714 2.7296
34.715 2.78432
35.716 2.867328
36.717 2.817152
37.724 2.926592
38.725 2.904712
39.726 3.462848
40.727 3.845888
41.734 3.298688
42.736 3.156416
43.744 3.189248
44.745 3.11264
45.746 3.999104
46.747 2.959424
47.754 3.828544
48.864 3.703616
49.874 3.616064
50.875 0.725232
51.562 0.945264
52.574 0.90796
53.581 0.851584
54.593 0.824272
55.601 0.964192
56.833 0.973688
57.841 0.749136
58.853 1.046704
59.861 1.059472
60.873 0.967408
61.881 1.0464
62.883 1.008168
63.885 1.174056
64.901 1.214784
65.921 0.875088
66.941 0.958768
67.953 0.952528
68.961 1.0142
69.981 1.14472
70.997 0.928296
72.001 0.901248
73.021 1.181952
74.033 0.915312
75.061 1.280448
76.074 1.001992
77.081 1.144328
78.101 0.99688
79.113 1.150648
80.213 1.299112
81.373 1.399184
82.601 1.368
83.613 1.064424
84.621 1.175528
85.626 1.466496
86.633 0.881384
87.637 1.236672
88.641 1.054008
89.649 1.25856
90.654 0.89776
91.681 0.934248
92.693 1.247616
93.701 1.025144
94.705 1.42272
95.714 1.064256
96.734 0.903064
97.741 1.346112
98.749 1.04484
99.753 1.230136
100.841 1.455552
101.846 1.106712
102.861 1.061024
103.874 0.87552
104.877 0.870112
105.881 1.192896
106.894 0.8208
107.917 0.234512
108.933 1.14912
109.941 0.886464
110.942 0.237816
111.974 0.229824
113.181 0.361152
114.193 0.874192
115.233 1.127232
116.241 0.735
117.254 1.050624
118.301 0.10944
119.741 0.076608
121.094 1.054672
122.106 0.921392
123.114 0.93024
124.121 0.776224
125.134 1.114704
126.153 0.393984
127.218 0.186048
128.232 0.2736
129.233 0.087552
130.24 0.26776
131.273 0.590976
132.28 0.736176
133.472 0.87552
134.48 0.517552
135.712 0.448704
136.741 0.590976
137.752 0.521592
138.76 0.514368
139.781 0.38304
140.813 0.175104
141.892 0.28964
142.951 0.777024
143.959 0.667352
145.132 0.590976
146.14 0.678528
147.151 0.709568
148.159 0.733248
149.172 0.447464
150.179 1.20384
151.18 1.310488
152.299 1.555208
153.311 1.390016
154.371 1.028736
155.383 0.429896
156.619 0.65664
157.635 0.689992
158.639 1.03968
159.664 0.755136
160.671 0.798352
161.672 1.083456
162.679 0.743896
163.692 1.01504
164.772 0.963072
165.792 0.925552
166.904 1.083456
167.911 0.874632
168.92 1.467752
169.931 1.524288
171.071 1.761984
172.072 1.190992
173.092 1.329832
174.139 1.685376
175.143 1.592088
176.371 1.575936
177.372 1.207544
178.379 1.261672
179.392 1.11664
180.399 1.443352
181.499 1.335168
182.515 1.083456
183.519 0.641632
184.532 1.050624
185.551 0.550744
186.552 1.101208
187.559 1.379992
188.583 1.651888
189.592 1.568464
190.604 1.623176
191.612 1.58788
192.623 2.0704
194.092 2.068416
195.1 1.734968
196.103 1.725256
197.104 1.803816
198.172 1.732008
199.271 0.831744
200.279 0.700416
201.287 0.972304
202.499 1.444608
203.5 1.42272
204.503 1.148096
205.511 1.646984
206.524 0.895464
207.532 1.389888
208.539 1.119312
209.54 0.983536
