0 1.130944
1.025 1.150608
2.03 1.060704
3.05 0.812328
4.147 0.943208
5.15 1.024128
6.151 1.078528
7.162 0.930312
8.18 1.195304
9.19 0.83232
10.191 1.145632
11.301 1.261384
12.389 1.260664
13.399 1.076712
14.409 1.219192
15.559 1.206432
16.569 0.955672
17.58 0.92324
18.588 1.220792
19.699 1.232712
20.709 0.858632
21.718 0.992784
22.728 1.177256
23.739 1.217472
24.897 1.0458
25.918 1.262408
26.928 1.199768
27.938 1.122112
28.947 1.264056
30.018 1.244216
31.068 1.379656
32.069 1.0764
33.118 1.365272
34.119 1.096472
35.126 1.106464
36.277 0.62692
36.752 1.543104
37.763 1.58688
38.764 1.317824
39.772 1.346112
40.782 1.131776
41.792 1.31328
42.802 1.378944
43.812 1.263104
44.827 1.554048
45.832 1.339712
46.833 1.324224
47.844 1.25856
48.852 1.011392
49.862 1.192896
50.863 1.098944
51.942 1.138176
52.952 1.214784
53.972 0.967616
54.982 0.98496
55.992 0.809856
57.002 0.87552
58.012 0.715904
59.022 0.733248
60.043 0.590976
61.052 0.49248
62.072 0.481536
63.082 0.415872
64.085 0.409472
65.443 0.295488
66.452 0.38304
67.462 0.372096
68.502 0.359808
69.532 0.460992
70.571 0.404928
71.591 0.350208
72.622 0.49248
73.641 0.420408
74.652 0.60192
75.661 0.448704
76.681 0.49248
77.712 0.470592
78.741 0.372096
79.751 0.393984
80.761 0.32192
81.772 0.514368
82.801 0.459648
83.821 0.393984
84.822 0.372096
86.041 0.623808
87.044 0.32832
88.061 0.48192
89.091 0.485696
90.092 0.558144
91.121 0.240768
104.905 0.65664
105.906 1.138176
106.926 1.000448
107.945 1.302336
108.946 1.19744
109.956 1.291392
110.967 1.14912
111.975 0.131072
112.979 1.339968
113.984 0.426816
115.014 0.525312
116.034 0.580032
117.035 0.689472
118.044 0.464192
119.054 0.580032
120.074 0.350208
121.094 0.251712
122.104 0.284544
123.134 0.295488
124.154 0.262656
125.155 0.2736
126.164 0.284544
127.184 0.284544
128.194 0.262656
129.204 0.10304
130.214 0.032832
131.325 0.021888
135.024 0.076608
136.036 0.251712
137.074 0.32832
138.084 0.49248
139.124 0.787968
140.125 0.809856
141.134 0.606464
142.144 0.361152
143.184 0.21888
144.194 0.175104
145.264 0.153216
146.274 0.10944
147.284 0.05472
173.157 0.700416
174.167 0.974016
175.177 0.748736
176.178 1.005504
177.197 1.238016
178.198 1.295936
179.207 1.510272
180.208 1.41632
181.217 1.6416
182.218 1.52576
183.227 1.652544
184.237 1.514816
185.247 1.958976
186.257 1.755584
187.267 2.1888
188.268 2.171456
189.269 2.368448
190.27 1.6416
191.317 2.171456
192.327 1.904256
193.328 1.930688
194.337 1.886912
195.357 1.378944
196.367 1.25856
197.368 1.164608
198.387 1.619712
199.388 0.836288
200.397 0.809856
201.407 0.886464
202.417 1.503872
203.457 2.035584
204.467 1.68992
205.477 2.057472
206.487 1.47104
207.488 1.554048
208.497 0.777024
209.517 0.75968
