0 0.55224
1.01 0.626024
2.02 0.487368
3.04 0.536256
4.05 0.285864
5.07 0.339264
6.11 0.32832
7.13 0.276648
8.131 0.558144
9.14 0.405472
10.15 0.415872
11.18 0.343296
12.19 0.432656
13.21 0.505584
14.22 0.400456
15.23 0.617752
16.241 0.762136
17.251 0.727128
18.259 0.685456
19.399 0.657304
20.409 0.50088
21.428 0.459648
22.439 0.450048
23.469 0.511248
24.539 0.899472
25.549 0.796408
26.569 1.129504
27.579 0.93564
28.595 0.805256
29.605 1.149056
30.606 0.852432
31.615 1.020456
32.625 0.61704
33.629 0.916312
34.829 0.941184
35.849 0.648968
36.899 0.087552
38.009 0.05472
39.043 0.05472
40.063 0.16416
41.163 0.16416
42.193 0.131072
46.974 0.782896
48.158 0.861904
49.163 0.777632
50.164 1.23348
51.272 0.76876
52.282 0.986344
53.283 1.192912
54.293 1.048816
55.303 0.784472
56.311 0.514368
57.321 0.446936
58.33 0.558144
59.541 0.424888
60.559 0.636296
61.67 0.32832
63.04 0.120384
64.11 0.229824
65.15 0.196992
66.21 0.154136
67.38 0.153216
68.39 0.16416
69.42 0.195344
70.43 0.56324
71.442 0.543976
72.51 0.262656
73.53 0.142272
74.61 0.10944
75.76 0.0426
77.01 0.076608
78.04 0.16416
79.08 0.120384
80.143 0.300184
81.21 0.142272
82.29 0.010944
83.54 0.926888
84.541 0.63408
85.71 0.229824
86.74 0.131328
88.041 0.10944
89.66 0.118048
90.78 0.076608
91.841 0.142272
92.881 0.131328
93.949 0.043776
95.09 0.05472
96.421 0.032832
98.09 0.032832
99.121 0.021888
100.5 0.245152
101.51 0.21888
102.54 0.240768
103.561 0.229824
104.6 0.087832
108.75 0.393984
109.77 0.142272
111.15 0.131224
112.28 0.065664
113.31 0.131328
114.38 0.131328
115.579 0.438272
116.83 0.295488
117.85 0.2692
118.943 0.2736
119.95 0.317376
121.021 0.27836
122.04 0.186048
123.082 0.142272
124.131 0.238864
125.141 0.076608
126.146 0.295488
127.15 0.174624
128.281 0.5472
129.29 0.28016
130.301 0.481536
131.32 0.414448
132.33 0.431432
133.47 0.412976
134.551 0.428888
135.611 0.441856
136.621 0.772432
137.631 0.750592
138.651 1.179904
139.66 1.034664
140.71 0.644656
141.72 0.727816
142.73 0.87552
143.74 1.09556
144.75 1.445184
145.76 0.672088
146.769 0.685752
147.789 0.32832
148.799 0.262656
149.839 0.186048
150.87 0.121696
151.939 0.153216
152.949 0.229824
153.989 0.10944
168.344 0.065664
169.383 0.076608
170.524 0.065664
171.554 0.065664
172.613 0.076608
173.743 0.076608
174.824 0.188408
175.834 0.500264
177.304 0.63416
178.544 1.163784
179.623 1.138872
180.703 1.229192
181.714 1.07324
182.723 1.554192
183.724 0.85844
184.733 0.317376
186.065 1.418936
187.263 0.919296
188.265 0.78792
189.313 0.647656
190.353 1.017056
191.363 1.001536
192.374 0.600344
193.393 0.623808
194.423 0.229712
195.453 0.120384
196.693 1.50664
197.694 2.270288
198.695 1.270496
199.704 1.816912
200.714 1.20384
201.724 0.913088
202.734 1.195688
203.804 1.938224
205.013 1.564992
206.024 0.944624
207.234 1.061568
208.244 1.138176
209.254 1.165224
