0 1.2636
1.001 1.65192
2.002 1.750016
3.06 1.57964
4.061 1.50492
5.231 1.273944
6.233 1.221352
7.237 1.42164
8.244 1.02944
9.257 1.023864
10.326 1.002416
11.327 0.712944
12.346 0.417856
13.366 0.414056
14.627 0.295488
15.645 0.671952
16.661 0.98656
17.665 0.9576
18.666 0.955072
19.676 0.821728
20.677 1.111584
21.736 1.173576
22.876 1.068816
23.885 0.897432
24.894 0.731128
25.897 0.825312
26.915 0.57496
27.916 0.894424
28.956 1.064344
29.966 0.604
31.056 0.94444
32.066 1.465608
33.067 0.92372
34.245 0.459456
35.265 0.311752
36.276 0.791576
37.376 1.126624
38.516 1.152432
39.605 1.260064
40.606 1.064336
41.617 0.986936
42.626 1.09612
43.646 1.06224
44.657 1.164576
45.665 1.003352
46.745 1.133024
47.777 1.0822
48.785 1.360784
49.966 1.170888
51.056 1.301888
52.057 0.92156
53.064 0.945112
54.164 1.194336
55.274 1.143152
56.335 1.151536
57.336 0.878248
58.344 1.024928
59.345 1.34628
60.555 1.080944
61.565 1.213496
62.575 1.124352
63.576 1.128928
64.584 0.970624
65.595 1.106488
66.604 1.06892
67.605 0.97116
68.614 1.065064
69.615 1.112424
70.616 1.028176
71.625 0.996032
72.638 1.36744
73.834 1.364632
74.835 1.280896
75.936 1.2762
77.095 0.870208
78.105 0.926312
79.115 1.002568
80.116 1.2186
81.124 1.020472
82.125 1.12784
83.145 0.697432
84.164 0.681528
85.264 0.797664
86.274 0.931136
87.334 1.223112
88.335 1.038048
89.375 1.06692
90.384 0.85912
91.435 1.194176
92.436 1.02244
93.445 1.00964
94.665 1.194992
95.685 1.304352
96.686 1.195976
97.694 1.048872
98.701 1.127832
99.704 0.914728
100.705 1.229464
101.845 1.482856
102.954 1.153832
103.964 0.885856
104.965 1.175024
105.976 1.21388
106.984 1.07804
108.164 1.231584
109.165 1.168048
110.315 1.233216
111.316 1.096248
112.334 1.206352
113.335 1.021008
114.336 1.03972
115.343 1.052904
116.354 0.741064
117.363 0.7806
118.383 0.576392
119.423 0.670048
120.433 0.506912
121.443 0.462968
122.454 0.644864
123.473 0.537992
124.483 0.423528
125.494 0.535184
126.503 0.621024
127.513 0.5144
128.514 0.586056
129.523 0.5604
130.534 0.736152
131.553 0.367696
132.583 0.306432
133.623 0.300296
134.643 0.417024
135.674 0.55532
136.683 0.7334
137.693 0.882
138.703 0.706752
139.704 0.884616
140.814 0.998144
141.823 1.151464
142.824 1.01768
143.843 1.00948
144.855 1.049704
145.863 0.83112
146.873 1.082144
147.883 1.003968
148.893 1.279848
149.894 1.20148
150.903 1.176024
151.904 1.131216
152.905 1.120232
153.983 1.179224
155.103 1.054872
156.104 1.273288
157.114 1.087808
158.123 1.161256
159.124 1.102352
160.133 1.135832
161.143 1.05256
162.144 1.134872
163.254 1.059488
164.263 0.678168
165.273 1.0972
166.303 1.210616
167.304 0.835512
168.313 1.20452
169.513 1.193856
170.673 1.26368
171.813 1.335936
172.992 1.127904
174.002 1.102648
175.022 1.24916
176.182 1.072952
177.192 1.031328
178.193 1.258408
179.202 1.086264
180.272 1.102056
181.282 0.994528
182.302 1.099776
183.322 0.999832
184.332 1.397544
185.333 1.147368
186.352 1.300824
187.353 0.934608
188.402 1.080296
189.462 0.968624
190.472 1.152104
191.493 1.00472
192.512 1.350192
193.513 1.384824
194.572 1.446904
195.702 1.266008
196.703 1.161968
197.712 0.995048
198.757 1.472856
199.892 1.484792
201.032 1.20152
202.112 1.403568
203.241 1.546944
204.321 1.47964
205.441 1.675792
206.581 1.645904
207.751 1.605344
208.891 1.411736
