0 2.168112
1.011 2.057472
2.019 1.084832
3.029 1.236672
4.039 0.860328
5.069 0.470592
6.139 0.339264
7.169 0.142016
8.561 2.589344
9.562 1.896736
10.569 2.199744
11.571 1.981624
12.579 2.123136
13.589 1.827608
14.649 1.96992
15.65 1.733952
16.659 1.837744
17.66 2.232576
18.822 1.92664
19.83 2.035584
20.831 2.112192
21.84 1.699288
22.841 1.980864
23.85 1.342552
24.86 1.4244
25.87 1.75104
26.88 1.615632
27.881 1.69328
28.882 1.820696
29.891 1.707784
30.91 1.981576
31.911 2.002408
32.92 2.047504
33.94 2.07936
34.95 1.631376
35.96 1.66944
37.17 2.24352
38.171 1.326792
39.18 1.321552
40.25 1.543104
41.251 1.308512
42.26 1.028736
43.27 0.904984
44.28 1.14912
45.291 0.749152
46.292 1.072512
47.3 0.774712
48.31 1.160064
49.32 0.59368
50.4 1.389888
51.412 1.08712
52.42 0.798912
53.486 0.733248
54.52 0.89264
55.54 1.357056
56.55 1.192896
57.56 0.858296
58.561 1.083456
59.58 0.893504
60.59 1.03968
61.61 0.894424
62.63 1.181952
63.64 0.966096
64.652 0.897408
65.75 0.61364
66.81 0.93024
67.83 0.744032
68.84 1.050624
69.85 0.793832
70.86 0.900472
72.024 0.941184
73.04 0.742448
74.051 0.963072
75.06 0.692424
76.07 0.952128
77.08 0.580032
78.18 0.667152
79.188 0.76608
80.209 0.853632
81.218 0.713496
82.229 0.634752
83.237 0.313512
84.257 0.317376
86.438 0.131328
87.447 0.10944
88.718 0.05472
101.591 0.623808
102.592 0.34492
103.672 1.009488
104.682 1.042336
105.691 1.054544
106.692 1.081192
107.792 1.091224
108.804 1.044144
109.812 1.282504
110.813 0.916416
111.822 1.254808
112.863 1.061568
113.639 2.232576
114.64 3.583232
115.641 3.60512
116.659 3.751936
117.667 4.743296
118.669 5.02144
119.738 4.710464
120.739 5.111712
121.74 4.379424
122.741 5.038784
123.742 3.697216
124.748 4.633856
125.749 4.655744
126.75 4.605568
127.769 4.798016
128.77 4.25536
129.789 4.65572
130.79 5.005976
131.791 3.916096
132.793 4.031936
133.796 5.08256
134.798 4.496128
135.799 5.268608
136.8 4.375744
137.801 5.52032
138.802 4.463296
139.803 5.378048
140.806 3.751936
141.809 5.607872
142.821 4.944832
143.823 5.476544
144.824 5.065216
145.828 4.868224
146.867 5.071616
147.868 5.02144
148.87 5.202944
149.871 4.507072
150.872 4.48064
151.873 4.80896
152.876 5.141824
153.878 5.163712
154.879 5.35616
155.881 4.389408
156.882 4.56548
157.888 4.951232
158.889 3.970816
159.89 4.633856
160.892 4.824448
161.898 5.257664
162.899 5.437312
163.901 5.443712
164.902 4.485184
165.903 4.622912
166.904 3.93344
167.909 4.25536
168.918 4.776128
169.919 4.38668
170.938 4.9184
171.939 4.933888
172.94 5.202944
173.941 4.605568
174.987 5.170112
175.988 3.014144
176.989 5.07616
177.99 5.08256
178.991 4.594624
180.018 5.115392
181.019 4.382144
182.02 4.791616
183.021 5.060672
184.029 3.620608
185.078 3.670792
186.089 5.52032
187.099 4.671232
188.101 5.060672
189.102 3.98176
190.137 4.86368
191.138 4.977664
192.139 4.42592
193.14 4.42592
194.141 4.539904
195.148 5.159168
196.149 4.375744
197.218 5.443712
198.219 4.52896
199.22 3.462848
200.221 4.55724
201.227 4.944832
202.309 5.257664
203.31 5.02144
204.311 5.071616
205.317 4.539904
206.318 5.104448
207.328 4.791616
208.338 5.071616
209.339 4.550848
