0 1.181952
1.01 1.444608
2.011 1.865024
3.02 2.1824
4.021 1.455552
5.04 1.186496
6.11 1.324224
7.12 0.667584
8.141 0.43776
9.17 0.65664
10.181 1.41632
11.191 1.192896
12.202 1.52576
13.21 1.96992
14.23 1.755584
15.231 2.171456
16.26 1.904256
17.27 1.6352
18.271 1.521216
19.28 1.74464
20.281 1.028736
21.289 0.514368
22.319 0.65664
23.32 0.8144
24.36 1.718208
25.361 1.346112
26.371 1.14272
27.38 2.357504
28.55 2.057472
29.56 2.215232
30.561 2.232576
31.57 2.01824
32.571 1.96352
33.572 2.02464
34.58 1.383488
35.599 1.499328
36.6 1.646152
37.609 1.75104
38.619 1.755584
39.629 1.69632
40.63 1.449152
41.631 1.96992
42.64 1.875968
43.651 2.29184
44.652 2.506176
45.66 2.259008
46.661 2.029184
47.67 2.057472
48.671 2.29184
49.672 1.843136
50.679 1.53216
51.68 1.466496
52.681 1.875968
53.69 1.116288
54.699 1.241216
55.7 1.948032
56.71 1.131776
57.729 0.908352
58.749 1.006848
59.75 1.284992
60.751 2.429568
61.76 2.313728
62.761 2.663936
63.771 2.554496
64.779 2.806208
65.78 2.84544
66.79 2.488832
67.791 2.051072
68.799 2.149568
69.809 1.827648
70.819 1.006848
71.82 1.219328
72.829 1.794816
73.83 2.105792
74.832 1.867736
75.839 1.28868
76.84 1.14912
77.85 1.514816
78.859 2.609216
79.929 2.440512
80.93 2.379392
81.939 2.83904
82.94 2.587328
83.942 2.860928
84.999 3.184704
86.0 2.871872
87.002 2.828096
88.009 2.762432
89.012 2.882816
90.014 2.762432
91.019 2.368448
92.079 2.582784
93.08 2.828096
94.081 2.204288
95.089 1.47744
96.109 1.000448
97.119 1.324224
98.149 1.652544
99.15 2.324672
100.151 2.67488
101.17 1.766528
102.18 2.287296
103.196 2.685824
104.2 2.609208
105.201 2.860928
106.209 2.587328
107.21 3.0096
108.219 2.882816
109.22 2.773376
110.221 2.871872
111.229 2.882816
112.24 2.926592
113.249 2.915648
114.25 2.751488
115.251 3.101696
116.319 3.0096
117.32 2.685824
118.329 2.642048
119.33 2.56544
120.331 2.068416
121.339 1.339712
122.349 2.057472
123.35 1.832192
124.359 1.897856
125.37 2.1888
126.379 1.591424
127.4 2.046528
128.409 2.29184
129.41 2.466944
130.411 2.499776
131.419 2.473344
132.42 2.040128
133.429 2.051072
134.439 2.604672
135.45 2.543552
136.451 2.532608
137.459 2.970216
138.469 2.029336
139.549 2.014336
140.55 2.006656
141.559 1.96992
142.56 2.116736
143.569 1.554048
144.57 1.317824
145.649 0.131328
146.658 0.744192
147.668 1.263104
148.709 1.794816
149.712 2.029184
150.713 1.6416
151.721 1.492928
152.731 1.685376
153.74 1.646144
154.741 1.816704
155.742 1.821248
156.743 1.958976
157.76 1.722752
158.762 1.674432
159.77 1.055168
160.801 1.630656
161.811 1.25216
162.831 1.80576
163.832 1.460096
164.84 0.93024
165.932 1.718208
166.94 1.569536
167.941 1.783872
168.942 1.011392
169.951 1.006848
170.961 1.25856
171.98 1.263104
172.99 1.247616
173.991 1.547648
174.992 1.849536
176.0 0.912896
177.011 1.214784
178.02 1.324224
179.021 1.03328
180.031 1.050624
181.061 1.346112
182.07 1.284992
183.081 1.138176
184.091 1.400832
185.092 0.912896
186.11 0.93024
187.12 1.072512
188.121 1.19744
189.14 0.963072
190.16 1.072512
191.17 0.934784
192.2 1.466496
193.201 1.302336
194.21 0.836288
195.232 0.87552
196.241 0.98496
197.258 0.86912
198.26 0.744192
199.28 0.415872
200.291 0.678528
201.3 0.131072
202.605 1.766784
203.61 0.71136
204.64 0.60192
205.66 0.120384
