0 0.043776
1.631 0.333288
2.779 0.229824
3.799 0.187592
4.819 0.405592
5.909 0.604968
6.916 0.813776
7.926 0.690824
9.007 0.913472
10.017 0.6048
11.036 0.887
12.205 1.02676
13.206 0.782088
14.346 0.756968
15.365 0.60192
16.375 0.481536
17.396 0.521688
18.407 0.503424
19.415 0.433208
20.426 0.919296
21.436 0.757904
22.445 0.811928
23.465 0.925352
24.535 1.080104
25.545 0.435816
26.555 0.525312
27.605 0.21888
28.615 0.605896
29.625 0.936472
30.635 1.090368
31.656 1.765928
32.815 1.69352
33.816 1.4836
34.826 1.634672
35.846 1.389784
36.856 1.968872
37.866 1.559648
38.876 1.152192
39.885 1.368
40.937 1.948032
41.947 1.052224
42.951 1.444608
43.952 1.266464
45.041 1.324224
46.042 1.071112
47.052 1.42272
48.053 0.88588
49.162 0.328576
50.502 2.355216
51.512 1.116288
52.521 1.280448
53.523 0.322968
54.611 0.32832
55.694 0.306432
56.71 0.689472
57.711 0.755136
58.752 0.306432
59.851 0.637288
60.87 0.525312
61.9 0.700416
62.916 0.441376
63.92 0.536256
64.942 0.605608
65.95 0.908352
67.33 0.698008
68.34 0.724464
69.341 1.171008
70.35 1.051576
71.351 1.155432
72.36 0.897408
73.38 0.374136
74.391 0.864576
75.392 0.785336
76.393 1.066688
77.401 0.917912
78.411 0.86108
79.413 1.225728
80.431 0.840784
81.441 0.49248
82.452 0.569088
83.461 0.477264
84.471 0.5472
85.472 0.376568
86.521 0.32832
87.532 0.347568
88.693 0.890384
89.802 0.744192
90.942 0.713008
91.951 0.866456
92.952 0.76852
93.961 1.0944
94.972 0.655288
96.042 0.712392
97.062 0.752008
98.072 0.98496
99.082 0.80576
100.092 0.835888
101.102 0.95164
102.103 1.072688
103.112 1.22432
104.122 1.291392
105.123 1.345568
106.132 1.378448
107.313 1.47744
108.322 1.105184
109.332 1.169536
110.333 1.317416
111.532 1.346112
112.542 0.978776
113.625 1.59808
114.644 1.225728
115.645 0.952432
116.646 1.280448
117.65 1.049536
118.664 1.368
119.665 1.147304
120.681 1.521216
121.69 1.280632
122.71 1.53216
123.731 1.290192
124.732 1.318504
125.752 1.298656
126.762 1.394712
127.772 1.411776
128.782 1.510272
129.788 0.990944
130.802 1.324224
131.807 0.99368
132.857 1.444608
133.877 1.510272
134.887 1.551104
135.897 1.499328
136.898 1.499328
137.907 1.192984
138.917 1.685376
139.935 1.398184
140.945 1.400832
141.955 1.575936
142.975 1.110744
143.985 1.564992
144.992 1.31404
146.002 1.022848
147.052 0.952128
148.053 1.645032
149.433 1.772928
150.442 1.336272
151.454 0.777024
152.462 0.658688
153.472 0.941184
154.494 0.861904
155.5 1.127232
156.501 1.37908
157.521 0.74808
158.548 0.733248
159.55 0.182824
160.59 0.186048
172.256 0.317376
173.287 0.525312
174.327 0.386864
175.366 0.304968
176.417 0.392408
177.447 0.431664
178.707 0.593968
179.727 0.57172
180.747 0.944288
181.757 1.063464
182.774 0.870032
183.777 0.910672
184.778 1.187776
185.787 1.108464
186.797 1.227944
187.927 1.07856
188.937 0.953824
189.947 1.108112
190.956 1.11356
191.977 1.460104
193.207 1.53216
194.217 0.865208
195.347 0.93024
196.387 1.389888
197.397 1.181952
198.398 0.852488
199.407 1.181952
200.427 1.171008
201.437 0.8348
202.457 1.050624
203.467 0.72588
204.477 0.846304
205.487 0.857312
206.508 1.097112
207.717 1.160064
208.738 0.970632
209.757 1.082768
