0 1.49808
1.008 1.277848
2.019 1.584904
3.039 1.282872
4.047 0.979536
5.186 1.127232
6.197 0.835272
7.207 1.382344
8.208 1.43864
9.216 1.543104
10.237 1.494488
11.246 1.285248
12.257 1.315768
13.258 1.521216
14.268 0.992248
15.277 1.357056
16.297 1.368
17.307 0.74932
18.313 1.455552
19.323 1.562168
20.334 1.114664
21.343 1.027184
22.433 1.411936
23.483 1.247616
24.523 0.416968
25.543 0.186048
26.583 0.16416
27.803 0.05472
28.843 0.021888
31.063 0.05472
34.253 0.153216
37.513 0.131328
38.613 0.076608
39.749 0.175104
40.773 0.141616
42.063 0.350208
43.064 0.465808
44.073 0.554896
45.323 0.673256
46.324 0.772616
47.334 0.723992
48.344 0.779224
49.353 1.115232
50.354 1.284808
51.355 1.302664
52.357 1.315808
53.495 1.907192
54.496 1.576112
55.504 1.704496
56.624 1.888232
57.634 1.965248
58.635 1.75616
59.645 1.675016
60.646 2.320128
61.667 1.56528
62.677 1.776584
63.866 1.247616
64.886 1.265448
65.89 1.278448
66.956 1.816704
67.957 0.678496
68.966 0.470592
70.977 1.846896
71.998 1.576032
73.007 1.587728
74.177 2.086856
75.587 1.96608
76.597 1.921752
77.607 1.914696
78.618 1.87264
79.676 1.756104
80.756 1.535056
81.767 1.52772
82.787 1.849536
83.788 1.547896
84.797 1.674432
85.798 1.083192
86.827 2.07936
87.837 1.459352
88.847 1.816704
89.848 1.634056
90.917 2.123136
91.927 1.238936
92.937 1.86048
93.947 1.332528
94.957 1.707264
95.958 1.18248
96.967 1.69632
97.977 1.35408
98.987 1.306112
99.988 1.335168
100.989 1.013584
102.007 1.070184
103.008 1.383392
104.177 1.46684
105.327 1.765368
106.33 1.739952
107.348 1.616448
108.488 1.582784
109.489 2.064672
110.598 1.849536
111.599 1.569216
112.608 1.556544
113.617 1.40596
114.618 1.965336
115.777 1.734544
116.838 1.714056
117.937 1.434616
118.948 1.357696
119.95 1.801528
121.068 2.002752
122.088 1.354392
123.089 1.216744
124.097 1.729152
125.098 1.430616
126.099 1.80812
127.108 1.783872
128.109 0.785768
129.118 0.558144
130.168 0.580032
131.177 0.831744
132.188 0.65664
133.218 0.20052
134.537 0.076608
136.247 1.918248
137.287 1.429432
138.297 1.950512
139.298 1.38032
140.327 1.725512
141.337 1.373224
142.347 1.208176
143.35 1.62988
144.367 2.316792
145.368 2.51472
146.378 2.07156
147.387 2.271648
148.397 3.140928
149.4 2.692224
150.41 2.598168
151.42 1.745424
152.429 2.779776
153.43 2.382072
154.431 2.599384
155.432 2.95288
156.434 2.703448
157.435 2.745056
158.437 3.423608
159.438 2.250632
160.448 3.076672
161.469 2.219016
162.477 2.320128
163.487 1.414472
164.491 1.772928
165.501 1.592608
166.511 2.177856
167.512 0.969176
168.531 1.96992
169.535 1.927872
170.536 2.593728
171.537 2.523336
172.626 3.444488
173.627 3.296568
174.636 3.711928
175.637 3.23748
176.645 3.061032
177.646 3.99456
178.655 2.608832
179.656 2.47184
180.657 2.067784
181.666 2.149568
182.668 2.148664
183.676 2.057624
184.677 2.801504
185.885 2.736
186.886 1.231632
187.895 1.03968
188.906 0.777024
189.916 0.623808
190.945 0.43776
192.176 0.658832
193.197 0.240768
194.215 0.284544
195.219 0.60192
196.255 0.722048
197.936 1.098016
198.956 1.269504
199.959 1.090128
200.966 1.444608
201.976 0.937896
202.977 1.07108
204.026 0.886464
205.036 0.787968
206.066 0.120128
207.176 0.251712
208.196 0.196992
209.921 1.814312
