0 1.101328
1.009 0.851768
2.01 1.21968
3.011 1.30824
4.023 0.849176
5.03 1.176792
6.04 1.100744
7.2 1.105656
8.59 1.032288
9.69 1.208168
11.139 1.200856
12.14 0.895912
13.158 0.847464
14.221 0.807968
15.237 0.266952
16.328 0.317376
17.347 0.320056
18.396 0.142272
19.406 0.130808
20.427 0.4944
21.517 0.142272
22.596 0.262656
23.597 0.431784
24.616 0.361504
25.626 0.339208
26.737 0.448704
27.756 0.354128
28.757 0.516744
29.806 0.325272
30.867 0.58776
31.876 0.62216
32.886 0.388136
33.896 0.730024
34.898 0.911872
36.007 1.080104
37.026 0.79824
38.037 0.884128
39.046 0.661024
40.047 0.65692
41.086 0.525312
42.087 0.832152
43.246 0.991504
44.265 0.508184
45.275 0.479632
46.285 0.590496
47.296 0.674144
48.315 0.43776
49.325 0.2284
50.335 0.38548
51.485 0.439936
52.525 0.599024
53.545 0.450776
54.565 0.540352
55.575 0.46504
56.685 0.696832
57.795 0.415872
58.805 0.229824
59.825 0.131072
61.43 0.129536
62.745 0.621872
64.075 0.697336
65.595 0.524272
67.545 0.837256
68.555 0.650848
69.575 0.771784
70.586 0.492472
71.655 0.432256
72.665 0.56972
73.675 0.56428
74.695 0.514368
75.705 0.401768
76.725 0.491888
77.756 0.700472
78.765 0.93132
80.005 0.856912
81.015 0.857096
82.145 0.773104
83.154 0.781672
84.155 0.799056
85.305 1.164872
86.325 0.926336
87.335 0.884792
88.345 0.428232
89.35 0.652736
90.494 0.868448
91.504 0.725608
92.593 0.906368
93.602 0.774312
94.733 0.916472
95.743 0.683952
96.753 0.864048
97.763 0.730408
98.843 1.08596
99.852 0.68964
100.863 0.948472
102.012 0.9162
103.023 0.649904
104.032 0.666872
105.043 1.201344
106.062 0.905784
107.073 0.798912
108.082 1.00904
109.183 1.290312
110.184 0.884224
111.192 1.23704
112.202 0.848504
113.222 0.58956
114.232 0.237184
115.282 0.306432
116.312 0.192944
117.332 0.503424
118.343 0.442168
119.352 0.321176
120.552 0.619888
121.562 0.7094
122.563 0.839736
123.802 0.765632
124.813 0.481712
125.823 0.196992
126.832 0.168096
127.852 0.1294
128.862 0.436088
129.872 0.429224
131.002 0.484184
132.042 0.69312
133.252 0.907888
134.272 0.549144
135.282 0.525312
136.303 0.827
137.322 0.700256
138.492 1.038392
139.713 1.039304
140.722 1.115072
141.893 1.360408
142.902 1.044608
144.072 1.167832
145.083 0.975568
146.091 0.562048
147.102 0.556016
148.111 0.570912
149.171 0.77108
150.181 0.298856
151.191 0.319872
152.222 0.631256
153.23 0.939968
154.231 1.085976
155.571 0.61704
156.582 0.811392
157.59 0.73932
158.591 0.467056
159.69 0.517192
160.9 0.511136
161.91 0.585832
162.989 0.60192
163.999 0.392008
165.019 0.576336
166.029 0.470592
167.048 0.287504
168.159 0.7626
169.189 0.81572
170.199 0.727576
171.209 0.500688
172.228 0.896384
173.429 0.612072
174.479 0.522208
175.499 0.485192
176.878 0.422944
177.887 0.207936
178.988 0.096504
180.108 1.053568
181.118 1.449072
182.128 1.28172
183.254 1.583072
184.387 1.496264
185.397 1.27608
186.398 1.36144
187.407 1.151184
188.606 1.36528
189.616 1.054112
190.805 0.910824
191.845 0.973832
192.865 0.950328
193.875 1.016328
194.876 1.192496
196.056 1.3232
197.057 1.38044
198.065 1.0784
199.226 1.238464
200.245 1.221144
201.246 0.964536
202.247 1.013024
203.255 1.071608
204.256 1.000984
205.425 1.161752
206.426 0.680728
207.525 0.881544
208.535 0.529176
209.545 0.554888
