0 0.064512
1.036 0.153216
2.056 0.153216
3.1 0.13332
4.436 0.131328
5.44 0.153216
6.496 0.10944
7.68 0.1128
8.74 0.098496
9.776 0.120384
10.84 0.131328
11.92 0.104536
13.156 0.065664
14.235 0.10944
15.315 0.120384
16.479 0.098496
17.731 0.123456
19.659 0.074672
20.919 0.142272
21.959 0.153216
23.159 0.120384
24.359 0.087552
25.539 0.076608
26.655 0.076608
27.975 0.04316
29.159 0.076608
30.459 0.05472
31.499 0.153216
32.563 0.043776
33.579 0.120384
34.615 0.080792
36.435 0.087552
37.619 0.076608
38.22 2.981312
39.238 3.014144
40.239 2.882816
41.258 2.849984
42.259 3.140928
43.26 2.904704
44.262 2.83904
45.268 2.740544
46.269 2.56544
47.27 2.828096
48.278 2.718656
49.279 3.189248
50.359 3.097152
51.368 2.89376
52.369 3.014144
53.378 2.773376
54.379 3.025088
55.38 2.904704
56.387 2.631104
57.388 2.817152
58.389 3.05792
59.408 3.0096
60.41 3.05792
61.418 2.94848
62.428 2.488832
63.438 1.865024
64.447 2.07936
65.448 1.85408
66.449 2.576384
67.458 3.05792
68.568 3.108096
69.578 2.915648
70.579 2.860928
71.588 2.642048
72.599 2.773376
73.618 2.587328
74.637 2.773376
75.688 2.62656
76.697 1.427272
77.707 1.488384
78.717 1.263104
79.727 1.926144
80.729 1.19744
81.737 1.302336
82.747 1.028736
83.748 0.97856
84.757 1.674432
85.758 2.094848
86.759 2.615616
87.767 2.149568
88.777 1.68992
89.778 2.473344
90.787 2.302784
91.797 2.302784
92.798 2.248064
93.808 2.068416
94.817 1.74464
95.837 1.871424
96.838 1.449152
97.857 2.320128
98.858 2.302784
99.866 2.07296
100.867 2.29824
101.876 1.985408
102.886 1.657088
103.896 2.528064
104.906 2.105792
105.917 2.07296
106.926 2.29824
107.937 1.96352
108.946 1.996352
110.065 2.287296
111.066 1.963448
112.068 2.302856
113.076 2.440512
114.096 2.280896
115.097 2.368448
116.106 2.221632
117.116 2.160512
118.117 2.466944
119.125 2.477888
120.135 2.714112
121.137 2.40128
122.145 2.215232
123.165 2.466944
124.256 2.473344
125.257 2.226176
126.264 2.029184
127.274 2.637504
128.284 2.357504
129.285 2.40128
130.293 2.259008
131.294 2.593728
132.304 2.56544
133.305 2.379392
134.306 2.434112
135.314 2.604672
136.334 2.160512
137.335 1.985408
138.344 1.543104
139.354 1.083456
140.363 1.077056
141.373 1.269504
142.374 1.263104
143.383 1.455552
144.393 1.400832
145.403 1.372536
146.413 1.772928
147.414 1.58048
148.424 1.772928
149.434 1.591424
150.443 2.057472
151.444 1.832192
152.453 1.52576
153.493 1.554048
154.495 1.31328
155.503 0.617408
156.523 0.393984
157.533 0.481536
158.558 0.777024
159.563 0.131072
161.969 1.941888
162.975 1.444608
163.985 1.219328
165.005 0.886464
166.015 0.93024
167.025 1.061568
168.035 0.967616
169.036 1.116288
170.055 0.722304
171.065 0.787968
172.085 0.912896
173.095 1.455552
174.105 1.481984
175.106 1.499328
176.115 1.241216
177.154 1.554048
178.155 1.499328
179.156 1.339712
180.165 1.685376
181.175 1.536704
182.195 1.707264
183.205 1.558592
184.206 1.991808
185.215 1.52576
186.216 1.411776
187.235 0.901952
188.245 1.575936
189.255 1.383488
190.256 1.58688
191.265 1.389888
192.274 1.328768
193.275 1.510272
194.291 1.263104
195.305 1.368
196.315 1.335168
197.316 1.394432
198.324 1.630656
199.334 1.295936
200.336 1.707264
201.345 1.383488
202.354 1.575936
203.364 1.011392
204.365 0.798912
205.394 0.404928
206.404 0.339264
207.414 0.262656
208.434 0.2736
209.504 0.251712
