0 1.734904
1.002 1.313376
2.012 1.786704
3.023 1.394608
4.032 1.508912
5.082 2.012456
6.09 2.002504
7.091 1.818192
8.092 1.760592
9.102 1.867608
10.12 1.777352
11.126 1.607056
12.135 1.765024
13.136 1.799544
14.206 1.80576
15.207 0.884776
16.215 0.38304
17.235 0.38304
18.245 0.153216
19.546 0.021888
21.237 1.234216
22.245 1.160224
23.285 1.0944
24.305 0.778848
25.306 0.963072
26.325 0.823528
27.445 0.590976
28.451 0.503424
29.456 0.612864
30.465 0.704976
31.476 0.590976
32.477 0.39444
33.485 0.372096
34.536 0.240768
35.557 0.317376
36.595 0.350744
37.616 0.536256
38.626 0.309296
39.636 0.401984
40.726 0.426816
41.786 0.196992
42.846 0.128456
43.856 0.087552
59.926 0.387592
61.006 0.6204
62.096 0.580032
63.116 0.8432
64.136 0.606536
65.145 0.812864
66.146 1.044216
67.156 1.19796
68.256 1.645928
69.257 1.358736
70.275 1.694656
71.494 1.114984
72.504 0.963072
73.514 0.412856
74.614 1.398272
75.615 0.958272
76.764 0.700416
77.804 0.098496
78.815 0.05872
79.884 0.32832
80.894 0.496048
82.145 0.820936
83.604 0.952128
84.623 0.271176
85.633 0.814232
86.634 0.7218
87.643 1.017952
88.655 0.853632
89.684 0.492592
90.697 1.029816
91.703 1.073888
92.704 1.333488
93.714 1.209064
94.723 1.472072
95.793 2.0
96.803 2.659392
97.804 2.214208
98.815 2.15496
99.864 1.378944
100.896 1.736632
101.897 1.934688
102.904 1.988336
103.905 1.9524
104.915 1.905416
105.916 2.155832
107.084 2.768832
108.094 2.307552
109.095 2.07136
110.143 2.615616
111.144 1.890528
112.15 2.29824
113.158 1.927912
114.168 1.954408
115.169 2.35296
116.17 1.756872
117.189 2.08228
118.2 2.386896
119.269 2.101248
120.27 1.97044
121.271 2.293712
122.28 2.345664
123.391 1.948032
124.4 1.508864
125.41 1.904256
126.455 1.136696
127.459 0.558144
128.48 0.196992
129.545 0.448704
130.551 0.481536
131.559 0.313208
132.587 0.262656
133.607 0.240768
134.646 0.339264
135.657 0.684456
136.686 0.65664
137.692 0.520528
139.181 0.76608
140.202 0.61204
141.212 0.952128
142.222 0.786584
143.231 0.919296
144.232 0.476544
145.252 0.175104
147.272 1.548824
148.322 1.274856
149.402 2.042256
150.434 1.649536
151.56 1.860936
152.561 1.854712
153.57 1.295528
154.58 1.687232
155.59 1.712928
156.591 1.653768
157.6 2.015648
158.769 2.266688
159.949 2.03272
161.048 1.671032
162.069 1.934864
163.148 1.911616
164.149 2.197112
165.349 2.1888
166.35 1.673504
167.359 1.296584
168.36 1.749544
169.498 1.958976
170.499 1.549504
171.5 1.593256
172.508 1.904256
173.509 1.547344
174.516 1.423256
175.525 1.663488
176.526 1.610728
177.536 1.827648
178.545 1.325288
179.556 1.378944
180.565 1.294032
181.736 1.729152
182.746 1.96992
183.767 1.290888
184.776 1.849536
185.786 1.583664
186.806 1.937088
187.816 1.824592
189.016 1.718208
190.026 1.783872
191.027 1.5988
192.046 2.101248
193.056 1.487288
194.066 1.849536
195.067 1.437024
196.076 1.663488
197.086 1.253064
198.096 1.269504
199.106 1.035568
200.114 1.42272
201.124 0.915784
202.125 1.249216
203.314 1.028736
204.324 1.212096
205.328 1.53216
206.338 0.593144
207.339 1.783872
208.349 1.569656
209.359 1.66644
