0 1.14912
1.01 1.066112
2.02 1.14912
3.03 1.324224
4.049 0.97856
5.059 1.105344
6.069 1.236672
7.07 1.088
8.08 1.192896
9.081 1.028736
10.089 0.92384
11.09 1.214784
12.099 1.225728
13.1 1.000448
14.109 1.20384
15.11 1.0944
16.129 0.989504
17.139 1.280448
18.149 1.324224
19.15 0.8144
20.17 1.061568
21.189 1.214784
22.19 1.274048
23.2 1.160064
24.229 0.809856
25.24 0.92384
26.249 0.76608
27.261 0.809856
28.269 0.93024
29.279 0.803456
30.28 0.87552
31.289 0.87552
32.299 0.956672
33.309 0.886464
34.329 1.028736
35.339 1.171008
36.349 1.383488
37.35 1.729152
38.359 1.449152
39.36 1.433664
40.361 1.131776
41.369 1.247616
42.379 1.181952
43.389 1.25216
44.4 1.269504
45.409 1.19744
46.429 1.31328
47.434 1.138176
48.439 1.19744
49.44 0.995904
50.459 1.083456
51.469 1.055168
52.479 1.269504
53.481 1.335168
54.489 1.153664
55.498 1.138176
56.499 0.974016
57.509 1.000448
58.51 0.941184
59.519 1.03968
60.529 1.000448
61.539 1.280448
62.541 1.127232
63.548 0.967616
64.559 0.963072
65.569 0.974016
66.589 0.65664
67.599 0.694016
68.609 0.689472
69.619 0.733248
70.639 0.678528
71.649 0.700416
72.669 0.770624
73.678 0.733248
74.689 0.787968
75.698 0.787968
76.699 0.65024
77.708 0.744192
78.718 0.8208
79.719 0.963072
80.728 0.8144
81.738 1.072512
82.739 0.974016
83.748 0.825344
84.839 0.897408
85.848 0.941184
86.849 0.831744
87.859 0.715904
88.868 0.722304
89.878 0.689472
90.888 0.853632
91.898 0.864576
92.899 0.518912
93.908 0.623808
94.928 0.525312
95.938 0.733248
96.948 0.71136
97.958 0.551744
98.968 0.787968
99.978 0.689472
100.988 0.623808
102.008 0.700416
103.018 0.43136
104.028 0.404928
105.068 0.459648
106.078 0.339264
107.098 0.306432
108.108 0.306432
109.138 0.306432
110.179 0.262656
111.199 0.229824
112.239 0.16416
113.288 0.142272
114.298 0.113984
115.348 0.142272
116.368 0.175104
117.399 0.196992
118.448 0.251712
119.468 0.21888
120.528 0.207936
121.538 0.251712
122.572 0.262656
123.588 0.2736
124.618 0.284544
125.658 0.251712
126.698 0.207936
127.718 0.175104
128.759 0.186048
129.808 0.124928
130.848 0.21888
131.858 0.262656
132.898 0.251712
133.918 0.251712
134.937 0.240768
135.938 0.2736
136.978 0.262656
137.998 0.2736
139.018 0.2736
140.027 0.339264
141.048 0.404928
142.067 0.32192
143.068 0.372096
144.078 0.317376
145.079 0.32832
146.119 0.317376
147.127 0.2736
148.188 0.251712
149.198 0.21888
150.257 0.207936
151.268 0.229824
152.327 0.295488
153.358 0.37664
154.407 0.459648
155.418 0.514368
156.427 0.569088
157.447 0.612864
158.467 0.525312
159.498 0.49248
160.527 0.43136
161.538 0.612864
162.558 0.5472
163.567 0.372096
164.57 0.426816
165.578 0.32832
166.607 0.32832
167.628 0.32192
169.099 0.32832
170.138 0.262656
171.147 0.32832
172.177 0.415872
173.217 0.38304
174.227 0.361152
175.237 0.415872
176.257 0.350208
177.297 0.350208
178.327 0.256256
179.337 0.229824
180.387 0.142272
181.397 0.175104
182.407 0.21888
183.428 0.098496
184.467 0.120384
185.477 0.206592
186.487 0.131072
188.392 0.789568
189.427 0.196992
190.437 0.16416
191.457 0.129536
192.547 0.144064
193.657 0.10944
194.677 0.142272
195.707 0.087552
196.837 0.070216
197.917 0.032832
