0 1.710928
1.03 2.385792
2.039 1.971936
3.059 1.80576
4.069 1.707264
5.078 1.508408
6.079 1.685376
7.089 1.554048
8.107 1.190056
9.108 1.548824
10.247 1.707264
11.258 1.17892
12.267 1.236672
13.276 1.017792
14.306 0.71612
15.386 0.612864
16.396 0.700416
17.398 1.123256
18.406 1.138176
19.447 1.30284
20.984 1.254144
21.985 1.3184
23.106 1.47744
24.116 1.149704
25.125 1.58688
26.136 1.280736
27.145 1.597824
28.146 1.21844
29.155 1.331112
30.205 1.411776
31.206 1.267504
32.215 1.466464
33.315 1.521216
34.326 1.113648
35.336 1.389832
36.436 1.357056
37.437 0.526312
39.996 1.14912
41.005 1.287944
42.006 1.318568
43.015 1.393872
44.016 1.453232
45.025 1.40956
46.146 1.97728
47.156 1.588536
48.306 1.902936
49.385 2.47144
50.387 1.694376
51.397 1.789792
52.404 1.770336
53.415 1.960992
54.425 2.309184
55.426 1.770288
56.434 1.882896
57.445 1.893312
58.446 1.441632
59.456 1.514048
60.457 2.221632
61.466 1.714008
62.475 1.565488
63.495 1.67656
64.544 2.13408
65.554 1.7218
66.57 1.6974
67.574 1.76392
68.726 1.893312
69.727 1.35464
70.732 1.560968
71.734 1.926144
72.743 1.438024
73.774 1.685376
74.782 1.729152
75.783 1.16776
76.792 1.258936
78.053 0.525312
79.062 0.317376
80.342 0.864576
81.343 0.85876
82.363 0.942544
83.382 0.963072
84.401 0.73864
85.462 1.31328
86.502 0.68532
87.533 0.426816
88.58 0.646648
89.701 0.777024
90.724 0.175104
91.77 0.274504
92.779 0.350208
93.799 0.558144
94.819 0.315048
95.859 0.326376
96.869 0.5472
97.89 0.60872
98.899 0.906736
99.91 1.117656
100.919 1.21412
101.92 1.254752
102.921 1.156936
103.93 1.37652
104.939 1.14508
106.019 1.3164
107.02 0.990368
108.029 1.189256
109.038 0.639976
110.049 0.49248
111.058 0.639088
112.078 1.399776
113.098 0.71136
114.128 0.416152
115.147 0.558144
116.156 0.58764
117.188 0.569088
118.349 1.200888
119.385 0.295488
120.395 0.372096
121.975 0.339264
122.984 0.426816
123.995 0.645576
125.025 0.229824
126.366 0.196992
127.375 0.131072
129.08 0.539736
130.124 0.186048
131.132 0.175104
132.155 0.21856
133.185 0.350208
134.195 0.36024
135.215 0.372096
136.235 0.165112
137.325 0.59444
138.475 0.570112
139.525 0.779344
140.534 0.67832
141.565 0.481536
142.615 0.412824
143.625 0.387264
144.635 0.56592
145.654 0.603888
146.664 0.75604
147.674 0.251712
148.685 0.272592
149.734 0.295488
150.744 0.292408
151.794 0.317376
152.864 0.098496
153.994 0.388408
155.015 0.82148
156.025 0.805192
157.184 1.071496
158.185 1.106136
159.204 1.467104
160.214 0.976496
161.215 1.185448
162.324 0.71136
163.364 0.478904
164.374 1.083456
173.902 0.240352
174.942 0.518552
175.982 0.615472
177.002 1.021424
178.042 1.515056
179.232 1.718096
180.233 2.54556
181.242 2.208648
182.252 1.793056
183.292 2.024744
184.302 1.654184
185.372 1.958976
186.373 1.60356
187.402 2.18228
188.407 2.843728
189.413 3.165856
190.414 2.938656
191.427 2.723368
192.432 2.853928
193.433 3.333048
194.445 3.27436
195.451 3.201864
196.452 3.333752
197.462 3.240664
198.463 3.041352
199.65 2.67152
200.651 2.38984
201.652 2.188296
202.69 2.736
203.7 1.765768
204.719 2.935224
205.91 3.742848
206.919 2.6754
208.029 3.170128
209.03 3.458304
