0 1.107792
1.16 1.079848
2.18 1.0492
3.181 1.071768
4.182 1.184696
5.2 1.261928
6.21 1.13208
7.371 1.14968
8.51 1.331888
9.71 1.033792
10.75 0.989944
11.76 0.913224
12.77 0.916944
13.81 1.198224
14.82 1.15012
15.89 1.171656
17.03 1.024224
18.089 0.944744
19.1 1.030264
20.12 1.224688
21.28 1.02024
22.281 1.26388
23.291 1.055024
24.309 0.75448
25.45 0.74236
26.46 0.715336
27.47 0.742144
28.54 1.265248
29.549 1.003016
30.56 1.216104
31.58 1.127848
32.581 1.14024
33.59 1.17792
34.6 1.270984
35.64 1.148312
36.65 0.911368
37.651 1.130528
38.66 1.231408
39.67 1.056
40.68 1.032376
41.69 1.0356
42.691 1.090088
43.7 0.573088
44.72 1.043632
45.82 1.21728
46.829 0.698432
47.85 0.978376
49.0 1.2314
50.19 1.4026
51.26 1.41616
52.28 0.86188
53.29 1.10288
54.291 0.778048
55.44 0.506608
56.459 0.559736
57.469 0.656216
58.479 0.604096
59.499 0.633424
60.649 1.039008
61.65 1.046216
62.651 1.217728
63.779 1.28568
64.78 1.251128
65.789 1.10852
66.791 1.054832
67.8 1.246376
68.889 1.205368
70.04 1.2714
71.041 1.151856
72.051 1.244672
73.059 1.22776
74.06 1.119384
75.061 1.083984
76.079 0.831576
77.08 0.719224
78.099 1.08788
79.11 1.243928
80.12 0.960776
81.13 1.34396
82.132 1.174456
83.259 1.136192
84.26 1.183984
85.45 0.99136
86.459 0.835
87.46 1.014184
88.469 1.190848
89.479 1.049688
90.48 1.139912
91.509 1.338592
92.679 1.448736
93.689 1.1038
94.768 1.315712
95.769 0.898728
96.779 1.419472
97.788 1.285216
98.797 0.85388
99.858 1.195584
100.867 1.238432
102.036 1.165336
103.037 1.205832
104.047 0.960624
105.056 1.010736
106.057 1.032496
107.147 1.01392
108.236 0.897688
109.247 0.725696
110.256 0.773504
111.306 1.077744
112.316 0.977128
113.327 0.988672
114.476 1.130656
115.477 0.796112
116.486 1.11876
117.677 1.1468
118.795 1.068544
119.895 1.148472
121.037 1.093896
122.044 1.058808
123.224 1.119624
124.237 1.075016
125.244 1.314624
126.414 1.569192
127.524 1.361464
128.604 1.598488
129.605 1.18392
130.606 1.17524
131.614 1.187216
132.694 1.241672
133.714 1.288272
134.715 1.076368
135.794 1.187032
136.804 1.056744
137.814 1.120136
138.816 1.473368
139.824 1.133056
140.834 0.760464
141.844 0.95668
142.884 1.126424
143.894 1.068512
144.895 1.008472
145.904 1.17488
147.084 1.147184
148.275 0.45984
