0 0.769576
1.17 0.775192
2.19 0.882768
3.191 0.8416
4.5 0.869104
5.508 0.654752
6.599 0.759488
7.611 0.5646
8.619 0.478208
9.709 0.56076
10.718 0.805584
11.719 0.856888
12.848 0.924728
13.868 0.623768
14.869 0.981928
15.879 0.95796
16.889 0.806808
18.049 0.846624
19.058 0.795904
20.059 0.705008
21.068 1.044432
22.078 0.734512
23.088 0.662192
24.098 0.524544
25.117 0.64272
26.128 0.588632
27.147 0.579912
28.157 0.462
29.158 0.448704
30.187 0.051336
35.704 0.009016
36.769 0.668824
37.779 1.311752
38.78 1.293608
39.859 1.581344
40.869 1.274304
41.879 1.214544
42.88 1.208608
43.948 1.182408
44.959 1.453976
46.408 1.56192
47.419 1.445784
48.42 1.287232
49.489 1.522736
50.658 1.234504
51.689 0.663576
52.728 1.50492
53.729 1.368824
54.828 1.723456
55.839 1.596088
56.849 1.153552
57.858 1.409712
58.989 1.443296
60.098 1.568856
61.099 1.486016
62.308 1.060528
63.358 1.504712
64.37 0.92756
65.438 1.391984
66.439 1.207848
67.538 1.19088
68.66 1.742136
69.689 1.8016
70.699 1.509592
71.708 1.43844
72.709 1.273176
73.838 1.705376
74.999 1.417272
76.0 1.415456
77.047 1.599232
78.096 1.680064
79.227 1.419424
80.237 1.598416
81.238 1.088248
82.267 1.422416
83.277 1.26864
84.326 1.260696
85.328 1.454008
86.496 1.50164
87.566 1.546352
88.645 1.56564
89.835 1.137136
90.836 1.278184
91.845 0.856416
92.865 1.100568
93.866 0.657632
94.885 0.906328
95.895 1.085208
96.955 1.678904
98.065 1.565104
99.075 1.242048
100.165 1.111872
101.205 0.498184
102.545 0.756024
103.565 0.486504
104.585 0.615072
105.586 0.594024
106.595 0.896472
107.755 0.53152
108.835 1.020576
109.864 1.39564
110.945 1.797904
112.095 1.854608
113.104 1.3798
114.114 1.727128
115.304 1.600376
116.424 1.639928
117.524 1.74004
118.554 1.702384
119.555 1.697688
120.564 1.434736
121.654 1.199728
122.663 0.255328
123.664 0.317376
124.674 0.348792
125.693 1.014168
126.694 0.69772
127.713 0.659632
128.733 0.378584
129.763 0.229824
130.783 0.221208
131.822 0.75056
133.022 0.654608
134.032 0.556744
135.033 0.470592
136.053 0.478328
137.083 0.356168
138.102 0.415872
139.122 0.443624
140.182 0.156392
141.203 0.468864
142.373 0.956088
143.498 1.219184
144.531 1.342536
145.532 1.160024
146.541 1.008248
147.552 0.749656
148.591 0.32724
149.604 0.807856
150.611 0.4532
151.631 0.52064
152.641 0.827736
153.671 0.811224
154.812 1.034248
155.941 0.306552
156.96 0.195056
157.98 1.310864
159.07 1.649888
160.071 1.649704
161.072 1.864456
162.21 1.580832
163.48 1.320888
164.481 1.235152
165.499 0.828384
166.51 0.764288
167.519 1.022408
168.649 0.778904
169.659 0.43556
170.689 0.359
171.799 0.91016
172.989 1.165688
174.079 1.274064
175.289 1.341064
176.341 1.272216
177.499 1.353688
178.5 1.721216
179.649 1.545856
180.65 1.892488
181.651 1.76136
182.659 1.07396
183.669 1.600776
184.849 1.407552
186.009 1.291968
187.018 1.252552
188.039 1.421768
189.099 1.383744
190.109 1.321536
191.219 1.63488
192.389 1.740264
193.399 1.243792
194.4 1.162712
195.409 1.553168
196.41 1.1564
197.419 1.300816
198.428 1.297768
199.448 1.44248
200.478 1.317696
201.557 1.606088
202.717 1.45396
203.727 1.31264
204.847 1.507192
205.886 1.599232
207.156 1.35936
208.166 1.562048
209.184 1.158744
