0 1.30844
1.17 1.260992
2.229 1.15324
3.249 1.447288
4.349 1.718816
5.35 1.575952
6.359 1.247112
7.379 1.083192
8.38 1.167176
9.539 1.362408
10.549 1.0696
11.559 1.41516
12.67 1.305128
13.689 1.544624
14.719 1.695248
15.72 1.39488
16.83 1.452384
17.899 1.92908
19.049 1.909672
20.05 1.383504
21.059 1.459112
22.06 1.27852
23.079 1.490936
24.259 1.334248
25.26 1.339528
26.438 1.534008
27.559 1.389336
28.739 1.389648
29.748 1.350192
30.75 1.205472
31.758 1.072448
32.838 1.439616
33.839 1.131456
34.848 1.415576
35.948 1.680488
36.949 1.379704
38.079 1.330184
39.088 0.544528
40.247 0.2736
41.358 1.04616
42.467 1.5144
43.468 1.075112
44.517 1.260904
45.558 1.302272
46.718 1.457216
47.846 1.54248
48.847 1.287048
49.927 1.247168
51.096 1.486024
52.098 1.515288
53.107 1.396392
54.286 1.707088
55.287 1.163184
56.356 1.74388
57.357 1.242256
58.367 1.594792
59.547 1.464152
60.555 1.35628
61.646 1.540432
62.666 1.783512
63.685 1.213416
64.686 1.34988
65.687 1.346792
66.696 1.356656
67.706 1.446928
68.717 1.515872
69.725 1.770232
70.729 1.169976
71.735 1.264168
72.835 1.586704
74.035 1.597408
75.146 0.470592
75.316 0.963072
76.584 1.25856
77.588 1.711808
78.589 1.214784
79.636 1.394432
80.784 1.488384
81.788 1.291392
82.796 1.109888
83.804 1.400832
84.816 1.350656
85.827 2.1888
86.835 1.230272
87.844 1.400832
88.855 0.5472
89.863 0.744192
90.875 0.836288
91.876 0.974016
92.883 1.061568
93.895 0.8144
94.903 0.569088
95.916 0.8208
96.923 1.291392
97.935 1.274048
98.943 1.14912
99.948 1.105344
100.959 1.000448
101.967 1.269504
102.976 1.295936
104.074 1.400832
105.075 1.80576
106.107 1.394432
107.115 1.575936
108.122 1.109888
109.126 1.466496
110.134 1.263104
111.142 1.499328
112.159 1.591424
113.274 1.466496
114.275 1.521216
115.283 1.208384
116.294 1.357056
117.295 1.328768
118.314 1.619712
119.322 1.328768
120.346 1.521216
121.354 1.42272
122.366 0.956672
123.374 1.357056
124.382 1.236672
125.394 1.274048
126.414 1.521216
127.422 1.153664
128.423 1.433664
129.434 1.230272
130.474 1.466496
131.482 1.357056
132.486 1.109864
133.494 1.466496
134.506 1.306904
135.507 1.378944
136.511 1.53216
137.515 1.350656
138.526 1.42272
139.527 1.405376
140.534 1.488384
141.542 1.284992
142.546 1.31328
143.624 1.777472
144.732 1.411776
145.752 1.466496
146.76 1.372544
147.764 1.652544
148.772 1.263104
149.773 1.521216
150.78 1.14272
151.784 1.575936
152.793 1.630656
153.796 1.25216
154.8 1.433664
155.812 1.295936
156.824 1.499328
157.833 1.153664
158.924 1.455552
159.932 1.6416
160.941 1.175552
161.952 1.31328
162.953 0.956672
164.092 1.335168
165.1 1.564992
166.104 0.48608
167.145 0.700416
168.165 0.623808
169.173 0.612864
170.232 0.131072
172.938 1.405632
173.945 1.214784
174.949 1.597824
175.96 1.088
176.984 0.963072
177.993 0.240768
179.6 0.2736
180.613 0.891008
181.944 1.116288
182.953 1.0944
183.964 1.044224
185.092 1.127232
186.125 0.536256
187.173 0.558144
188.184 0.415872
189.232 0.131328
190.432 0.317376
191.464 0.190592
192.544 1.006848
193.552 1.53216
194.564 1.19744
195.572 0.798912
196.584 0.93024
197.604 0.755136
198.625 0.672128
199.632 1.105344
200.652 1.280448
201.664 1.186496
202.673 1.160064
203.712 0.809856
204.744 0.339264
205.792 0.464192
206.804 0.787968
207.812 0.744192
208.82 0.853632
209.824 0.645696
