0 2.521664
1.001 2.357504
2.01 2.368448
3.08 2.648448
4.081 2.83904
5.09 3.222088
6.091 2.685824
7.1 2.652992
8.109 2.773352
9.12 2.82812
10.16 2.943936
11.162 2.477888
12.163 2.532608
13.17 2.576384
14.18 2.549952
15.181 2.324672
16.19 3.408128
17.2 3.451904
18.21 3.583232
19.22 2.89376
20.23 2.40128
21.231 2.280872
22.239 2.620184
23.279 2.57184
24.28 2.313728
25.288 2.215232
26.289 2.440512
27.298 2.51072
28.299 2.24804
29.301 2.817176
30.308 3.627
31.309 2.915648
32.329 3.265856
33.331 4.250816
34.332 4.69952
35.339 3.620608
36.34 3.254912
37.341 3.462848
38.343 3.430016
39.348 3.375296
40.36 2.685824
41.398 3.758336
42.399 3.637952
43.401 2.871872
44.402 3.090752
45.408 3.016864
46.409 2.372128
47.41 2.992256
48.411 4.185152
49.419 3.565888
50.458 3.287744
51.488 3.265856
52.518 3.616064
53.519 4.04288
54.52 5.049728
55.528 3.419072
56.529 3.243968
57.537 3.576832
58.538 4.086656
59.539 3.824
60.557 2.970368
61.567 3.090752
62.569 3.189248
63.577 2.828096
64.578 3.419072
65.579 3.867776
66.581 3.71456
67.587 4.48064
68.588 3.036032
69.597 2.412224
70.599 2.477896
71.606 2.221632
72.607 2.992256
73.608 3.189248
74.618 3.189248
75.619 3.430016
76.621 3.38624
77.627 3.719104
78.687 2.276352
79.688 1.897856
80.707 1.980864
81.708 1.569536
82.716 1.904256
83.726 1.985408
84.737 1.996352
85.747 1.783872
86.756 1.821248
87.766 1.740096
88.767 1.52576
89.777 2.24352
90.778 2.368448
91.779 3.309632
92.781 3.189248
93.787 2.83904
94.788 2.740544
95.799 3.200192
96.806 2.893688
97.807 2.64212
98.816 3.375296
99.82 3.156416
100.867 3.265856
101.946 3.2768
103.006 3.206592
104.007 2.685824
105.008 2.576384
106.016 2.248064
107.036 2.390336
108.076 2.670336
109.077 2.795264
110.078 2.21508
111.086 2.14972
112.136 2.232576
113.146 2.587328
114.147 2.466944
115.148 2.473344
116.156 2.390336
117.157 2.116736
118.166 2.707712
119.167 2.7296
120.168 2.812608
121.169 2.576384
122.176 3.627008
123.177 4.020992
124.186 3.295
125.196 2.306464
126.197 2.29184
127.206 1.974464
128.216 3.250368
129.218 1.974464
130.225 2.806208
131.226 3.189248
132.235 4.69952
133.237 4.20064
134.238 5.148224
135.239 4.922944
136.246 4.765184
137.255 4.3648
138.355 4.874624
139.356 4.0976
140.357 4.124032
141.404 3.320576
142.406 4.185152
143.408 4.524416
144.414 3.93344
145.415 3.583232
146.416 3.8176
147.418 4.108544
148.42 4.108544
149.423 4.239872
150.434 3.353408
151.435 3.046976
152.444 2.915648
153.453 2.390336
154.454 2.302784
155.455 1.543104
156.473 0.853632
157.483 1.284992
158.484 2.412224
159.493 2.757888
160.495 2.302784
161.514 2.642048
162.515 2.313728
163.523 2.101248
164.524 1.657088
165.534 1.411776
166.563 0.897408
167.583 1.088
168.594 1.389888
169.603 2.43412
170.613 1.96352
171.633 2.090304
172.634 2.083904
173.643 2.488832
174.644 2.926592
175.723 3.086208
176.724 2.576384
177.733 2.193344
178.743 2.806208
179.744 2.466944
180.814 2.385792
181.822 1.9088
182.832 2.412224
183.833 3.342464
184.834 3.046976
185.912 2.998656
186.944 3.33152
187.952 3.489256
188.982 3.81308
189.983 2.817152
190.992 2.35296
192.002 3.353408
193.003 3.65984
194.013 3.664376
195.022 3.648896
196.023 3.76928
197.024 4.579136
198.042 2.707712
199.043 3.200192
200.045 2.051072
201.052 2.692224
202.053 1.952576
203.061 1.624256
204.082 3.265856
205.131 3.287744
206.171 3.2768
207.221 3.2768
208.231 3.528512
209.232 3.025088
