0 1.827648
1.019 1.711808
2.02 1.554048
3.039 1.302336
4.049 0.86912
5.051 1.302336
6.059 1.25216
7.159 1.291392
8.169 1.280448
9.19 0.825344
10.2 0.995904
11.209 1.072512
12.219 1.6352
13.22 1.783872
14.239 1.481984
15.249 1.521216
16.25 1.192896
17.259 1.000448
18.269 1.14912
19.279 1.547648
20.281 1.6416
21.309 1.591424
22.31 1.740096
23.319 2.707712
24.32 3.430016
25.329 3.287744
26.33 3.44096
27.331 3.211136
28.332 3.2768
29.339 2.532608
30.34 2.002752
31.349 2.259008
32.35 3.101696
33.351 1.788416
34.352 2.915648
35.369 2.95488
36.37 2.543552
37.379 2.379392
38.389 3.200192
39.39 3.594176
40.391 2.62016
41.392 3.364352
42.399 3.254912
43.4 2.609216
44.409 2.374848
45.41 3.298688
46.419 3.11264
47.42 2.806208
48.439 2.663936
49.449 2.521656
50.45 2.56816
51.451 2.45968
52.459 2.412224
53.46 1.930688
54.461 2.4624
55.469 2.488832
56.47 2.029184
57.471 2.62016
58.529 3.075264
59.54 2.423168
60.541 1.996352
61.549 2.324672
62.638 2.867328
63.639 2.335616
64.64 2.29184
65.649 2.499776
66.658 2.506176
67.659 1.96352
68.66 2.543552
69.661 2.539008
70.669 2.23712
71.67 2.1824
72.679 2.368448
73.689 2.998656
74.69 2.357504
75.7 1.996352
76.701 2.331072
77.709 2.51072
78.719 2.193344
79.72 2.456
80.721 2.94848
81.729 2.823552
82.73 2.445056
83.739 2.959424
84.74 3.648896
85.741 3.955328
86.748 2.83904
87.759 2.94848
88.768 2.67488
89.769 3.254912
90.77 3.079808
91.778 2.554496
92.779 2.926592
93.789 2.746944
94.798 2.598272
95.799 2.171456
96.812 2.685824
97.817 2.587328
98.837 2.320128
99.838 2.62016
100.851 2.1824
101.857 2.615616
102.858 2.280896
103.868 2.685832
104.878 2.171456
105.887 2.757888
106.888 2.335616
107.898 2.259008
108.899 2.67488
109.9 2.609216
110.907 2.834496
111.918 2.87172
112.919 1.679128
113.948 3.670784
114.949 3.408128
115.95 3.900608
116.957 3.583232
117.958 3.320576
118.968 3.16736
119.969 2.849984
120.97 2.959424
121.977 3.517568
122.978 4.414976
123.979 3.70816
124.98 3.594176
125.987 2.926584
127.027 3.2768
128.037 3.627008
129.038 4.086656
130.039 4.305536
131.04 4.349312
132.041 4.156864
133.042 4.294592
134.047 3.101696
135.048 3.955328
136.049 4.167808
137.147 4.228928
138.157 4.469696
139.158 4.408576
140.247 4.338368
141.248 2.215232
142.437 2.451456
143.447 2.83904
144.448 2.543552
145.457 3.616072
146.458 2.226176
147.467 2.1888
148.468 1.777472
149.477 2.445056
150.478 3.539456
151.487 4.239872
152.488 4.119488
153.489 4.058368
154.538 4.185152
155.539 3.670784
156.54 4.163264
157.541 4.196096
158.542 3.8176
159.547 4.228928
160.549 4.677632
161.557 4.025536
162.558 4.53536
163.559 3.813056
164.56 3.999104
165.561 3.839488
167.167 4.42592
168.168 3.473792
169.177 2.904704
170.187 2.313728
171.197 4.677632
172.198 4.568192
173.208 3.861376
174.257 4.26176
175.258 3.506624
176.259 3.637952
177.268 3.76928
178.269 2.915648
179.276 2.379392
180.277 2.51072
181.286 2.943936
182.287 3.44096
183.288 3.401728
184.388 3.265848
185.447 3.2768
186.796 2.309184
187.797 2.280896
188.799 2.56544
189.806 2.685824
190.857 2.856384
191.866 2.499776
192.867 4.031936
193.868 3.850432
194.869 4.951232
195.878 4.736896
196.946 4.611968
197.947 4.557248
198.948 3.959872
199.987 4.798016
200.998 5.02144
202.077 4.557248
203.078 4.217984
204.079 4.331944
205.137 4.841664
206.138 2.281048
207.139 2.981312
208.146 3.736448
209.147 3.517568
