0 1.458424
1.001 1.317848
2.11 1.778344
3.12 1.469936
4.121 1.479904
5.123 1.507
6.124 1.285192
7.129 1.015536
8.319 1.017752
9.53 0.71136
10.531 0.98776
11.553 1.157016
12.568 0.56208
13.578 1.0238
14.718 0.969592
15.719 0.442512
16.757 0.997168
17.797 1.41656
18.798 1.384568
19.808 1.206072
20.817 1.042128
21.818 1.692056
22.857 1.765824
24.054 1.761336
25.177 1.716952
26.186 0.567872
27.216 0.7956
28.227 1.330344
29.237 1.57044
30.296 1.599
31.376 1.471584
32.386 1.203784
33.476 1.430592
34.485 0.985128
35.505 1.698008
36.656 1.9382
37.675 2.097432
38.695 1.919632
39.696 1.53472
40.698 1.427728
41.706 1.418304
42.714 1.472256
43.724 0.808968
44.874 1.575264
46.055 1.414488
47.124 1.714384
48.125 1.420352
49.154 1.851576
50.156 2.066952
51.374 1.233296
52.393 1.318056
53.394 1.39356
54.564 1.442576
55.574 1.362696
56.764 0.9774
57.774 1.094696
58.794 1.270912
59.804 1.66912
60.998 1.802464
62.004 1.040272
63.02 1.112352
64.028 1.111568
65.031 1.361824
66.032 1.457376
67.041 0.79632
68.1 0.668136
69.11 0.933192
70.118 0.740928
71.169 0.131072
72.273 1.404336
73.499 0.498344
74.519 1.526944
75.521 1.291072
76.529 1.466296
77.531 1.62084
78.549 1.207848
79.55 1.533192
80.608 1.657736
81.61 1.166816
82.689 1.279184
83.709 1.232256
84.728 1.16068
85.839 1.340424
86.959 1.378008
87.969 1.21476
88.98 0.924336
90.119 1.025544
91.158 1.318344
92.159 1.373072
93.169 1.317704
94.178 1.224776
95.179 1.264864
96.188 1.0278
97.198 1.31896
98.199 1.136952
99.348 1.595128
100.35 1.647664
101.368 1.487448
102.539 1.557424
103.548 1.104848
104.568 1.330128
105.578 1.423016
106.588 1.486256
107.589 1.688312
108.758 1.66624
109.759 1.156432
110.76 1.603856
111.948 1.398024
112.958 1.413296
114.099 1.446008
115.108 1.217168
116.158 1.608592
117.159 1.266312
118.168 1.374064
119.169 1.681144
120.328 1.649888
121.329 1.135336
122.4 1.52108
123.428 2.056016
124.429 1.843624
125.538 1.92336
126.638 1.786696
127.688 1.442136
128.689 1.449408
129.858 1.559784
131.008 1.378496
132.026 1.235864
133.167 1.033072
134.168 1.218192
135.217 1.644816
136.218 1.594184
137.368 2.303808
138.37 1.326952
139.377 1.351728
140.378 1.417928
141.408 1.753344
142.409 1.739304
143.578 1.94512
144.737 1.670568
145.898 1.515488
147.068 1.867592
148.268 1.626832
149.388 1.29404
150.389 1.170128
151.407 1.37528
152.438 1.388368
153.458 1.44004
154.459 1.343984
155.547 1.864304
156.727 1.76888
157.728 1.726
158.73 1.648392
159.742 1.659688
160.748 1.554568
161.749 1.887944
162.761 1.62384
163.767 1.581584
164.769 1.342592
165.778 1.365624
166.817 1.467016
167.826 1.290824
168.827 1.074144
169.847 1.509184
170.848 1.572136
171.856 1.463152
172.895 2.1554
174.085 1.839664
175.09 1.845416
176.095 1.913696
177.125 1.9784
178.127 1.356328
179.136 1.864336
180.137 1.82908
181.175 2.084832
182.176 2.087376
183.306 1.887168
184.307 1.919264
185.308 1.658392
186.31 1.665528
187.405 2.0296
188.406 1.798192
189.535 1.970592
190.536 2.19828
191.537 1.823256
192.716 1.931192
193.775 1.388944
194.784 1.793944
195.785 2.198568
196.895 2.367336
197.896 1.655088
198.984 1.977672
199.985 1.69508
200.986 1.374944
202.025 1.609888
203.094 1.092552
204.204 1.577896
205.214 1.743048
206.224 1.781152
207.344 1.617112
208.384 1.430056
209.395 1.481416
