0 0.415872
1.009 0.47928
2.068 0.532664
3.088 0.644816
4.138 0.88224
5.278 1.4696
6.438 1.7916
7.608 1.1414
8.618 1.215472
9.619 1.62024
10.808 0.971912
11.809 1.13316
12.818 1.156464
13.838 1.193864
14.858 1.171008
15.868 0.35428
16.878 0.623808
17.888 0.689472
18.898 0.604992
19.909 0.60192
20.928 0.426816
21.938 0.306432
22.958 0.212552
25.618 0.361152
26.629 0.854984
27.728 0.821032
28.738 1.095352
29.759 1.196016
30.928 0.582472
31.938 0.589976
32.948 0.831744
33.959 1.242792
35.098 1.485024
36.1 1.47848
37.109 1.633288
38.129 1.800208
39.139 1.660728
40.149 1.82756
41.159 2.342016
42.16 1.773696
43.169 2.47896
44.269 2.146168
45.289 1.871144
46.299 2.064864
47.347 2.93956
48.354 2.591784
49.358 2.162456
50.359 2.501488
51.36 2.84964
52.361 2.815696
53.37 2.62416
54.428 2.434232
55.578 2.232576
56.579 1.358176
57.58 1.729152
58.588 1.36004
59.598 2.276352
60.608 2.062448
61.609 2.99096
62.619 2.895208
63.621 2.7816
64.629 3.234256
65.638 3.240072
66.639 3.9154
67.64 2.82936
68.642 2.372656
69.652 2.867328
70.653 2.216416
71.661 2.329528
72.671 2.943936
73.677 2.739256
74.678 2.757144
75.887 2.68128
76.897 2.418584
77.898 2.962304
79.098 2.57184
80.107 1.752832
81.108 1.775288
82.227 1.674432
83.257 0.963072
84.276 0.131072
86.348 2.061192
87.366 1.105344
88.368 0.806904
89.376 0.71136
90.406 0.229824
91.456 0.207936
92.496 0.021888
93.947 0.05472
104.349 0.010944
131.822 0.16416
132.902 0.15296
201.097 0.567224
202.269 0.065664
203.689 0.032832
204.929 0.032832
206.189 0.032832
207.337 0.010944
