0 1.318384
1.009 1.101912
2.013 1.204672
3.093 1.145872
4.1 1.295728
5.112 1.160128
6.113 1.209832
7.12 0.681576
8.124 0.777328
9.125 0.786168
10.132 0.514368
11.445 0.339264
12.484 0.200256
13.717 0.415872
14.737 0.229824
15.768 0.14948
16.936 0.186048
18.027 0.186048
19.028 0.279424
20.1 0.43776
21.119 0.424152
22.227 0.558144
23.26 0.513464
24.279 0.530648
25.291 0.41616
26.499 0.42488
27.523 0.398
28.53 0.343592
29.951 0.448704
30.955 0.39552
31.995 0.076608
33.062 0.240768
35.482 0.175104
36.635 0.038904
40.559 0.240768
41.587 0.393984
42.679 0.42328
43.691 0.528136
44.706 0.642464
45.707 0.835568
46.871 0.9156
47.879 1.119248
48.882 1.107728
49.883 0.869848
50.89 0.708624
51.895 0.55712
52.902 0.776232
53.903 0.963624
54.927 0.82588
55.934 0.998848
56.95 1.122824
57.954 0.927232
58.955 1.091536
59.959 1.03
60.966 1.158784
61.978 0.905648
62.986 1.053992
64.091 0.459648
65.095 0.676096
66.098 0.81416
67.103 0.820792
68.11 0.82896
69.251 0.93156
70.382 0.910824
71.514 0.99572
72.682 1.103544
73.694 0.874056
74.701 0.86268
75.702 0.974832
76.706 0.962232
77.717 1.12156
78.725 1.12984
79.726 1.238464
80.738 1.122648
81.75 1.128696
82.757 1.030128
83.949 1.091152
84.95 0.909616
85.965 1.01948
86.969 0.855832
87.981 0.91824
88.988 0.978376
89.993 1.282904
91.112 1.142176
92.26 1.107408
93.46 1.0956
94.484 1.171064
95.505 1.265328
96.512 1.158816
97.524 1.17572
98.537 1.065152
99.616 1.0748
101.116 0.501936
102.196 0.942344
103.208 0.662256
104.337 0.534984
105.364 0.540728
106.548 0.496704
107.561 0.459648
108.589 0.29092
109.6 0.664544
110.76 0.939472
111.981 0.668544
112.991 0.651784
113.998 0.445472
115.01 0.05472
116.282 0.95788
117.29 1.06236
118.294 1.031728
119.302 0.988112
120.455 0.27292
121.462 0.652416
122.463 0.633168
123.494 0.7768
124.715 0.859392
125.907 0.826216
126.914 0.6356
127.978 0.882952
129.147 0.704576
130.158 0.694528
131.159 0.795872
132.171 0.6802
133.174 0.928064
134.198 0.772376
135.423 0.930376
136.431 0.713808
137.45 0.613288
138.483 0.193112
139.575 0.375136
140.582 0.794624
141.595 0.520344
142.614 0.735992
143.626 0.784408
144.647 0.770712
145.654 0.828616
146.666 0.6016
147.679 0.68856
148.687 0.661056
149.959 0.75616
150.978 0.582352
151.991 0.689264
153.17 0.642648
154.189 0.638976
155.201 0.631584
156.202 0.669552
157.21 0.70132
158.221 0.589968
159.242 0.65356
160.25 0.618232
161.254 0.733928
162.273 0.655744
163.294 0.521544
164.305 0.436744
165.313 0.536256
166.317 0.681808
167.378 0.740568
168.546 0.855624
169.55 0.600376
170.597 0.537392
171.797 0.75452
172.889 0.671768
173.897 0.724912
174.908 0.642192
175.929 0.707536
176.94 0.52172
177.988 0.459648
179.339 0.317088
180.411 0.147912
181.478 0.43776
182.763 0.457072
183.783 0.315416
184.79 0.196992
185.85 0.204456
186.862 0.596312
187.893 0.593008
188.913 0.680232
189.934 0.784816
191.134 0.738152
192.153 0.755976
193.183 0.626336
194.236 0.8208
195.237 0.160552
196.244 0.696632
197.324 1.013408
198.336 0.87552
199.337 0.829336
200.349 0.903416
201.416 0.72836
202.429 0.60192
203.461 0.439864
204.502 0.525312
205.528 0.263216
206.568 0.372096
207.6 0.627984
208.613 1.424192
209.625 1.125288
