0 0.908352
1.001 1.225728
2.01 0.847232
3.031 0.481536
4.05 0.809856
5.071 0.842688
7.842 1.14272
8.891 1.269504
9.901 0.995904
10.92 0.426816
11.941 0.310976
12.971 0.448704
13.981 0.831744
15.01 0.076608
17.611 1.919744
18.621 0.755136
22.33 1.400832
23.331 0.415872
24.342 0.551744
25.451 0.667584
26.47 0.645696
27.48 1.433664
28.49 0.92384
29.491 1.269504
30.78 0.38304
31.79 0.306432
32.83 0.897408
33.831 0.420416
34.85 0.995904
35.851 1.827648
36.86 1.602368
37.872 1.685376
38.88 1.624256
39.89 1.700864
40.93 1.937088
41.933 1.700864
43.122 0.908352
44.14 0.306432
45.15 0.448704
46.16 1.263104
47.241 2.495232
48.242 2.62016
49.25 1.52576
50.252 2.889216
51.26 2.226176
52.261 1.48196
53.27 2.265408
54.28 1.919768
55.3 2.068416
56.31 2.215232
57.311 2.718656
58.32 2.051072
59.322 2.528064
60.33 2.193344
61.331 2.543552
62.34 2.806208
63.341 3.046976
64.35 3.506624
65.351 2.849984
66.352 3.243968
67.361 3.22208
68.45 2.834496
69.452 2.456
70.453 2.040128
71.459 1.80576
72.469 1.274048
73.479 1.499328
74.48 0.131072
75.685 1.86528
76.699 0.131328
77.739 0.5472
78.74 1.006848
79.759 0.426816
81.0 0.365696
82.399 0.372096
83.409 0.295488
84.41 0.569088
85.419 0.733504
86.43 0.623552
87.439 0.5472
88.464 0.507968
89.469 0.689472
90.479 0.897408
91.48 1.291392
92.5 1.077056
93.51 0.372096
94.529 0.481536
95.545 0.8208
96.549 0.551744
97.559 0.645696
98.579 0.645696
99.6 0.667584
100.61 0.65664
101.619 0.393984
102.719 0.825344
103.73 1.42336
104.739 1.295296
105.87 1.25856
106.879 1.138176
107.89 0.60192
108.899 0.32192
110.149 1.073736
111.389 0.131072
114.297 2.335184
115.299 0.744192
116.307 0.520768
117.327 0.759216
118.338 0.734848
119.347 0.69432
120.368 0.904728
121.477 0.917624
122.478 1.106344
123.488 0.895664
124.497 0.85264
125.508 0.86088
126.517 1.15584
127.538 0.997224
128.558 0.955176
129.568 1.214784
130.578 0.8532
131.591 0.558144
132.598 0.849328
133.607 0.60232
134.608 0.795208
135.708 0.899992
136.827 0.952048
137.947 0.98496
138.957 0.720792
139.987 1.220264
141.257 1.220936
142.377 1.281424
143.537 1.303864
144.728 1.280448
145.737 1.058344
146.738 0.961424
147.758 1.25856
148.759 0.856488
149.768 0.82532
150.788 0.98496
151.796 0.645696
152.799 0.520232
153.806 0.700416
154.807 0.885904
155.816 0.93024
156.835 0.656768
157.865 0.787968
158.866 0.58404
159.875 1.269504
160.876 1.66988
161.88 1.337856
162.891 1.318936
163.9 1.531896
164.901 1.337864
165.922 1.369368
166.93 1.247072
167.941 1.674432
168.95 1.49392
169.961 1.394576
170.981 1.6416
172.0 1.277496
173.011 1.344784
174.02 1.44636
175.03 1.718208
176.04 0.841408
177.049 1.361696
178.121 1.72784
179.35 1.882368
180.359 1.563728
181.36 1.609904
182.369 1.578752
183.39 1.561416
184.41 1.5154
185.419 1.804656
186.54 1.923856
187.709 2.027216
189.038 2.155968
190.04 1.505128
191.049 1.673312
192.069 1.568552
193.07 1.540776
194.078 1.681512
195.129 1.94656
196.379 1.687424
197.549 1.783872
198.569 1.324248
199.579 1.608768
200.599 1.228856
201.609 1.290864
202.648 1.564992
203.659 1.181336
204.679 1.061568
205.798 1.270576
206.808 1.513152
207.988 1.663488
208.999 1.171768
