0 1.591096
1.009 1.624544
2.01 2.493832
3.219 2.615
4.382 2.741464
5.569 2.549952
6.57 1.805488
7.579 1.833504
8.649 1.80576
9.658 1.406504
10.678 1.389888
11.698 1.225728
12.708 0.701688
13.709 1.072512
14.716 1.849536
15.718 1.497824
16.72 1.783872
17.728 1.613552
18.729 2.276352
19.73 1.691944
20.739 2.473344
21.749 1.500088
22.759 2.057472
23.768 1.25916
24.769 1.389888
25.771 1.308064
26.931 1.42272
27.932 1.433664
28.94 1.028736
30.16 0.77808
31.183 0.667584
32.424 0.889616
33.425 1.44432
34.434 1.399336
35.544 1.761984
36.793 1.138848
37.829 1.214784
38.844 0.629448
39.853 0.722304
40.854 0.678528
41.923 0.251712
42.944 0.142272
44.003 0.065664
45.004 0.021888
46.656 1.614512
47.664 1.344488
48.684 1.291672
49.693 1.264712
50.843 1.239504
51.847 1.061192
52.853 0.9464
53.863 0.9272
54.873 1.344112
55.894 1.236936
56.903 1.476712
57.918 1.259904
58.934 1.0368
59.984 1.037136
61.024 0.995904
62.033 0.441712
63.163 0.043776
68.653 0.010944
89.067 0.372096
90.097 0.792568
91.547 0.415872
92.557 0.393192
93.897 0.292792
94.906 0.404928
95.937 0.240824
97.308 0.504768
98.697 0.186048
99.747 0.087552
101.041 0.05472
102.632 0.021888
104.521 0.010944
107.212 0.116648
108.271 0.131328
109.311 0.10944
110.351 0.10944
111.431 0.021888
114.371 0.093144
115.441 0.107504
116.442 0.43776
117.461 0.474824
118.462 0.625248
119.642 0.963448
120.802 0.959968
121.912 1.021416
123.091 0.960376
124.162 1.00952
125.342 1.036856
126.452 1.143136
127.469 0.6476
128.47 0.564848
129.5 0.415872
130.509 0.436424
131.51 0.808512
132.519 0.889928
133.529 1.146768
134.539 1.284208
135.669 1.457128
136.67 1.378944
137.675 1.294776
138.685 1.734952
139.695 1.980864
140.706 1.438672
141.725 1.543104
142.732 1.16528
143.736 1.488384
144.742 0.975552
145.758 0.725312
146.77 1.138176
147.771 1.055832
148.951 1.171008
149.952 1.247616
150.962 0.95932
151.971 1.291392
152.972 1.434832
154.071 1.707264
155.072 1.509088
156.182 1.871424
157.192 1.481328
158.202 1.596424
159.212 1.980864
160.213 1.368656
161.282 1.386736
162.413 1.761984
163.562 1.101608
164.564 1.301936
165.602 1.652544
166.612 1.343912
167.622 1.359032
168.632 1.500184
169.642 1.719256
170.744 1.663488
171.752 1.119064
172.761 1.247616
173.762 0.802712
174.771 1.14912
175.791 0.828512
176.811 1.335168
177.812 1.546824
178.821 0.131072
179.982 3.555648
180.996 1.415256
182.081 1.324224
183.082 0.972312
184.091 0.982456
185.102 1.138176
186.111 0.77264
187.123 1.001728
188.124 1.230128
189.125 1.575936
190.134 1.053144
191.146 1.050624
192.154 0.962512
193.164 1.247616
194.165 0.291024
195.174 1.427712
196.769 1.357056
197.773 1.66564
198.964 1.884856
199.974 1.824728
200.984 1.86584
201.992 2.190384
202.994 2.170728
203.995 1.752104
205.174 1.7514
206.184 1.750592
207.185 1.874128
208.194 1.936784
209.195 2.55124
