0 1.105576
1.128 1.276048
2.149 1.402176
3.159 1.422048
4.177 1.34816
5.178 1.455728
6.188 1.45836
7.189 1.30896
8.367 1.449744
9.368 1.118008
10.477 1.260136
11.637 1.31968
12.638 1.342128
13.768 1.232552
14.938 1.06708
15.947 0.995816
17.037 0.744184
18.047 0.90348
19.127 1.195872
20.357 0.96248
21.358 1.021512
22.367 1.029432
23.377 1.14164
24.397 1.062296
25.527 1.049368
26.537 0.789368
27.547 0.945992
28.567 1.079552
29.577 0.678272
30.587 0.741784
31.597 0.66996
32.617 0.626624
33.636 0.350696
34.676 0.55616
35.845 1.0206
36.846 0.8234
37.865 0.81528
38.866 1.104744
39.876 1.148856
40.945 1.116456
42.135 1.0798
43.146 1.360104
44.165 0.916648
45.185 1.119864
46.345 0.96376
47.425 1.023824
48.495 1.245392
49.505 0.972888
50.506 1.37712
51.735 1.492784
52.965 1.218096
54.175 1.124496
55.285 1.14324
56.425 1.146168
57.524 1.07224
58.534 1.040016
59.545 1.099456
60.565 1.064752
61.655 1.205784
62.664 1.278928
63.705 1.072464
64.725 1.24308
65.735 1.373104
66.765 1.277016
67.766 1.164992
68.924 0.91612
69.994 1.216336
70.995 1.150896
72.005 1.09028
73.201 1.297256
74.206 0.55904
75.365 1.262096
76.366 0.485856
77.415 1.165776
78.614 1.209912
79.615 1.028024
80.624 1.173576
81.625 1.406104
82.626 1.247096
83.694 1.532352
84.824 1.25368
85.834 1.040008
86.835 1.005456
87.844 0.930728
89.004 1.2984
90.014 0.773016
91.024 1.106872
92.214 1.14644
93.384 0.99452
94.403 0.861512
95.513 1.126312
96.523 0.813224
97.533 1.127712
98.743 0.95128
99.863 0.993184
101.043 0.980584
102.553 0.883552
103.563 0.907856
104.631 1.171824
105.822 1.114824
107.062 0.873624
108.102 1.018608
109.202 1.016952
110.362 1.140168
111.372 0.749
112.399 0.903912
113.562 1.025104
114.572 0.816216
115.642 0.97548
116.732 0.848864
117.782 0.874616
118.792 1.092944
119.801 1.130608
120.811 0.807328
121.812 0.880176
122.821 1.029344
123.831 0.981968
124.851 1.312072
125.981 1.051312
127.011 1.150312
128.191 1.061296
129.21 0.99872
130.26 1.424768
131.261 0.89616
132.27 1.022504
133.279 0.966504
134.35 0.741224
135.369 0.923216
136.37 0.99364
137.48 1.058392
138.54 0.971768
139.56 1.319656
140.569 1.069696
141.579 0.655664
142.609 0.991048
143.62 0.706264
144.621 0.806528
145.63 0.558936
146.67 0.781008
147.679 0.644704
148.699 0.495632
149.779 0.4918
150.889 0.477312
151.909 0.425232
153.159 0.2736
154.209 0.131072
155.213 0.777056
156.34 0.870336
157.56 0.967152
158.649 0.987368
159.65 0.91972
160.688 1.074528
161.808 1.260232
162.878 1.217424
163.988 1.074128
164.989 1.107792
165.998 0.904896
166.999 1.0056
168.008 1.059344
169.188 1.380016
170.198 1.33172
171.277 1.2586
172.397 1.153608
173.499 0.983256
174.507 1.01856
175.587 1.208064
176.597 0.87432
177.598 1.061464
178.637 0.92716
179.647 0.957496
180.666 0.546984
181.759 0.514368
182.777 0.685704
183.785 0.502408
184.795 0.517648
185.796 0.90588
186.806 0.723144
187.826 0.561504
188.838 0.520408
189.856 0.384176
191.176 0.765464
192.196 0.59516
193.206 0.415872
194.366 0.688576
195.475 0.609056
196.705 0.43776
197.726 0.167808
199.415 0.671296
200.546 0.7506
201.686 0.970536
202.695 0.795336
203.706 0.778728
204.725 0.610624
205.906 0.540248
206.995 0.526152
208.076 1.10804
209.526 0.904016
