0 0.64208
1.009 0.525312
2.029 0.284544
3.059 0.207936
4.099 0.142272
5.17 0.10944
6.272 0.098496
7.329 0.131328
8.33 0.131328
9.419 0.010944
15.41 0.033192
18.054 0.009016
20.848 0.05472
22.059 0.43776
23.078 0.512784
24.089 0.237144
25.098 0.309032
26.318 0.207936
27.35 0.16416
28.529 0.146544
29.798 0.065664
30.808 0.43268
31.899 1.041336
32.908 0.740328
33.938 0.67448
34.939 0.687208
35.989 1.053408
37.048 1.089624
38.058 0.821784
39.089 0.945664
40.091 0.976592
41.098 1.235368
42.107 0.724904
43.109 0.908304
44.118 0.995904
45.128 0.58796
46.148 0.580032
47.157 0.365184
48.177 1.015488
49.407 1.06408
50.578 1.10676
51.598 0.843944
52.608 1.074704
53.798 1.247616
54.808 0.905608
55.818 0.739432
56.828 0.87552
57.829 0.707184
58.848 0.748984
60.068 0.10944
61.218 0.087552
63.079 0.977672
64.227 1.12708
65.237 1.050448
66.238 0.974112
67.397 1.107512
68.457 0.514368
69.477 0.453152
70.797 0.240768
71.809 0.38304
72.829 0.502632
73.849 0.49248
74.889 0.285656
76.039 0.623808
77.059 0.422408
78.069 0.534016
79.199 0.536256
80.202 0.571088
81.209 0.645696
82.219 0.442088
83.229 0.372096
84.239 0.21888
85.4 0.214512
86.42 0.240768
87.455 0.032832
88.495 0.374632
89.496 0.789808
90.506 0.911584
91.516 0.825224
92.52 1.181
93.68 1.004152
94.69 0.731432
95.699 0.897408
96.71 0.269568
97.73 0.186048
98.77 0.686928
99.83 1.079
100.93 0.941184
101.95 0.675728
102.96 0.958288
103.97 1.331232
104.971 1.4728
105.98 0.93108
107.0 1.466496
108.04 1.397536
109.049 1.597824
110.05 1.300336
111.059 1.507136
112.229 1.6416
113.23 1.049224
114.239 1.171008
115.249 1.466168
116.26 1.849536
117.27 1.578192
118.276 1.636248
119.295 2.02464
120.296 1.27204
121.305 1.346112
122.319 0.601192
123.324 1.072512
124.334 1.198072
125.354 1.652544
126.355 1.214328
127.374 1.729152
128.394 1.005296
129.395 0.995904
130.404 0.886464
131.433 0.401176
132.443 0.809856
133.444 0.733248
134.454 0.777024
135.474 0.365168
136.593 0.43776
137.604 0.722304
138.614 0.87552
139.624 0.580336
140.664 0.974016
141.675 0.821816
142.689 0.93024
143.693 0.65896
144.694 0.558144
145.703 0.38304
146.723 0.503424
147.735 0.412064
148.757 0.569088
149.782 0.445208
150.827 0.722304
151.837 0.574088
152.847 0.76608
153.856 0.639224
154.876 0.645432
155.896 0.697776
156.906 0.693392
157.916 0.744192
158.935 0.461296
159.966 0.558144
160.985 0.43964
162.016 0.645696
163.036 0.582472
164.038 0.470592
165.065 0.348856
166.085 0.350208
167.104 0.306432
168.124 0.154256
169.125 0.317376
170.135 0.120384
171.165 0.05472
172.355 0.01204
203.111 0.043776
205.812 0.032832
207.029 0.032832
208.391 0.032832
209.83 0.021888
