0 0.503424
1.04 0.346344
2.07 0.36996
3.09 0.448704
4.1 0.355832
5.13 0.470824
6.37 0.481536
7.38 0.318328
8.4 0.503424
9.41 0.40704
10.42 0.332
11.447 0.391312
12.61 0.361152
13.64 0.33076
14.68 0.471536
15.69 0.348264
16.73 0.38304
17.82 0.625072
18.83 0.72716
19.89 0.804488
20.9 0.9092
21.901 1.045456
22.91 1.259656
23.911 1.231584
24.92 1.367584
26.081 1.27652
27.091 1.379984
28.092 1.097008
29.101 1.110096
30.111 0.844144
31.337 0.577944
32.359 0.317376
33.469 0.386088
34.63 0.888608
35.649 1.09468
36.689 1.38888
37.691 1.160584
38.699 1.294984
39.709 1.475864
40.759 1.362936
41.779 0.991752
42.789 1.039576
43.839 1.320688
44.84 1.086176
45.919 1.16276
46.929 1.102712
47.939 0.873584
49.019 1.2056
50.029 1.065272
51.032 1.059992
52.049 0.6862
53.109 0.931416
54.118 0.39676
55.119 0.332928
56.128 0.466784
57.137 0.642304
58.138 0.327408
59.158 1.088584
60.169 1.190416
61.193 1.307176
62.238 1.353456
63.24 0.842152
73.226 1.023824
74.237 1.59924
75.238 1.26436
76.246 1.509104
77.396 1.480784
78.406 1.505864
79.407 1.180256
80.416 1.266176
81.566 1.151368
82.567 1.265312
83.568 1.074672
84.576 0.887744
85.577 1.073
86.746 1.22044
87.756 1.45912
88.758 1.548544
89.766 1.642432
90.786 1.567424
91.906 1.649064
93.036 1.460216
94.216 1.154216
95.246 1.481696
96.306 1.356728
97.316 1.33904
98.326 1.233456
99.336 1.438712
100.496 1.44204
101.498 1.4896
102.516 1.060192
103.517 1.426592
104.577 1.388944
105.657 1.436256
106.726 1.262352
107.794 1.277736
108.897 1.544904
109.906 1.099144
110.956 1.354168
112.116 1.288056
113.117 0.871288
114.136 1.419968
115.137 1.374552
116.145 1.525744
117.305 1.212648
118.315 0.659664
119.325 0.300704
120.347 0.131072
121.851 0.556896
123.904 0.902168
124.914 0.655256
126.093 0.515432
127.103 0.630128
128.104 0.803816
129.115 1.259408
130.117 1.35676
131.274 1.551792
132.275 1.1004
133.284 1.352592
134.435 1.406688
135.496 1.426168
136.576 1.27976
137.584 1.015816
138.594 1.266624
139.595 1.32764
140.604 1.248072
141.605 1.483968
142.614 1.538992
143.624 1.549224
144.713 1.637272
145.853 1.402512
147.013 1.517424
148.183 1.551304
149.374 1.281352
150.462 1.53024
151.632 1.551408
152.641 1.128496
153.661 1.34984
154.681 1.1242
155.682 1.085704
156.792 1.498384
157.972 0.956648
158.981 1.043
160.121 1.323072
161.132 0.828056
162.141 0.95404
163.151 0.761984
164.401 0.566504
165.412 0.59132
166.42 0.600288
167.439 0.99368
168.441 1.186936
169.451 1.125592
170.452 0.858936
171.46 0.950416
172.491 0.634224
173.5 0.481536
175.184 0.475752
176.2 0.724416
177.21 0.578016
178.22 0.663336
179.24 0.688696
180.249 0.650056
181.28 0.373488
182.299 0.354152
183.34 0.49248
184.35 0.475312
185.385 0.428288
186.409 0.379744
187.42 0.816584
188.43 1.143984
189.59 1.359728
190.63 1.323336
191.631 1.220408
192.82 1.250048
193.829 0.997632
194.839 1.160344
195.849 1.385888
197.024 1.590032
198.029 1.356008
199.079 1.574104
200.249 1.691584
201.418 1.62324
202.428 1.308096
203.437 1.689976
204.438 1.296856
205.489 1.646056
206.668 1.376536
207.678 1.411272
208.679 1.436848
209.778 1.761816
