0 0.5472
1.11 0.536256
2.111 0.50524
3.121 0.481536
4.132 0.729392
5.351 0.733248
6.371 0.689472
7.391 0.267496
8.441 0.339264
9.481 0.37184
12.622 0.8756
13.63 0.510784
14.66 0.324272
15.71 0.295488
16.711 0.21888
17.97 0.179512
18.98 0.153216
20.02 0.087552
21.15 0.087552
22.93 0.104232
24.936 0.184112
25.949 0.401008
27.219 0.514368
28.229 0.54524
29.239 0.615584
30.249 0.5958
31.449 0.591152
32.459 0.647704
33.469 0.425144
34.484 0.604328
35.499 0.506072
36.529 0.415872
37.549 0.266304
38.559 0.349744
39.579 0.32832
40.589 0.549144
41.749 0.536256
42.779 0.246968
43.929 0.251712
44.969 0.48476
46.068 0.543816
47.199 0.517704
48.829 0.229824
50.179 0.207936
51.239 0.148592
52.279 0.153216
53.309 0.242784
54.318 0.085624
55.339 0.284544
56.498 0.152752
57.688 0.240768
58.698 0.295488
59.728 0.224448
60.77 0.409088
62.048 0.43776
63.058 0.24412
64.067 0.350208
65.108 0.284544
66.118 0.301872
67.138 0.41032
68.168 0.387136
69.187 0.441368
70.328 0.463808
71.468 0.508512
72.477 0.42328
73.627 0.48544
74.967 0.175104
76.027 0.175104
77.037 0.172976
78.048 0.350208
79.128 0.374784
80.13 0.491616
81.137 0.486536
82.148 0.441128
83.168 0.549696
84.177 0.499928
85.187 0.431208
86.208 0.519704
87.218 0.43596
88.227 0.44208
89.678 0.61704
90.687 0.66912
91.688 0.6846
92.798 0.674992
93.808 0.670408
94.818 0.74096
95.827 0.640552
96.848 0.402944
97.867 0.733248
98.888 0.727176
100.107 0.470592
101.257 0.131072
103.965 1.11848
104.987 0.459648
106.0 0.259176
107.007 0.350208
108.017 0.334184
109.047 0.32832
110.087 0.229824
111.107 0.24604
112.127 0.358416
113.257 0.468448
114.267 0.460768
115.777 0.295232
117.407 0.37156
118.447 0.305256
119.467 0.18412
120.807 0.284544
121.817 0.266312
122.837 0.258784
123.857 0.361152
124.897 0.238776
126.258 0.332728
127.287 0.295488
128.316 0.195528
129.317 0.240768
130.378 0.175104
131.407 0.262656
132.467 0.137864
133.487 0.240768
134.527 0.207936
135.556 0.16416
136.577 0.08548
137.617 0.142272
138.666 0.207936
139.687 0.153216
141.067 0.075672
142.156 0.284544
143.177 0.26512
144.187 0.32832
145.196 0.213552
146.206 0.306432
147.216 0.25436
148.286 0.339264
149.347 0.22844
150.435 0.361152
151.455 0.294208
152.475 0.393984
153.655 0.249928
154.745 0.339264
155.765 0.3274
156.767 0.49248
157.816 0.390536
158.835 0.357024
159.855 0.284544
160.885 0.293056
161.895 0.284544
162.927 0.142272
163.995 0.125224
165.098 0.249784
166.365 0.253104
167.375 0.457408
168.656 0.505656
169.775 0.498472
170.865 0.483704
172.126 0.507824
173.136 0.861664
174.215 0.9188
175.315 1.16088
176.445 1.12576
177.516 1.287056
178.518 1.347728
179.525 1.051304
180.605 1.202472
181.626 1.342072
182.635 1.241648
183.656 1.674432
184.665 1.374104
185.666 1.275224
186.675 1.341744
187.685 1.342456
188.705 1.630656
189.716 1.635784
190.855 2.177856
191.856 1.748216
192.864 1.639976
193.874 1.366448
194.875 1.302496
195.884 1.358152
196.885 1.45488
197.894 1.457272
198.903 1.40656
199.913 1.444032
200.914 1.289888
201.925 1.514928
202.964 1.786936
203.983 1.519272
204.993 1.427752
206.143 1.793592
207.153 1.74104
208.154 1.584568
209.155 1.68808
