0 0.290928
1.01 0.404928
2.03 0.473288
3.04 0.42644
4.05 0.339264
5.06 0.421032
6.069 0.667584
7.07 0.396096
8.09 0.468576
9.1 0.51012
10.139 0.417032
11.25 0.216944
12.32 0.420232
13.399 0.548592
14.479 0.562088
15.48 0.913072
16.49 0.7752
17.5 0.915816
18.709 0.72988
19.719 0.39148
20.759 0.63464
21.768 0.60192
22.779 0.331104
23.789 0.472712
25.018 0.415872
26.028 0.336256
27.049 0.347464
28.078 0.323304
29.089 0.418312
30.169 0.457064
31.179 0.585048
32.218 0.768192
33.227 0.55776
34.24 0.439504
35.248 0.326856
36.261 0.262656
37.297 0.20224
38.327 0.2736
39.358 0.215368
40.368 0.317376
41.417 0.229824
42.427 0.235032
43.437 0.317376
44.497 0.197032
45.537 0.195056
46.577 0.2736
47.608 0.212984
48.628 0.251712
49.652 0.183312
50.777 0.339264
51.787 0.53944
52.817 0.69892
53.818 0.665264
55.049 0.5472
56.167 0.317864
57.207 0.229824
58.257 0.217088
59.267 0.306432
60.277 0.197376
61.287 0.306432
62.337 0.270272
63.347 0.393984
64.357 0.292304
65.367 0.433528
66.397 0.474928
67.637 0.306432
68.657 0.27064
69.778 0.229824
70.847 0.196992
71.927 0.21232
72.957 0.262656
74.067 0.153216
75.087 0.141192
76.167 1.190168
77.337 1.261488
78.487 0.849192
79.507 0.78592
80.647 0.91068
81.657 1.013056
82.688 0.83124
83.877 0.756024
84.887 1.05292
85.907 1.065672
86.917 0.988336
87.918 1.168432
89.007 1.312624
90.008 1.030784
91.037 0.598848
92.056 0.16416
93.086 0.251712
94.116 0.342056
95.297 0.996816
96.307 0.565544
97.318 0.67672
98.486 1.04412
99.623 0.992448
100.637 0.731576
101.697 1.211296
102.706 1.36092
103.707 1.08724
104.756 0.917152
105.767 0.736968
106.768 0.873552
107.796 0.595344
108.817 0.523064
109.826 0.627656
110.856 0.541728
111.946 0.589024
112.966 0.552096
113.967 0.62948
114.976 0.759888
116.516 0.543944
117.626 0.601368
118.646 0.747312
119.656 1.003152
120.666 0.766104
121.676 1.004728
122.677 1.028176
123.686 1.26652
124.687 0.877024
125.707 1.068736
126.756 0.80764
127.836 0.588448
128.875 0.331616
129.895 0.51744
130.905 0.581384
131.915 0.825928
132.916 0.725912
134.045 0.795472
135.055 0.703248
136.085 0.686648
137.095 0.642392
138.294 0.899784
139.295 1.261064
140.305 1.325808
141.465 1.182624
142.475 1.131744
143.485 1.287896
144.645 1.133024
145.665 1.268248
146.675 1.382672
147.685 0.941064
148.775 0.754688
149.78 1.217048
150.865 1.218712
152.025 1.065168
153.045 1.022992
154.055 1.561176
155.175 1.523984
156.185 1.576104
157.365 1.424072
158.555 1.578848
159.775 1.5448
160.785 1.228448
161.795 1.589264
162.995 1.51836
164.005 1.077368
165.214 0.870296
166.215 1.400792
167.415 1.641016
168.424 0.89704
169.426 1.284408
170.435 1.459616
171.455 0.882216
172.465 0.607552
173.474 0.736144
174.485 0.83128
175.503 0.857752
176.593 0.936664
177.604 1.306512
178.784 1.281096
179.924 1.271256
181.044 1.193792
182.113 1.08304
183.124 0.809432
184.133 0.902712
185.144 1.086096
186.153 0.822832
187.163 0.8852
188.173 0.781672
189.203 0.60712
190.238 0.665176
191.243 0.746288
192.343 0.656064
193.353 0.79056
194.365 1.009928
195.373 0.949288
196.374 0.70968
197.423 1.083056
198.433 0.568288
199.443 0.580216
200.673 0.68208
201.963 0.38304
202.993 0.350208
204.023 0.095472
205.043 0.426816
206.073 0.249208
207.093 0.459296
209.233 0.284544
