0 0.496464
1.015 0.52432
2.024 0.361152
3.055 0.096464
4.056 0.142272
5.115 0.207936
6.125 0.1584
7.145 0.426136
8.215 0.455424
9.375 0.44712
10.465 0.43776
11.495 0.262448
12.504 0.48152
13.554 0.535776
14.564 0.454944
15.574 0.322792
16.654 0.513032
17.903 0.494664
18.953 0.503648
19.954 0.401192
20.963 0.507584
21.973 0.503424
22.993 0.464704
24.003 0.675488
25.023 0.256632
26.033 0.32832
27.073 0.314128
28.093 0.38304
29.123 0.249536
30.153 0.284544
31.184 0.168976
32.193 0.428296
33.203 0.481672
34.22 0.462312
35.303 0.48132
36.334 0.525736
37.344 0.510488
38.373 0.429856
39.383 0.499136
40.424 0.445488
41.443 0.633
42.454 0.75788
43.474 0.6796
44.713 0.686344
45.733 0.776704
46.913 0.32832
47.964 0.262656
49.024 0.108528
50.105 0.361152
51.113 0.197944
52.153 0.583496
53.313 0.536256
54.323 0.26368
55.343 0.27592
56.533 0.098496
58.584 0.076608
62.033 0.302408
63.242 0.474408
64.552 0.544152
65.742 0.617088
67.066 1.279248
68.272 1.182856
69.291 0.980872
70.302 0.935608
71.311 0.656424
72.321 0.663816
73.324 0.797896
74.331 0.966352
75.352 0.82812
76.531 0.724296
77.541 0.731704
78.811 0.657776
79.821 0.49248
80.83 0.131072
87.649 0.010584
89.224 0.218784
90.264 0.251712
91.274 0.11372
92.294 0.120384
93.304 0.131328
94.334 0.087552
95.344 0.131328
96.394 0.079216
97.463 0.10944
98.494 0.120384
99.594 0.10944
100.904 0.22632
102.643 0.503424
103.653 0.488672
104.663 0.3648
105.683 0.660352
106.703 0.619272
107.914 0.620328
108.922 0.72764
109.933 0.35224
111.692 0.680232
112.702 0.828592
113.922 0.86948
114.932 0.635592
115.942 0.518112
116.973 0.217832
117.982 0.707024
118.993 0.590888
120.002 0.382048
121.031 0.31964
122.341 0.010944
124.502 0.393984
125.711 0.184368
126.741 0.295488
127.751 0.202768
128.781 0.33208
129.921 0.306432
130.931 0.18992
131.942 0.16416
132.95 0.21888
133.96 0.179576
134.97 0.207936
135.98 0.207936
136.99 0.234064
138.0 0.372096
139.01 0.30528
140.15 0.030896
141.24 0.131328
142.26 0.120384
143.32 0.120384
144.48 0.11952
145.55 0.163488
146.611 0.087736
147.69 0.21888
148.72 0.184656
150.031 0.10944
151.18 0.098496
152.2 0.131328
153.26 0.08588
154.42 0.229568
155.55 0.228504
156.71 0.284544
157.712 0.793864
158.73 0.931384
159.95 0.78848
160.952 1.208456
162.18 1.163072
163.19 1.012248
164.27 1.20804
165.28 1.000232
166.31 1.287888
167.44 0.964472
168.45 1.03924
169.509 1.059808
170.529 0.930696
171.53 0.942704
172.609 0.914832
173.709 1.072088
174.838 1.10716
175.978 1.182072
177.108 1.2578
178.278 0.131072
185.395 0.729696
186.804 1.07
187.806 1.491776
189.005 1.381064
190.015 1.3992
191.025 1.42112
192.035 1.291088
193.224 1.384576
194.235 1.414544
195.465 1.46052
196.475 0.925288
197.515 1.406208
198.525 1.285552
199.705 1.401368
200.706 1.40292
201.715 1.35728
202.735 1.213528
203.884 1.171088
204.904 1.300544
205.984 1.070976
207.094 1.219056
208.104 0.821912
209.224 0.781936
