0 1.71944
1.001 2.560896
2.01 1.639656
3.02 1.58688
4.049 1.488384
5.07 0.8486
6.072 1.499328
7.079 1.827648
8.08 0.730112
9.169 1.433664
10.171 2.528064
11.18 0.811792
12.19 2.998656
13.2 0.887816
14.21 3.184704
15.221 2.477368
16.231 2.49648
17.251 2.224352
18.252 2.086736
19.261 1.328008
20.29 1.400832
21.301 1.958976
22.302 1.903352
23.481 1.96992
24.491 2.576472
25.97 1.236672
26.971 1.926144
27.981 1.893312
29.001 1.19736
30.332 2.112192
31.333 2.736
32.341 1.770744
33.352 2.101248
34.362 2.340336
35.891 2.506176
36.892 2.889216
37.893 0.755136
38.901 1.466496
39.902 1.709952
40.982 1.608768
41.987 1.617056
42.992 2.615616
44.002 1.25448
45.005 2.303048
46.063 2.922048
47.073 0.858512
48.074 3.08716
49.075 2.691312
50.082 2.265104
51.093 2.481944
52.263 2.59288
53.272 2.679816
54.274 1.972704
55.281 2.240776
56.282 2.727864
57.292 2.586752
58.302 0.848
59.303 1.944984
60.304 2.439928
61.312 2.02216
62.354 1.731784
63.532 2.38952
64.533 1.620416
65.542 2.424544
66.543 3.245368
67.544 2.533208
68.732 2.40768
69.733 2.307648
70.734 1.629344
71.752 2.506176
72.753 1.742592
73.765 2.80636
74.775 2.751832
75.983 3.370752
76.984 2.692344
77.993 3.381696
78.994 1.905376
79.995 2.95488
81.003 2.276352
82.024 2.928032
83.025 2.2786
84.044 2.165648
85.045 1.644528
86.063 2.49848
87.064 1.833544
88.123 2.943936
89.124 2.274392
90.125 0.630792
91.133 2.36724
92.244 2.384816
93.954 2.090304
94.964 2.020808
95.974 2.02492
96.975 1.165
98.023 1.42272
99.024 2.714112
100.035 2.368344
101.044 2.757888
102.045 2.41308
103.244 2.068416
104.254 2.66716
105.255 1.946088
106.256 1.65
107.334 1.171008
108.377 2.161496
109.394 1.926144
110.395 1.58064
111.396 2.296
113.014 1.03968
114.015 1.966648
115.104 0.623808
116.105 2.294776
117.265 2.046528
118.267 1.05292
119.305 1.58688
120.315 1.093256
121.335 2.101248
122.336 2.01696
123.452 1.47744
124.456 2.04968
125.775 0.60192
126.776 2.265408
127.796 0.615816
128.797 1.543104
129.806 1.707832
131.055 1.937088
132.056 0.978832
133.086 0.686392
134.116 0.842688
135.117 0.422144
136.126 0.065664
137.637 0.240768
138.646 0.306432
139.696 0.131328
140.736 0.306432
142.126 0.36908
143.136 0.451824
144.156 0.481536
145.176 0.177232
146.297 0.611856
147.506 0.10944
148.547 0.500496
149.556 0.577072
150.747 0.436712
151.797 0.262656
152.817 0.280288
153.897 0.295488
154.907 0.266448
156.023 0.350208
157.347 0.26124
158.397 0.291592
159.407 0.329296
160.467 0.4724
161.477 0.583624
162.508 0.538712
163.528 0.481656
164.538 0.312672
165.607 0.411784
167.067 0.465384
168.298 0.350208
169.308 0.232592
170.328 0.32832
171.338 0.108848
172.548 0.361152
173.558 0.111784
174.598 0.04184
176.438 0.065664
178.358 0.16416
179.508 0.010944
181.288 0.076608
182.859 0.032832
184.939 0.021888
186.259 0.087552
187.609 0.413376
188.619 0.534296
189.649 0.558512
190.68 0.443352
191.699 0.308264
192.819 0.295488
193.82 0.364032
194.849 0.58408
195.859 0.306296
196.879 0.251712
197.9 0.277552
199.019 0.470592
200.029 0.307192
201.03 0.308864
202.059 0.50164
203.38 0.361152
204.41 0.613904
205.43 0.220144
206.46 0.591824
207.71 0.306432
208.75 0.455856
209.76 0.435336
