0 1.7944
1.009 1.849536
2.01 1.409776
3.05 1.6416
4.06 1.991808
5.069 1.350856
6.07 2.241264
7.2 2.429568
8.201 1.843672
9.211 2.663248
10.216 0.98064
11.221 1.779376
12.232 1.548752
13.352 2.723952
14.354 2.208824
15.362 2.552192
16.363 2.35664
17.364 3.217608
18.372 2.661136
19.467 2.442744
20.468 1.631664
21.477 2.334912
22.478 1.86744
23.487 1.324224
24.497 1.337008
25.507 1.36512
26.517 1.45484
27.647 1.608512
28.671 1.501616
29.677 1.367424
30.687 1.171472
31.697 1.47744
32.727 0.594432
33.857 1.630656
34.867 1.079952
35.887 1.072512
36.907 0.886216
37.917 2.02464
38.918 1.283832
39.927 1.795168
40.928 2.136992
41.929 1.61612
42.937 1.904256
43.938 1.40376
44.947 1.7576
45.967 1.821864
46.968 1.941496
47.977 1.413144
48.987 1.43312
49.997 1.975456
51.008 1.887056
52.078 2.417616
53.079 1.56172
54.087 2.103
55.096 2.198464
56.097 3.04516
57.297 2.813368
58.337 2.998656
59.338 2.295952
60.347 2.277264
61.348 1.780664
62.357 2.057472
63.358 1.56152
64.367 1.87964
65.369 1.552104
66.37 1.554496
67.459 1.444608
68.46 1.462312
69.959 0.131072
71.808 4.25392
72.818 1.548904
73.828 1.465376
74.838 2.0282
75.848 1.945704
77.018 1.834728
78.118 1.904256
79.119 1.596352
80.128 1.545152
81.129 1.488384
82.149 1.346136
83.168 1.524344
84.181 1.586352
85.188 1.937088
86.189 1.437432
87.307 1.674432
88.316 1.178784
89.366 1.904256
90.367 1.771328
91.376 2.035584
92.385 1.473656
93.386 1.882368
94.396 1.659248
95.405 1.948032
96.406 1.612312
97.416 2.057472
98.426 1.691656
99.436 1.554576
100.437 2.02464
101.446 1.574968
102.448 2.276352
103.458 1.670368
104.459 1.67936
105.468 2.1888
106.479 1.94152
107.488 2.210688
108.489 1.657128
109.498 1.59928
110.499 1.78508
111.508 2.24352
112.518 1.795616
113.519 1.782872
114.528 1.828456
115.538 2.233024
116.618 2.155968
117.626 1.709616
118.627 2.155968
119.636 1.984032
120.637 1.997912
121.677 2.495232
122.686 2.129264
123.687 2.016064
124.688 2.03088
125.697 2.199744
126.706 2.033872
127.709 1.499328
128.718 0.721272
129.729 1.03968
130.748 1.346112
131.759 1.593712
132.831 1.357056
133.832 1.554048
134.844 1.324224
135.851 0.869408
136.852 2.049288
137.972 2.221632
138.995 1.516696
140.002 2.312944
141.031 2.057472
142.032 1.31328
143.052 1.630344
144.053 2.396736
145.054 1.48764
146.062 1.849536
147.072 1.25856
148.092 0.867224
149.102 1.25856
150.143 1.400832
151.161 0.723776
152.172 1.763192
153.26 1.585616
154.41 1.702472
155.42 2.25736
156.43 1.906592
157.44 1.552976
158.57 1.826776
159.61 2.1888
160.611 2.027528
161.621 1.648064
162.622 2.013696
163.63 1.65668
164.7 1.96992
165.71 2.068416
166.713 1.69832
167.72 2.470336
168.917 2.528064
169.918 1.938488
170.919 1.144144
172.318 1.214784
173.327 1.116288
174.337 0.829592
175.593 0.361152
176.907 2.72232
180.318 0.963072
181.328 1.016328
182.388 2.035584
183.398 1.081184
184.418 0.700416
185.447 0.426816
186.498 0.434608
187.518 0.60192
188.528 0.503424
189.548 0.43776
190.558 0.196992
191.588 0.199216
192.618 0.131072
193.79 2.278552
194.827 1.905896
195.828 1.776936
196.829 1.047648
197.837 1.38736
198.838 1.117592
199.848 1.222272
200.857 1.231768
202.097 1.152024
203.148 1.192896
204.165 0.733248
205.167 0.654488
206.169 0.809856
207.211 1.772928
208.219 1.986696
209.22 1.926336
