0 0.98408
1.009 0.783744
2.019 0.74316
3.029 0.617
4.12 0.650576
5.259 0.514368
6.279 0.313072
8.291 0.324528
27.986 0.196992
29.006 0.486976
30.026 0.501224
31.046 0.551848
32.056 0.5796
33.066 0.635776
34.067 0.466112
35.086 0.677528
36.206 0.731864
37.207 0.781784
38.216 0.82768
39.236 0.616552
40.336 0.755368
41.337 0.745144
42.346 0.779136
43.356 0.71504
44.367 0.678296
45.526 0.732248
46.536 0.60192
47.606 0.131072
48.91 0.526832
49.915 0.667584
50.935 0.526728
51.955 0.475464
53.006 0.595968
54.015 0.689856
55.025 0.486928
56.065 0.369616
57.075 0.56172
58.085 0.470152
59.144 0.623808
60.194 0.520664
61.204 0.582784
62.224 0.593264
63.244 0.619856
64.404 0.705928
65.413 0.6832
66.424 0.718672
67.444 0.70652
68.454 0.80636
69.475 0.584784
70.484 0.855896
71.493 0.719408
72.583 0.812904
73.603 0.812
74.604 0.590064
75.613 0.865768
76.623 0.699408
77.713 0.752712
78.723 0.624768
79.743 0.523656
80.843 0.696704
81.863 0.859328
82.912 0.802584
83.953 1.078392
84.963 0.95892
86.122 0.99528
87.133 0.819984
88.203 0.961096
89.263 0.987456
90.503 0.816472
91.512 0.608936
92.582 0.84908
93.772 0.864568
95.013 0.810432
96.032 0.585408
97.103 0.754648
98.112 0.77604
99.122 0.626896
100.172 0.868568
101.182 0.638704
102.282 0.781632
103.292 0.682424
104.493 0.732184
105.5 0.716488
106.583 0.91296
107.593 0.649552
108.762 0.26832
109.892 0.831744
110.912 0.524488
111.922 0.6132
113.002 0.623552
114.272 0.652272
115.282 0.367336
116.562 0.565944
117.565 0.694472
118.572 0.678088
119.582 0.708872
120.592 0.691328
121.612 0.547192
122.702 0.688496
123.704 0.783272
124.711 0.583376
125.751 0.777376
126.771 0.497368
127.901 0.64376
128.92 0.61372
130.121 0.611608
131.131 0.620672
132.151 0.625552
133.161 0.633992
134.171 0.681536
135.181 0.657448
136.191 0.59692
137.211 0.418904
138.261 0.557272
139.271 0.460928
140.281 0.4592
141.341 0.484368
142.41 0.47964
143.451 0.459648
144.46 0.349272
145.476 0.400576
146.57 0.525312
147.577 0.446872
148.58 0.432216
149.591 0.463376
150.701 0.525312
151.881 0.319088
152.91 0.415872
153.911 0.383288
154.94 0.536256
155.951 0.449288
156.991 0.569088
158.24 0.525544
159.249 0.514368
160.259 0.363352
161.289 0.43776
162.299 0.328528
163.319 0.404928
164.339 0.226136
165.409 0.350208
166.419 0.361152
167.439 0.216144
168.459 0.2736
169.499 0.270056
170.519 0.94384
171.53 0.841896
172.62 1.200384
173.629 0.579704
174.769 1.05744
175.789 0.697472
176.809 0.373632
177.969 0.662832
179.0 1.038536
180.01 0.597168
181.179 0.755
182.189 0.68704
183.199 0.743288
184.2 0.702536
185.209 0.547528
186.25 0.972312
187.259 0.622152
188.279 0.410456
189.299 0.451256
190.499 0.613232
191.509 0.740328
192.54 0.551272
193.76 0.644216
194.789 0.37652
195.809 0.269728
196.989 0.240768
197.998 0.178344
199.069 0.142272
200.159 0.120384
201.189 0.10944
202.239 0.10212
203.298 0.131328
204.299 0.196992
205.338 0.165216
206.359 0.309984
207.488 0.372096
208.489 0.3316
209.508 0.33244
