0 1.002424
1.01 0.836336
2.011 0.93024
3.02 0.684832
4.039 0.571112
5.08 0.919296
6.089 1.052336
7.09 1.199704
8.091 1.093856
9.27 0.897408
10.271 0.980144
11.272 1.357128
12.278 0.955536
13.289 0.796248
14.318 0.928672
15.497 0.970288
16.518 0.993128
17.538 1.037864
18.547 1.095072
19.548 1.208488
20.557 0.923944
21.587 1.475256
22.588 1.440336
23.597 1.281344
24.606 1.517312
25.617 1.351744
26.716 1.433664
27.717 0.676696
28.726 1.14912
29.736 0.483016
30.767 0.240768
31.851 0.755056
32.855 1.037736
33.865 1.43928
34.866 1.202536
35.875 1.359528
36.885 0.857664
37.995 1.03968
39.015 0.850832
40.036 0.913976
41.125 1.31328
42.135 0.87308
43.145 1.078896
44.155 0.96948
45.165 1.25856
46.175 0.91732
47.195 1.197376
48.206 0.896968
49.215 0.423824
50.235 0.952128
51.245 0.613048
52.255 0.935224
53.315 0.65664
54.325 0.667584
55.355 0.465336
56.375 0.60192
57.385 0.650176
58.575 0.514368
59.595 0.569088
60.614 0.423928
61.684 0.569088
62.704 0.60192
63.724 0.530872
64.735 0.50148
65.745 0.700416
66.755 0.652192
67.814 0.678528
68.825 0.722304
69.835 0.46524
70.854 0.809856
71.864 0.76608
72.865 0.518656
73.874 0.667584
74.885 0.864576
75.895 0.6998
76.905 0.974016
77.915 0.885464
78.925 1.100432
79.994 1.072512
80.995 0.672248
82.004 0.777024
83.024 0.583864
84.044 0.678528
85.074 0.492136
86.124 0.470592
87.145 0.536256
88.184 0.580032
89.206 0.44568
90.214 0.689472
91.224 0.5668
92.354 0.645696
93.364 0.744192
94.374 0.488088
95.384 0.569088
96.394 0.481536
97.414 0.362112
98.434 0.49248
99.444 0.470592
100.464 0.32832
101.494 0.32832
102.524 0.288224
103.525 0.361152
104.554 0.251712
105.564 0.196992
106.644 0.131328
107.744 0.120384
108.824 0.464128
109.834 0.470592
110.864 0.153216
112.414 1.028736
113.424 0.713824
114.436 0.623808
115.444 0.623808
116.494 0.240768
117.524 0.404928
118.534 0.915648
119.544 1.048808
120.554 1.105344
121.574 0.555488
122.584 0.974016
123.604 0.947144
124.624 1.554048
125.634 0.784976
126.643 0.229824
128.114 1.246008
129.244 0.415872
130.344 0.777024
131.354 0.822856
132.364 0.787968
133.384 1.028736
134.394 0.728904
135.414 1.03968
136.434 0.874416
137.444 1.061568
138.474 0.908352
139.484 0.685976
140.503 0.908352
141.513 0.908352
142.514 0.919296
143.534 0.131072
145.239 1.919416
146.244 0.864576
147.253 0.919296
148.262 0.822656
149.282 0.87552
150.283 1.138176
151.284 0.92492
152.293 1.236672
153.303 1.171008
154.323 0.769224
155.333 1.25856
156.342 0.936264
157.483 1.017792
158.513 1.400832
159.523 1.073928
160.533 1.425984
161.782 1.378944
162.791 1.214784
163.801 1.25856
164.812 1.174096
165.821 1.335168
166.832 1.46664
167.991 1.31328
169.001 1.127232
170.012 1.364488
171.112 1.564992
172.13 1.335168
173.14 1.221312
174.141 1.466496
175.15 1.740096
176.161 0.923384
177.17 1.028736
178.181 1.619712
179.19 0.952128
180.381 0.756712
181.399 1.335168
182.409 0.93024
183.419 1.291392
184.429 1.357
185.439 1.061568
186.44 1.20384
187.449 0.98496
188.48 0.251712
189.549 0.153216
190.559 0.087552
191.629 0.032832
192.979 0.306432
194.019 0.032832
