0 1.00768
1.15 1.353816
2.159 0.968784
3.29 1.183728
4.299 0.986784
5.3 1.192816
6.459 1.259456
7.46 1.05416
8.469 0.792288
9.471 0.826512
10.589 1.188024
11.599 0.710648
12.629 1.086024
13.799 1.19092
14.809 1.101648
15.818 0.798392
17.031 1.08932
18.037 0.921832
19.098 0.906208
20.108 0.569416
21.349 1.084008
22.36 0.727384
23.568 0.901816
24.578 0.858704
25.788 0.818728
26.798 1.052152
27.968 1.14644
29.108 1.21212
30.207 1.016008
31.208 0.969648
32.218 1.123104
33.227 0.963552
34.228 0.929392
35.237 0.949408
36.247 0.980584
37.248 0.894496
38.275 0.885968
39.277 0.876336
40.387 1.125768
41.588 1.004952
42.598 0.88728
43.627 1.027896
44.748 1.209112
45.857 1.042288
46.986 1.066992
47.997 0.94864
49.006 0.872312
50.184 0.887464
51.346 0.843024
52.576 0.92892
53.587 0.496224
54.616 0.542792
55.627 0.445544
56.736 0.453552
57.826 0.361152
58.836 0.14584
59.996 0.262656
62.036 0.099056
63.441 0.737344
64.447 0.788576
65.448 1.113296
66.616 1.20596
67.626 0.813856
68.636 0.932304
69.706 1.084656
70.887 1.017848
71.976 1.175728
72.977 0.870256
74.066 1.045624
75.275 0.781856
76.295 0.944616
77.445 0.588008
78.446 0.999824
79.655 1.311016
80.665 1.32552
81.875 1.126888
82.88 1.746288
84.095 1.178056
85.326 1.056472
86.445 0.94056
87.605 1.019864
88.685 0.970992
89.775 0.956632
90.885 0.902544
92.006 1.181728
93.204 0.859392
94.263 0.869992
95.265 0.602768
96.515 0.634976
97.524 0.565352
98.545 0.485696
99.574 0.552256
100.594 0.511328
101.704 0.409848
102.713 0.587728
103.754 1.02656
104.763 0.639568
105.784 0.450184
106.813 0.328456
107.843 0.2106
108.993 0.415872
110.018 0.4266
111.053 0.490952
112.059 0.46076
113.213 0.67424
114.223 0.620592
115.243 0.589224
116.261 0.396728
117.263 0.412312
118.284 0.372096
119.304 0.13596
120.353 0.580032
121.373 0.708232
122.393 0.775792
123.614 1.128184
124.634 0.8034
125.644 0.83004
126.654 1.01856
127.773 1.109568
128.783 0.786768
129.793 1.095304
130.803 0.772936
131.833 1.07788
132.842 0.743976
133.852 1.035912
134.862 1.093384
135.882 0.810664
136.902 0.887304
137.912 0.950584
139.002 0.734384
140.012 0.38304
141.032 0.272984
142.083 0.404928
143.092 0.354392
144.112 0.374704
145.132 0.142272
146.182 0.21888
147.191 0.105936
148.332 0.49248
149.342 0.543392
150.362 0.331968
151.372 0.222592
152.481 0.372096
153.491 0.413296
154.501 0.621848
155.532 0.357672
156.551 0.4122
157.562 0.53432
158.571 0.56188
159.721 0.175104
161.262 0.196992
162.411 0.10944
163.441 0.118144
164.622 0.065664
166.001 0.513456
167.011 0.387944
168.012 0.591816
169.021 0.638496
170.041 0.305384
171.181 0.470592
172.201 0.455312
173.211 0.262568
174.261 0.2736
175.281 0.130336
176.311 0.2736
177.351 0.418136
178.361 0.38136
179.381 0.542032
180.401 0.55096
181.441 0.35408
182.461 0.595448
183.471 0.518608
184.481 0.590976
185.511 0.445616
186.521 0.666232
187.541 0.598856
188.762 0.731672
189.771 0.574984
190.841 0.540808
191.861 0.32832
192.871 0.16416
193.881 0.29208
194.901 0.558656
196.031 0.43776
197.051 0.426816
198.081 0.166008
199.181 0.265424
200.241 0.52832
201.251 0.72684
202.321 0.809856
203.34 0.4824
204.36 0.481536
205.38 0.74192
206.44 0.973872
207.46 0.915792
208.661 0.942584
209.86 1.004192
