0 3.2768
1.031 3.791168
2.041 4.305536
3.042 4.185152
4.043 2.7296
5.045 2.849976
6.05 3.33152
7.051 3.134528
8.052 3.49568
9.071 2.860928
10.072 2.215232
11.081 2.549952
12.082 1.711656
13.083 2.25916
14.131 3.178304
15.33 3.140928
16.331 3.423616
17.341 3.813056
18.343 3.71456
19.35 2.806208
20.36 2.495232
21.361 2.138624
22.369 2.01824
23.37 2.663936
24.389 2.746944
25.39 2.543552
26.399 2.23712
27.4 2.707712
28.401 2.429568
29.409 2.105792
30.419 2.718656
31.42 3.254912
32.43 2.959424
33.44 2.532608
34.441 2.495232
35.448 2.269952
36.449 2.598272
37.45 2.707712
38.459 2.07936
39.46 1.897856
40.469 2.751488
41.47 2.849984
42.539 2.320128
43.548 2.062016
44.558 2.696768
45.568 2.78432
46.578 3.129984
47.579 3.309632
48.58 3.347008
49.637 2.495232
50.638 2.29184
51.646 3.397184
52.657 4.250816
53.658 2.817152
54.659 3.71456
55.667 3.981768
56.697 3.922496
57.698 3.156416
58.707 2.751488
59.727 2.779776
60.735 1.788416
61.746 1.985408
62.766 3.287744
63.767 3.265856
64.806 2.79072
65.815 2.094848
66.835 1.9088
67.836 3.025088
68.904 3.287744
69.985 3.250368
70.987 2.390336
72.006 2.828096
73.007 3.222056
74.015 2.7734
75.025 2.970368
76.026 2.795264
77.036 2.981312
78.044 2.506176
79.054 2.313728
80.056 2.543544
81.058 2.1824
82.104 2.593728
83.105 1.974464
84.114 1.510272
85.124 1.514816
86.134 1.58688
87.136 2.1824
88.144 2.609216
89.146 2.83904
90.164 1.838592
91.174 1.131776
92.175 1.871424
93.176 1.875968
94.184 1.9152
95.196 2.07296
96.204 1.985408
97.284 1.761984
98.294 1.503872
99.354 2.451456
100.356 2.280896
101.357 0.460872
102.375 0.10944
103.78 0.93024
104.794 0.350208
105.824 0.49248
106.834 0.558144
107.844 0.562
108.864 0.415872
109.894 0.32832
110.953 0.295488
111.963 0.301888
113.113 0.2736
114.123 0.229824
115.163 0.22296
116.165 0.16416
117.835 0.076608
124.208 0.406528
125.218 1.342072
126.227 1.50292
127.247 1.498584
128.278 1.846432
129.397 2.81272
130.398 3.002592
131.547 2.898088
132.558 2.944944
133.559 2.943792
134.566 2.249608
135.616 2.916544
136.725 2.617648
137.726 2.242944
138.745 0.854096
139.806 2.7504
140.814 1.736592
141.815 2.111944
142.885 3.38508
143.886 2.75824
144.895 2.614936
146.035 2.749872
147.036 2.873888
148.045 2.647072
149.145 3.21836
150.335 3.058912
151.345 2.685968
152.355 2.370568
153.534 2.617368
154.535 3.314752
155.545 2.761216
156.555 3.173632
157.635 3.623648
158.636 2.78296
159.638 3.09376
160.755 3.865808
161.764 2.35764
162.795 3.002216
163.796 2.904912
164.865 3.172288
165.866 2.245568
166.867 3.275408
168.025 4.081584
169.026 2.264792
170.034 2.663344
171.035 3.480952
172.045 2.731496
173.054 1.622184
174.056 2.23804
175.234 3.116208
176.244 2.874736
177.435 2.789632
178.444 3.254664
179.445 2.636984
180.453 2.634416
181.454 2.519936
182.493 2.6738
183.494 2.310184
184.495 2.551936
185.503 2.139896
186.514 1.51732
187.523 1.880424
188.662 1.608768
189.663 1.43652
190.673 1.750056
191.683 1.510272
192.684 2.450432
193.693 2.323416
194.733 1.086784
195.743 1.421144
196.752 2.192264
197.954 2.230672
198.963 2.057472
199.983 1.62876
201.003 1.411776
202.013 0.69712
203.023 1.411776
204.024 2.814392
205.044 2.598584
206.045 2.719
207.073 3.384592
208.074 2.9452
209.082 3.676312
