0 1.193696
1.011 1.368
2.017 0.99812
3.018 1.225728
4.027 0.962408
5.028 1.160064
6.029 1.171816
7.038 1.099656
8.088 1.20384
9.098 0.973072
10.104 1.306744
11.117 1.291392
12.119 0.717288
13.14 0.963072
14.15 0.512432
15.161 1.434232
16.23 1.444608
17.24 1.405088
18.241 1.193096
19.69 1.75104
20.7 1.316656
21.71 1.267728
22.72 1.225456
23.721 1.685376
24.726 1.362088
25.736 2.172824
26.936 2.256984
28.126 2.123136
29.127 1.974576
30.129 1.8784
31.138 2.096096
32.146 2.206472
33.147 2.649536
34.327 1.400832
35.346 0.612864
36.376 0.262144
37.377 2.55412
38.378 2.49712
39.386 2.002752
40.387 1.740656
41.397 1.734464
42.398 2.07936
43.405 1.521552
44.406 1.707264
45.407 1.746048
46.416 2.048216
47.417 1.974688
48.426 2.00012
49.556 1.980864
50.566 1.55312
51.567 1.482632
52.577 1.90276
53.736 2.03104
55.076 1.849536
56.077 1.450984
57.086 1.908344
58.096 2.484288
59.106 0.898096
60.107 1.9152
61.116 1.785832
62.126 1.894376
63.127 2.703168
64.246 2.13672
65.247 2.090304
66.257 1.827144
67.266 1.966704
68.276 2.013696
69.277 2.145024
70.278 1.430608
71.286 1.882368
72.287 1.478416
73.366 1.729152
74.367 1.498232
75.386 1.75104
76.387 1.404192
77.396 2.199744
78.397 1.964424
79.406 1.823536
80.417 1.933576
81.427 2.4624
82.428 1.97024
83.436 1.932568
84.443 2.40768
85.444 2.39776
86.446 2.744424
87.453 2.690856
88.454 2.9476
89.458 2.290896
90.459 2.718504
91.617 2.330072
92.648 2.483
93.658 2.589528
94.689 2.57184
95.698 1.479256
96.699 2.057472
97.705 3.077328
98.917 3.00616
100.016 2.046528
101.017 1.664336
102.046 1.893312
103.056 1.54268
104.057 2.177856
105.067 1.718208
106.076 1.240632
107.087 2.210688
108.088 1.621568
109.106 1.680056
110.117 2.429568
111.118 2.115336
112.126 1.91028
113.127 2.09172
114.136 1.783872
115.142 1.721472
116.144 2.06236
117.233 2.74508
118.234 2.610088
119.243 1.939432
120.263 0.715424
121.282 1.291392
122.284 0.689472
123.302 0.29328
124.313 0.339264
125.324 0.262656
126.364 0.295488
127.376 1.401064
128.384 1.368
129.394 1.113144
130.405 1.292408
131.414 2.232576
132.424 1.45556
133.434 1.53216
134.435 1.233056
135.484 1.619712
136.684 1.787872
137.694 1.836712
138.874 1.777864
140.034 1.806152
141.154 1.674432
142.155 1.441392
143.164 1.49752
144.167 1.948032
145.174 1.212376
146.185 1.13432
147.374 1.302336
148.384 1.230584
149.385 1.488384
150.395 1.066384
151.406 1.14164
152.565 0.87552
153.585 1.006848
154.605 0.88916
155.618 0.864576
156.645 0.393984
157.654 0.361152
158.67 0.373472
159.678 0.381096
160.695 0.809856
161.703 0.805456
162.873 1.160064
163.884 1.357808
164.894 1.256736
165.924 1.291392
166.934 0.90212
167.944 1.058352
168.964 1.642576
170.194 1.378944
171.195 1.244024
172.204 1.050624
173.214 0.538032
174.254 0.240768
175.435 0.372096
176.483 0.87552
177.493 0.713688
178.503 0.733248
179.513 0.797128
180.534 1.050624
181.553 0.706024
182.563 0.831744
183.593 0.57524
184.603 0.786024
185.615 1.0176
186.634 1.521216
187.638 1.2136
188.643 1.235696
189.646 1.27984
190.658 1.495336
191.661 1.391248
192.701 1.630656
193.711 1.19888
194.72 1.251024
195.721 1.350784
196.761 1.794816
197.766 1.080824
198.776 1.067008
199.786 1.324224
200.796 0.883968
201.806 1.006848
202.814 0.349536
203.835 0.131328
205.035 1.160064
206.045 1.073808
207.055 1.086464
208.062 1.400832
209.072 0.694784
