0 0.427704
1.08 0.69444
2.091 0.604128
3.15 0.791016
4.16 0.583952
5.18 0.64084
6.2 0.433024
7.7 0.60704
8.71 0.725184
9.711 0.908888
10.72 1.029288
11.73 1.195432
12.741 0.90248
13.75 1.120712
14.87 0.83912
15.89 1.006768
16.891 1.070712
17.92 1.195304
18.93 0.918344
20.12 1.085376
21.21 1.430968
22.22 0.958192
23.27 0.558144
24.42 0.438504
25.71 0.60192
26.74 0.493104
27.77 0.922
28.97 0.43776
30.398 0.348576
31.86 0.240768
32.952 0.444592
33.96 0.955744
34.961 0.826704
36.06 0.153216
37.129 0.10944
38.27 0.087552
39.379 0.098496
40.48 0.098496
41.5 0.084856
42.939 0.612864
43.944 0.232816
44.96 1.02428
45.99 0.899736
47.01 0.737584
48.03 0.841288
49.059 0.642488
50.06 0.651656
51.1 0.54212
52.11 0.669032
53.12 0.925192
54.13 0.678664
55.319 0.549528
56.359 0.404928
57.369 0.2028
58.45 0.372096
59.459 0.27516
60.47 0.797776
61.48 0.767568
62.51 0.953136
63.519 0.606304
64.619 0.632752
65.629 0.5472
66.659 0.1796
67.67 0.306432
68.69 0.207936
69.707 0.203264
70.72 0.295488
71.729 0.18204
72.78 0.295488
73.781 0.252528
74.789 0.339264
75.79 0.252264
76.809 0.240768
77.84 0.279112
78.879 0.764264
80.239 0.503424
81.641 0.292512
82.74 0.558144
83.741 0.558704
84.759 1.0808
85.861 0.912592
86.88 0.671448
87.897 0.623128
88.9 0.602464
90.089 0.857744
91.26 0.946408
92.269 0.667256
93.309 1.0254
94.32 0.98344
95.499 0.729088
96.698 0.459648
97.709 0.635552
98.71 0.843872
99.8 0.745832
100.809 0.9606
101.829 1.23848
102.989 0.898008
104.0 0.748768
105.009 0.792976
106.039 0.906448
107.099 0.8236
108.139 0.883232
109.409 0.71532
110.419 0.61648
111.649 0.579824
112.659 0.559336
113.699 0.636776
114.719 1.013136
115.729 0.898424
116.899 0.908352
117.909 0.5856
118.919 0.897408
119.949 0.61224
121.079 0.87648
122.229 0.85412
123.238 0.313952
124.268 0.21888
125.328 0.706792
126.339 0.907448
127.438 0.944168
128.447 1.077728
129.457 0.655112
130.467 0.750656
131.487 0.661624
132.497 0.867624
133.537 1.125008
134.557 1.2758
135.567 1.405056
136.747 1.78404
137.748 1.090576
138.797 1.261208
139.957 1.20296
141.157 1.138768
142.158 1.028272
143.167 1.013456
144.297 1.285848
145.317 1.081328
146.387 1.260208
147.397 1.14076
148.577 1.122776
149.578 1.067528
150.586 1.361768
151.596 1.25548
152.816 1.053664
153.835 0.5784
154.845 1.151424
156.065 1.200896
157.165 1.176224
158.285 1.069
159.536 1.272176
160.545 0.789776
161.564 0.838104
162.575 0.799016
163.576 1.38964
164.577 1.059776
165.765 0.97576
166.775 1.303968
167.975 1.454464
168.976 1.265712
169.984 0.98456
170.99 0.839736
172.154 0.978656
173.163 1.176744
174.374 1.134392
175.393 1.26812
176.464 1.337288
177.465 1.242704
178.574 1.054032
179.583 1.176712
180.584 1.15888
181.753 1.044472
182.755 1.16236
183.764 1.343168
184.775 1.74636
186.004 1.29236
187.124 0.91132
188.173 0.894128
189.213 1.171424
190.223 0.890848
191.224 1.00644
192.354 1.051728
193.473 0.994176
194.693 0.872592
195.703 0.371176
196.723 0.354152
197.763 0.262656
198.853 0.166104
200.063 0.16416
201.183 0.120384
202.223 0.010944
