0 0.05472
2.13 0.065664
3.2 0.021888
4.3 0.032832
5.42 0.021888
6.53 0.021888
7.92 0.032832
8.932 0.043776
9.95 0.045696
11.23 0.032832
12.37 0.043776
13.389 0.076608
14.569 0.05472
15.689 0.05472
17.019 0.065664
18.078 0.087552
19.089 0.076608
20.369 0.032832
21.669 0.036912
23.118 0.043776
24.129 0.05472
25.159 0.05472
26.219 0.043776
27.439 0.131072
36.464 0.603776
37.467 0.227832
38.508 0.32832
39.528 0.269496
40.539 0.16416
41.549 0.153216
42.579 0.056776
44.479 0.802384
45.538 0.897528
46.548 0.745192
47.668 0.676784
48.677 0.805288
49.678 0.741864
50.695 0.483752
51.737 0.33416
52.837 0.175104
54.269 0.365896
55.297 0.749856
56.308 0.75568
57.329 0.934272
58.337 0.653696
59.377 0.608392
60.397 0.760024
61.417 0.816856
62.418 0.836552
63.428 0.761984
64.437 0.844736
65.44 1.182064
66.686 1.084792
67.696 0.919296
68.705 0.755528
69.716 1.454456
70.727 1.301136
71.805 1.597952
73.035 0.952128
74.044 0.923304
75.074 0.744192
76.094 0.881912
77.105 0.777024
78.114 0.626496
79.274 0.71136
80.284 0.634752
81.294 0.2902
82.324 0.558144
83.334 0.899112
84.345 1.180752
85.354 1.272168
86.355 0.868752
87.365 1.222744
88.385 1.163336
89.386 0.903088
90.394 1.090392
91.395 1.300504
92.396 1.443584
93.534 1.651744
94.544 1.716944
95.674 1.761984
96.684 1.139312
97.693 1.43648
98.705 1.495752
99.713 1.581064
100.733 1.663488
101.743 1.257456
102.754 1.398544
103.764 1.611344
104.872 1.597824
105.873 1.242472
106.882 1.47632
107.896 1.86048
108.901 1.382504
109.911 1.38756
110.92 1.462632
111.921 1.651072
112.941 1.687424
114.011 2.145024
115.012 1.597848
116.013 2.093432
117.022 2.10072
118.024 2.024024
119.042 2.495232
120.05 1.736928
121.061 1.705664
122.062 2.276352
123.071 1.823864
124.072 2.440512
125.082 2.031344
126.083 2.028184
127.092 2.440512
128.323 1.439944
129.341 1.521744
130.391 1.608768
131.401 1.410808
132.47 1.575936
133.48 1.357056
134.481 0.816736
135.491 1.521216
136.492 1.13216
137.5 1.488384
138.501 1.022224
139.52 1.280448
140.53 1.061568
141.531 0.904288
142.54 1.152664
143.541 0.958936
144.56 0.71136
145.561 0.74524
146.571 1.367344
147.719 1.050624
148.749 0.660112
149.76 1.393352
150.961 1.576936
152.069 2.057472
153.07 1.46848
154.079 1.800632
155.369 2.057472
156.37 1.396936
157.38 1.497384
158.389 1.753896
159.392 1.771944
160.398 2.035584
161.399 1.673408
162.408 1.798104
163.409 2.101248
164.418 2.265408
165.42 0.387872
166.421 1.75104
167.428 1.337928
168.429 1.575936
169.438 1.122712
170.44 1.69632
171.448 0.868336
172.458 1.400832
173.46 1.070616
174.488 1.20384
175.504 1.236672
176.507 0.80656
177.517 0.974016
178.537 1.105344
179.558 1.107128
180.56 1.393536
181.676 1.510272
182.677 1.23788
183.687 1.257296
184.688 1.253768
185.696 1.575936
186.698 1.250512
187.714 1.282784
188.751 1.597824
189.755 1.18088
190.764 1.257688
191.785 1.499328
192.794 1.206728
193.795 1.564992
194.813 1.25408
195.822 1.411776
196.831 1.280448
197.832 0.824936
198.962 1.0944
199.972 1.138176
200.982 0.995904
201.992 0.471584
203.001 0.623808
204.021 0.49248
205.061 0.520056
206.141 1.32468
207.142 0.980544
209.384 1.127232
