0 1.097792
1.01 1.544504
2.011 0.978824
3.02 0.970112
4.039 0.525056
5.04 0.719896
6.05 0.549576
7.18 0.83456
8.189 0.874024
9.19 1.091688
10.191 1.2132
11.199 1.05428
12.21 1.058728
13.219 1.067568
14.22 0.99812
15.23 1.202488
16.389 1.43716
17.549 1.102848
18.55 0.708792
19.559 1.061568
20.569 0.9456
21.57 0.807632
22.589 0.797784
23.809 1.048432
24.819 1.188136
25.889 1.330168
27.008 1.171368
28.148 1.118104
29.149 1.035784
30.158 1.003896
31.159 1.07224
32.168 0.853968
33.169 1.033792
34.178 1.010032
35.249 1.0854
36.258 1.166264
37.268 0.919136
38.269 1.082168
39.279 1.126856
40.289 0.939968
41.294 1.301128
42.368 1.060112
43.377 0.850456
44.457 1.128784
45.458 1.227504
46.467 1.09028
47.677 1.045544
48.687 0.784472
49.857 0.929024
50.858 0.757656
52.097 0.89064
53.107 1.08012
54.307 1.003312
55.317 0.53908
56.346 0.717728
57.347 0.70756
58.357 0.818824
59.367 0.798176
60.617 0.773544
61.756 0.804776
62.767 0.858904
63.776 0.774288
64.786 0.513344
65.787 0.896616
66.796 0.39088
68.288 0.601704
69.447 0.207936
70.467 0.457656
71.489 0.431224
72.496 0.381576
73.536 0.525312
74.556 0.50996
75.716 1.036672
76.717 1.0312
77.737 0.664904
78.848 0.906968
79.856 0.918016
80.866 0.708656
81.931 0.970568
82.937 0.858016
84.097 0.8456
85.109 0.666736
86.347 0.746424
87.355 0.730464
88.575 0.803312
89.595 0.566176
90.635 0.691776
91.655 0.697616
92.686 0.6702
93.695 0.643896
94.705 0.50196
95.755 0.611928
96.766 0.535296
97.777 0.592472
98.785 0.60124
99.825 0.55924
100.846 0.4796
101.855 0.450696
102.865 0.594256
103.886 0.559672
104.895 0.581112
105.925 0.508848
106.934 0.346576
107.944 0.207936
108.977 0.86472
109.994 0.642488
110.995 0.810856
112.074 0.843024
113.183 0.937936
114.224 0.964336
115.294 0.96476
116.353 0.976216
117.373 0.962016
118.384 0.956488
119.393 1.293848
120.503 1.164064
121.605 1.107408
122.673 1.084656
123.723 1.16012
124.724 1.134
125.963 1.2792
127.062 1.121
128.323 1.141608
129.422 0.555176
130.443 1.012256
131.452 0.711032
132.472 0.957744
133.474 0.999104
134.553 1.106944
135.562 0.837704
136.732 0.928528
137.792 0.668544
138.811 0.481536
139.831 0.42196
140.851 0.401696
141.882 0.414008
142.921 0.598592
143.941 0.712152
145.121 0.64968
146.131 0.338272
147.561 0.807824
148.562 0.81436
149.581 0.705552
150.591 0.645488
151.597 0.53624
152.601 0.859392
153.711 0.760552
154.731 0.513032
155.761 0.37428
156.762 0.328544
157.801 0.306432
158.821 0.237032
159.822 0.939456
160.982 1.003808
162.011 0.756808
163.102 0.840512
164.122 0.683344
165.131 0.6034
166.14 0.492616
167.301 0.26532
168.322 0.306216
169.331 0.657064
170.351 0.612024
171.392 0.805568
172.402 0.586008
173.489 0.571832
174.491 0.565528
175.501 0.62844
176.631 0.569088
177.642 0.533128
178.651 0.645376
179.661 0.765168
180.671 0.792384
181.842 0.821824
182.851 0.764376
183.861 0.985728
185.001 1.27056
186.211 1.151088
187.222 0.711256
188.33 1.003768
189.331 0.903456
190.381 0.852736
191.39 0.740424
192.391 0.557128
193.421 0.583312
194.562 0.610392
195.593 0.131072
203.114 0.393088
204.676 0.494472
205.836 0.463008
206.876 0.470592
207.886 0.400024
208.887 0.120384
