0 0.489496
1.01 0.209384
2.15 0.38304
3.22 0.334744
4.229 0.326168
5.259 0.32832
6.278 0.254824
7.319 0.306432
8.329 0.282544
9.338 0.333232
10.349 0.389928
11.388 0.436448
12.618 0.467312
13.697 0.532784
14.787 0.481536
15.807 0.404128
16.826 0.437992
17.856 0.440584
18.867 0.4994
19.917 0.640256
21.127 0.639672
22.296 0.652136
23.436 0.65552
24.546 0.587304
25.596 0.549464
26.846 0.262656
28.376 0.821424
29.436 1.096224
30.486 1.114896
31.516 0.964432
32.53 0.369136
33.546 0.412784
34.576 0.404928
35.597 0.366768
36.609 0.47952
37.696 0.9374
38.716 0.82192
39.726 0.874584
40.787 1.141672
41.966 0.611032
42.986 0.2736
44.016 0.131072
45.019 0.631312
46.026 0.929152
47.036 0.628336
48.052 0.72724
49.066 0.894936
50.076 0.739176
51.096 0.610064
52.097 0.683904
53.106 1.15184
54.107 1.021408
55.266 1.754232
56.271 1.545888
57.274 1.163312
58.385 1.17328
59.394 1.196288
60.395 1.157296
61.444 1.134432
62.454 1.190432
63.474 0.560496
64.493 0.2736
65.793 0.279232
66.852 0.417112
67.933 0.60844
68.953 0.714256
69.973 0.698632
70.983 0.618432
72.033 0.195424
73.143 0.665488
74.153 0.609424
75.173 0.470648
76.372 0.49248
77.393 0.32212
78.413 0.410424
79.433 0.426816
80.443 0.31164
81.462 0.38304
82.493 0.310912
83.512 0.359936
84.521 0.49248
85.541 0.31888
86.561 0.31256
87.562 0.443032
88.781 0.426816
89.791 0.181184
90.801 0.229824
91.841 0.24648
92.861 0.404928
93.881 0.33684
94.901 0.336808
95.931 0.2736
96.961 0.153216
97.962 0.012264
104.898 0.030896
105.974 0.910336
106.984 1.228648
108.134 1.119344
109.144 0.983208
110.164 1.080384
111.194 0.880024
112.37 1.195064
113.434 1.308464
114.435 1.110072
115.444 0.904736
116.464 0.906272
117.474 1.048888
118.494 1.216
119.495 1.077744
120.564 1.114904
121.574 1.232664
122.575 0.999768
123.594 1.018712
124.654 1.108376
125.674 1.062136
126.754 1.042024
127.784 0.94456
128.794 1.019888
129.903 0.669352
130.913 0.440352
131.944 0.514016
132.963 0.661648
133.974 0.485456
135.024 0.46632
136.103 0.569088
137.133 0.339376
138.173 0.290744
139.243 0.317376
140.253 0.251712
141.263 0.148128
142.873 0.569088
143.874 0.30736
144.883 0.284544
145.884 0.254408
146.913 0.262656
147.923 0.320312
148.953 0.372096
150.046 0.256344
151.083 0.262656
152.125 0.261816
153.143 0.195056
154.163 0.087552
155.575 0.240768
156.763 0.171712
157.793 0.16416
160.053 0.340896
161.087 0.16416
162.122 0.311912
163.323 0.361152
164.343 0.171664
165.403 0.229824
166.443 0.131328
167.503 0.133768
168.673 0.043776
170.583 0.43776
171.663 0.148744
172.682 0.32832
173.733 0.219024
174.763 0.38304
175.773 0.40336
176.783 0.65276
177.785 0.625256
178.944 0.470592
179.963 0.472824
180.973 0.76608
181.993 0.5896
183.013 0.570008
184.203 0.619072
185.204 0.756424
186.212 0.663424
187.223 0.679392
188.233 0.207936
189.573 0.379472
190.602 0.38304
191.622 0.201152
192.692 0.076608
193.742 0.267544
194.852 0.472712
195.871 0.393984
196.881 0.337048
197.891 0.840184
198.912 0.823
199.932 0.538824
200.952 0.729816
201.981 0.705672
202.991 0.654048
203.992 0.700968
205.021 0.5008
206.031 0.301064
207.061 0.262656
208.087 0.173424
209.121 0.21888
