0 0.835424
1.019 0.689912
2.02 0.806976
3.028 0.402984
4.068 0.44008
5.188 0.860592
6.339 0.93988
7.409 1.11832
8.488 1.26792
9.489 1.441752
10.499 1.173288
11.689 1.168472
12.699 1.502256
13.709 1.604496
14.719 1.549312
15.729 1.468256
16.743 1.595656
17.929 1.564992
18.939 0.762792
19.949 0.470592
20.979 0.251712
22.018 0.186048
23.019 0.339264
24.049 0.361152
25.079 0.614048
26.099 1.301304
27.179 0.744192
28.189 0.5962
29.2 0.831744
30.219 0.728248
31.229 0.8208
32.237 0.527224
33.239 0.503424
34.259 0.175104
64.795 0.010944
65.897 0.032832
68.458 0.05472
69.757 0.010944
124.511 0.536256
125.512 0.391408
126.522 1.28888
127.531 0.943016
128.541 1.056328
129.542 1.10252
130.543 1.394488
131.552 1.138768
132.562 1.61048
133.572 1.445856
134.692 1.340184
135.712 1.072512
136.762 0.273824
138.941 1.547712
139.942 0.623808
141.042 0.922704
142.062 1.234008
143.071 1.027168
144.072 1.254832
145.073 1.199248
146.074 1.778248
147.263 1.474552
148.272 0.95156
149.292 1.211176
150.482 0.93024
151.492 0.76608
152.512 0.547984
153.732 0.580032
154.762 0.186048
156.652 1.163752
157.692 1.291392
158.693 1.602872
159.912 1.296568
160.913 1.461816
161.922 1.619448
163.042 1.657592
164.043 1.333864
165.062 1.31564
166.272 1.3584
167.293 1.681976
168.294 1.65032
169.322 1.627072
170.343 1.856088
171.344 1.848576
172.352 1.586776
173.353 1.499568
174.363 1.485872
175.373 1.464264
176.382 1.615688
177.416 1.740096
178.417 1.0986
179.427 1.218208
180.437 1.597824
181.447 1.326944
182.456 1.341696
183.466 1.761984
184.476 1.243688
185.486 1.794816
186.496 1.53496
187.497 1.6392
188.507 2.13408
189.517 1.586152
190.527 1.190064
191.577 1.543104
192.587 1.655496
193.588 2.013864
194.589 1.978664
195.597 1.535088
196.599 1.959296
197.617 2.736
198.618 2.228056
199.627 1.79584
200.637 1.455552
201.668 2.054952
202.677 2.528064
203.678 2.077992
204.688 1.973584
205.689 2.312784
206.697 2.466792
207.788 2.330072
208.888 2.307896
209.889 2.68128
