0 0.639296
1.009 0.76608
2.01 0.798912
3.031 0.558144
4.039 0.525312
5.049 0.770624
6.079 0.722304
7.08 0.623808
8.09 0.10944
46.636 0.908352
47.646 0.901952
48.666 1.510272
49.676 1.492928
50.686 1.543104
51.696 1.274048
52.716 0.995904
53.726 1.280448
54.737 1.274048
55.756 1.25856
56.766 1.028736
57.775 0.49248
58.956 0.475136
59.973 1.006848
60.985 1.083456
61.986 1.164584
62.997 1.466496
64.006 1.510272
65.03 1.285016
66.036 1.368
67.045 0.748736
68.055 0.634752
69.056 0.317376
70.057 0.10944
71.185 0.908352
72.216 0.569088
73.225 0.672128
74.297 0.98496
75.316 0.010944
76.536 0.207936
77.605 0.306432
78.622 0.087552
82.835 0.05472
157.458 0.39424
158.468 0.64544
159.469 0.584576
160.668 1.006848
161.678 0.952128
162.689 0.974016
163.698 0.737768
164.718 0.842688
165.733 1.017792
166.738 1.02236
167.798 1.269504
168.809 1.42272
169.819 0.967608
170.838 0.525312
171.849 0.503424
172.878 0.525312
173.888 0.689472
174.918 0.38304
175.998 0.186048
177.024 0.113984
178.211 0.229824
179.227 0.809856
180.247 1.171008
181.257 1.03328
182.317 0.481536
183.387 0.098496
184.807 0.995904
185.827 0.60192
186.836 0.426816
187.837 0.49248
188.866 0.2672
189.867 0.43776
190.887 0.459648
191.917 0.284544
192.986 0.251712
194.015 0.317376
195.055 0.711616
196.056 0.770368
197.066 1.017792
198.076 1.236672
199.086 1.19744
200.096 1.160064
201.109 0.87552
202.116 0.831744
203.126 0.497024
204.136 0.853632
205.156 1.20384
206.157 0.912896
207.327 1.061568
208.336 0.60192
209.396 0.558144
