0 0.907104
1.05 0.94716
2.07 1.104528
3.18 1.336672
4.32 1.421488
5.43 1.208256
6.51 1.19624
7.511 1.137968
8.52 1.029912
9.531 1.104144
10.61 1.411672
11.623 1.359344
12.63 1.214568
13.631 1.056784
14.8 1.445416
15.96 1.04052
16.97 0.93964
18.05 1.226864
19.06 0.725872
20.061 1.049728
21.41 0.981152
22.42 0.598336
23.622 0.675952
24.629 0.720344
25.632 0.54372
26.659 0.50876
27.67 0.46168
28.7 0.516072
29.71 0.347968
30.791 0.480624
31.959 0.825704
32.96 0.701256
33.961 0.463392
34.964 0.272552
35.989 0.356816
37.141 0.207936
39.344 0.775944
40.52 0.626072
41.68 0.501744
43.23 0.498256
44.36 0.572848
45.37 0.73712
46.381 0.676296
47.541 0.850544
48.569 1.15732
49.748 0.89416
50.819 0.936136
51.828 1.044232
52.839 0.828848
53.847 1.118136
54.848 0.749968
55.859 1.142712
56.86 1.117152
57.867 0.781224
58.868 0.660968
60.018 0.892976
61.028 0.870368
62.168 0.97884
63.279 1.08044
64.388 0.98852
65.398 0.89548
66.488 1.03972
67.498 0.929688
68.688 1.082224
69.867 0.560632
70.997 0.626232
72.007 0.470592
73.028 0.22752
74.038 0.2736
75.1 0.131328
76.523 0.260448
77.537 0.2736
78.547 0.209384
79.578 0.612864
80.598 0.587168
81.607 0.46808
82.627 0.5472
83.638 0.246224
84.667 0.44508
85.678 0.669144
86.698 0.584176
87.727 0.523288
88.937 0.580032
89.948 0.426016
90.958 0.316544
91.988 0.459648
92.997 0.46508
94.017 0.332232
95.117 0.481536
96.127 0.30312
97.167 0.284544
98.187 0.183496
99.217 0.284544
100.237 0.213496
101.277 0.240768
102.577 0.510256
103.597 0.283344
104.607 0.518184
105.918 0.49248
106.947 0.139256
107.997 0.186048
109.037 0.286512
110.217 0.566104
111.483 0.52232
112.647 0.447856
113.927 0.411704
114.986 0.393984
116.003 0.229888
117.006 0.425736
118.016 0.415872
119.018 0.356664
120.037 0.388112
121.046 0.429496
122.226 0.500776
123.397 0.523744
124.416 0.625912
125.486 0.552584
126.646 0.567728
127.647 0.4796
128.656 0.468328
129.686 0.385528
130.738 0.470592
131.766 0.283504
132.778 0.2736
133.817 0.39708
135.043 0.718992
136.046 0.599912
137.056 0.5274
138.066 0.342904
139.817 0.372096
140.866 0.333832
141.886 0.50044
142.966 0.482984
144.066 0.586456
145.076 0.752984
146.086 0.62692
147.106 0.539168
148.116 0.870152
149.676 0.664304
150.686 0.882192
151.816 1.1084
152.886 1.249096
154.056 1.143096
155.066 0.77252
156.075 0.619016
157.226 0.658904
158.246 0.733112
159.256 0.71212
160.266 0.625632
161.426 0.481536
162.436 0.33552
163.441 0.494832
164.456 0.406288
165.646 0.251712
166.666 0.207936
167.706 0.1612
168.766 0.120384
170.116 0.142272
171.156 0.259568
172.486 0.153216
173.556 0.120384
174.566 0.153216
175.586 0.158832
176.616 0.2736
177.646 0.196992
178.656 0.194976
179.956 0.21888
181.017 0.196736
182.046 0.105912
183.086 0.444944
184.237 0.617744
185.266 0.446696
186.466 0.361152
187.485 0.602992
188.486 0.537592
189.496 0.472752
190.506 0.370264
191.696 0.262656
193.966 0.390288
195.026 0.153216
196.056 0.284544
197.067 0.27772
198.176 0.21888
199.186 0.240768
200.406 0.18084
201.445 0.240768
202.465 0.190576
203.675 0.153216
204.705 0.16416
205.745 0.223816
206.775 0.350208
207.805 0.244888
208.815 0.35456
209.875 0.45516
