0 1.024664
1.08 1.025312
2.141 1.035816
3.15 1.080128
4.17 1.175776
5.171 1.215336
6.172 1.063208
7.31 0.93916
8.41 0.513032
9.93 1.096768
11.17 1.12148
12.25 1.17112
13.361 1.08408
14.41 1.118256
15.49 0.917664
16.5 0.597568
17.65 0.781992
18.66 0.516576
19.7 0.758184
20.719 0.819864
21.809 1.040064
22.949 0.976896
24.069 0.919832
25.149 0.796936
26.169 0.681056
27.199 0.319912
28.268 0.10944
30.169 0.778864
31.188 0.397216
32.238 0.65664
33.239 0.682952
34.279 1.079888
35.288 0.897328
36.289 0.939384
37.369 1.0202
38.409 1.093448
39.438 0.98424
40.478 0.593616
41.489 0.70368
42.499 0.698472
43.508 0.481536
44.518 0.330368
45.568 0.229824
46.618 0.207936
47.628 0.110184
48.638 0.43776
49.668 0.438384
50.898 0.588672
52.229 0.7492
53.249 0.567456
54.278 1.002736
55.279 1.019992
56.289 1.230352
57.329 1.388424
58.368 1.44236
59.448 1.309848
60.449 1.683048
61.648 0.986408
63.409 1.032696
64.417 0.658712
65.446 0.49248
66.476 0.188376
67.486 0.21888
68.506 0.290352
69.517 0.5472
70.526 0.340824
71.566 0.491344
72.586 0.351304
73.886 0.361152
74.956 0.416264
75.966 0.460656
76.976 0.279064
77.986 0.447624
79.076 0.917296
80.086 0.792464
81.106 0.746456
82.236 0.591792
83.426 0.67908
84.436 0.5746
85.456 0.86276
86.466 1.266528
87.476 1.172848
88.486 0.760384
89.585 0.896328
90.776 1.181272
91.785 1.116832
92.786 0.857744
93.814 0.530536
94.815 0.306104
95.935 0.795576
96.965 0.632656
97.995 0.843264
99.005 0.521152
100.064 0.415872
101.065 0.416672
102.094 0.52352
103.095 0.49248
104.125 0.210912
105.126 0.286184
106.145 0.406808
107.674 0.446504
108.675 0.817184
109.695 0.977288
110.705 0.777624
111.724 0.223904
112.935 0.317376
113.984 0.273152
115.024 0.550752
116.034 0.515824
117.063 0.523408
118.193 0.489336
119.264 0.295488
120.303 0.191992
121.353 0.51076
122.354 0.792304
123.364 1.098016
124.373 1.19388
125.374 1.047992
126.383 1.128248
127.384 1.275072
128.385 1.695696
129.513 1.193856
130.514 1.206176
131.734 1.237552
132.743 0.849632
133.744 0.843264
134.763 0.89588
135.783 1.445112
136.994 1.143184
138.013 0.60672
139.073 0.71332
140.093 0.676888
141.113 0.708136
142.293 1.131672
143.444 1.302504
144.453 1.119816
145.544 0.877392
146.623 0.934608
147.643 1.051056
148.652 0.885744
149.892 0.958816
150.902 0.768456
151.911 0.697496
152.924 1.077912
153.942 1.118864
154.951 0.981904
156.141 1.140352
157.151 1.212696
158.161 1.300744
159.162 1.123712
160.17 1.024584
161.321 1.571984
162.451 0.655008
163.501 1.063872
164.581 1.21184
165.802 1.176224
166.851 1.331656
167.87 1.329872
169.07 1.36448
170.249 1.050288
171.339 1.147064
172.55 1.344336
173.561 1.078376
174.721 1.16852
175.729 1.191808
176.73 1.210992
177.74 1.01844
178.843 1.729792
179.85 1.559784
180.851 1.412848
181.97 1.577176
182.989 1.675104
184.209 1.734
185.21 1.04672
186.219 1.126504
187.317 1.424888
188.319 1.177016
189.32 1.33228
190.328 1.12912
191.339 0.985928
192.399 1.4038
193.42 1.047344
194.428 1.008376
195.429 1.217256
196.44 1.077376
197.448 0.73256
198.449 1.295
199.458 1.175976
200.588 1.491552
201.599 1.208048
202.758 1.139136
203.967 1.15292
204.968 0.697288
206.037 0.936192
207.038 1.152648
208.257 0.896848
209.287 1.147224
