0 0.158888
1.12 0.22528
2.99 0.060808
4.13 0.009336
5.291 0.146432
6.32 0.454552
7.331 0.270336
8.351 0.451496
9.371 0.782864
10.511 0.540672
12.681 0.616944
13.761 1.375608
15.421 0.833008
16.422 0.641096
17.432 0.41168
18.691 0.651496
19.711 0.270336
20.751 0.313224
21.781 0.529408
22.783 0.592784
23.801 0.76968
24.811 0.638376
25.821 1.228528
27.011 1.35004
28.031 0.434648
29.041 0.846968
30.113 0.9056
31.151 0.822272
32.162 0.28528
33.192 0.575416
34.312 0.689176
35.362 0.770616
36.522 0.814472
37.532 1.00168
38.662 1.058816
39.672 0.534104
40.702 1.025024
41.723 0.811392
42.733 1.397024
43.874 0.4202
44.902 1.331056
45.953 1.35168
46.954 0.4606
48.003 0.889856
49.005 0.76792
50.053 0.630784
51.073 0.946176
52.084 0.380128
53.093 0.743424
54.113 0.608256
55.123 0.301912
56.234 1.047552
57.284 0.385856
58.353 0.484352
59.434 0.72612
60.464 0.889856
61.465 0.211048
62.514 0.698368
63.515 0.718008
64.524 0.259072
65.554 0.515672
72.125 0.45056
73.135 0.525816
74.145 0.727744
75.165 0.92528
76.176 1.223776
77.227 1.282536
78.236 1.120256
79.245 1.116904
80.407 1.374048
81.415 1.306496
82.426 1.377624
83.435 1.449808
84.546 1.674376
85.548 1.945864
86.556 1.654
87.558 1.824768
88.566 0.713192
89.586 1.395392
90.946 1.667072
91.976 1.05164
92.987 0.946176
94.007 0.451128
95.008 1.18272
96.009 0.8448
97.029 0.968704
98.037 0.3378
99.047 0.39424
100.237 1.160192
101.257 0.7806
102.457 1.878888
103.471 1.806224
104.647 1.701472
105.648 1.529664
106.747 1.400744
107.758 1.71184
108.768 1.14212
109.888 1.646256
110.899 1.91952
111.908 1.632528
112.918 1.508248
113.939 1.54444
114.958 1.442672
115.959 0.903608
116.978 1.582544
118.528 1.667072
119.531 0.803408
120.689 1.960736
122.208 0.968704
123.209 1.57696
124.22 0.939512
125.329 1.317888
126.339 1.381952
127.349 1.429784
128.389 1.847296
129.409 1.748944
130.42 0.73812
131.421 1.684664
132.519 1.881088
133.52 1.611192
134.521 1.516288
135.522 0.678016
136.53 1.840456
137.54 1.250304
138.541 1.667232
139.55 1.498112
140.57 1.525768
141.58 1.826472
142.59 1.919664
143.66 2.068384
144.83 1.847296
145.831 1.509376
146.841 1.202592
147.842 1.66996
148.851 1.565696
149.861 1.01776
150.971 1.362944
151.981 1.016776
152.991 1.306624
154.001 1.529344
155.011 1.426136
156.032 1.451912
157.033 1.679552
158.062 1.936328
159.063 1.354832
160.112 1.261568
161.115 0.697064
162.471 2.014072
163.572 1.419264
164.582 1.396736
165.602 1.139
166.912 1.716224
167.913 1.292696
169.112 1.6896
170.114 1.187936
171.122 1.317888
172.132 1.08304
173.133 1.741096
174.157 1.605424
175.183 1.25408
176.253 0.968704
177.263 0.667128
178.273 0.867328
179.283 1.124112
180.304 1.88516
181.305 1.152352
182.343 1.46684
183.544 1.68876
184.583 1.103872
185.593 1.433584
186.604 1.526336
187.614 1.098752
188.615 1.284096
189.624 0.667936
190.634 1.053696
191.635 1.705984
192.644 1.371648
193.694 1.092608
194.704 0.992728
195.705 1.615248
196.706 1.284304
197.724 1.115136
198.725 0.947784
199.744 0.581432
200.944 1.306624
201.945 1.53632
202.956 0.98924
203.975 1.57696
204.976 0.6198
206.205 1.492008
207.215 1.396736
208.216 1.41052
209.318 2.766328
