0 3.324736
1.15 3.108864
2.151 2.353304
3.161 2.416512
4.171 2.637952
5.172 2.93036
6.372 2.92864
7.381 3.191688
8.392 3.009392
9.401 2.684496
10.402 2.668616
11.403 2.473312
12.622 2.264064
13.632 1.857712
14.633 2.399232
15.634 1.59416
16.717 3.345408
17.723 2.029896
18.733 1.678952
19.902 2.38068
21.003 2.106368
22.023 1.180128
23.154 2.179088
24.323 1.07008
25.343 1.1264
26.346 0.754216
27.354 1.047552
28.355 0.720896
29.373 0.771264
30.394 0.833536
31.415 0.934912
32.424 0.765952
33.435 0.574464
34.455 0.21016
35.485 0.022528
44.931 0.011264
46.345 0.259072
47.361 0.5632
48.372 0.653312
49.392 0.403048
50.483 0.56996
51.484 0.595056
52.582 0.637016
53.653 1.0826
54.791 1.751936
56.002 1.06188
57.082 0.940456
58.172 2.019976
59.173 1.665072
60.182 0.676744
61.183 1.23388
62.443 1.627768
63.444 1.6366
64.445 1.784592
65.453 2.354176
66.464 1.288432
67.474 2.280832
68.644 2.185216
69.654 1.123112
70.655 2.597592
71.697 2.70336
72.704 1.71952
73.714 1.721808
74.715 2.157888
75.814 2.204456
77.025 2.25056
78.105 2.342064
79.225 2.36544
80.226 1.988784
81.235 2.20372
82.236 2.087272
83.237 2.286592
84.246 2.01188
85.256 1.748056
86.475 2.475488
87.496 2.613248
88.507 1.967128
89.516 1.67548
90.517 1.911144
91.526 2.601984
92.527 1.956376
93.537 1.89624
94.538 1.428944
95.539 1.600312
96.587 1.993728
97.588 1.563368
98.598 2.368632
99.718 2.151424
100.738 1.03768
101.747 1.07008
102.748 0.484352
103.749 0.444672
104.768 0.236544
106.029 2.028416
107.03 1.637808
108.039 1.753456
109.861 1.18272
110.899 0.740272
111.919 0.518144
114.279 0.022528
134.811 0.090112
135.933 0.11264
137.033 0.123904
138.051 0.16896
139.053 0.090112
140.314 0.090112
141.633 0.123904
142.954 0.013752
144.851 0.05632
146.11 0.067584
147.172 0.05632
148.39 0.067584
149.673 0.078848
150.814 0.067584
152.472 0.067584
153.815 0.067584
154.852 0.027392
156.213 0.067584
157.314 0.078848
158.592 0.067584
159.715 0.067584
160.734 0.05632
161.856 0.067584
162.995 0.05632
164.097 0.0248
165.157 0.101376
166.393 0.067584
167.575 0.101376
168.636 0.078848
169.693 0.078848
170.894 0.053968
172.074 0.101376
173.077 0.101376
174.115 0.05632
178.316 0.325816
179.317 0.11264
180.438 0.101376
181.597 0.101376
182.637 0.090112
183.735 0.078848
184.875 0.07192
186.735 0.101376
187.899 0.101376
188.938 0.067584
189.999 0.090112
191.019 0.090112
192.239 0.077672
193.839 0.101376
195.003 0.135168
196.04 0.022528
197.8 0.250888
199.018 0.067584
200.057 0.078848
201.22 0.090112
202.26 0.067584
203.399 0.05632
204.419 0.067584
205.518 0.045056
206.879 0.027256
208.399 0.033792
209.743 0.033792
