0 3.894032
1.001 4.24192
2.002 3.758952
3.008 2.925568
4.137 2.68128
5.138 2.9108
6.148 3.362776
7.149 3.998784
8.217 3.949824
9.232 3.851128
10.236 4.087248
11.276 3.868952
12.33 3.583688
13.337 3.041336
14.347 2.5048
15.416 3.083464
16.426 2.669
17.427 2.432
18.436 3.584712
19.446 3.76104
20.447 3.961144
21.448 4.137512
22.455 3.794288
23.456 4.108584
24.457 3.869056
25.458 3.717376
26.465 3.501616
27.466 3.306464
28.475 3.16028
29.484 2.906144
30.485 3.054408
31.504 2.94968
32.674 3.523968
33.675 0.03864
39.19 0.009
40.66 2.801664
41.67 2.233864
42.679 2.66896
43.69 2.962152
44.79 2.452624
45.799 2.428384
46.8 2.489264
47.819 2.510472
48.82 2.79684
49.821 3.155496
50.83 3.03148
51.838 2.790824
52.839 2.856256
53.84 2.470808
54.841 2.186168
55.938 2.242168
56.957 2.704544
57.967 2.742696
59.017 2.720416
60.118 2.662816
61.257 2.057472
62.267 1.269504
63.277 1.215544
64.287 1.948032
65.3 1.488384
66.306 1.138136
67.316 1.679232
68.337 2.166912
69.338 2.59288
70.346 2.298736
71.357 2.112192
72.365 1.214784
73.366 0.987928
74.596 1.400832
75.597 2.320128
76.606 0.915736
77.615 1.544784
78.815 1.80576
79.825 1.96584
80.826 2.174816
81.835 2.554464
83.004 2.900872
84.005 3.206248
85.006 2.879968
86.124 3.103104
87.134 3.449928
88.143 3.100656
89.293 3.247
90.294 3.23344
91.295 3.232168
92.462 2.860064
93.493 2.922048
94.494 2.190816
95.503 2.429568
96.512 1.81484
97.613 1.554048
98.615 1.80292
99.694 1.006848
100.702 1.247616
101.703 1.680152
102.712 1.496296
103.722 1.904256
104.723 1.854296
105.732 2.123136
106.733 1.232536
107.742 1.335168
108.752 1.176072
109.753 1.521216
110.754 1.44024
111.755 2.129672
112.762 2.11408
115.044 5.812528
116.051 2.976768
117.052 2.834144
118.221 3.020984
119.222 3.4716
120.223 3.148
121.231 3.077704
122.232 2.258656
123.312 2.834496
124.313 2.943832
125.482 3.404056
126.484 2.950024
127.485 2.334352
128.486 3.251152
129.491 3.224344
130.492 2.242472
131.541 4.04928
132.542 2.949128
133.549 3.808512
134.551 3.742848
135.552 2.351392
136.566 1.554048
138.781 7.0236
139.791 3.381696
140.792 3.467872
141.933 3.928896
142.942 3.086888
143.943 3.534912
144.944 3.083056
145.951 3.42172
146.961 4.093056
147.962 3.4698
148.963 1.948112
151.021 6.14832
152.03 1.948032
153.031 1.127232
154.041 0.402592
155.07 0.43776
156.091 0.623808
157.099 0.809856
158.109 0.908352
159.119 1.0944
160.129 1.100296
161.13 1.674432
162.149 1.794816
163.158 0.949584
164.558 0.919296
165.568 0.131072
167.774 1.806016
168.778 0.415872
169.808 0.372096
170.818 0.306432
171.828 0.350208
172.868 0.317376
173.878 0.317376
174.888 0.2308
175.929 0.262656
183.149 0.05472
184.45 0.043776
185.729 0.043776
187.129 0.043776
188.41 0.043776
189.689 0.043776
190.97 0.043776
192.41 0.043776
193.61 0.032832
194.65 0.043776
195.93 0.032832
197.018 0.065664
198.278 0.065664
199.618 0.032832
200.899 0.032832
202.318 0.05472
203.438 0.065664
204.658 0.229824
205.889 0.196992
206.909 0.262656
207.938 0.2736
208.958 0.284544
