0 2.67488
1.001 2.812608
2.008 2.598272
3.009 4.353848
4.118 5.126336
5.119 4.688576
6.12 3.675328
7.121 3.889664
8.122 3.254912
9.127 2.51072
10.128 2.604672
11.139 1.843136
12.147 3.243968
13.158 2.390336
14.159 2.210688
15.177 1.700864
16.178 2.1824
17.268 2.177856
18.27 2.12768
19.287 2.412224
20.298 2.40768
21.308 2.204288
22.309 2.915648
23.318 2.926592
24.327 2.488832
25.397 2.736
26.398 1.985408
27.399 1.919752
28.408 1.991808
29.418 1.821248
30.437 2.155968
31.438 1.777472
32.439 1.996352
33.477 1.707264
34.478 1.591424
35.528 1.564992
36.529 1.652544
37.537 1.350656
38.538 1.269504
39.557 0.781568
40.567 1.247616
41.587 1.42272
42.607 0.694016
43.617 0.678528
44.637 0.65664
45.657 0.569088
46.667 0.514368
47.697 0.645696
48.727 0.310976
49.737 0.32832
50.738 0.251712
51.747 0.262656
52.767 0.251712
53.807 0.120384
55.437 0.153216
89.385 1.378944
90.386 1.131776
91.387 2.385792
92.395 2.105792
93.396 1.788416
94.397 2.637504
95.405 2.324672
96.406 2.40128
97.407 2.324672
98.408 2.68128
99.416 2.412224
100.417 2.423168
101.426 2.412224
102.437 2.7296
103.515 2.604672
104.525 2.456
105.534 2.160512
106.535 2.609216
107.635 2.62656
108.636 2.434112
109.637 2.34656
110.644 2.412224
111.734 1.378944
113.903 2.434112
114.984 1.685376
115.994 2.718656
117.004 3.616064
118.014 3.637952
119.024 2.34656
120.033 1.85408
121.174 2.331072
122.175 2.226176
123.184 2.1824
124.185 1.729152
125.193 1.569536
126.194 1.543104
127.203 1.52576
128.214 1.882368
129.224 1.668032
130.226 1.729152
131.233 1.657088
132.243 2.254464
133.245 2.445056
134.253 2.587328
135.254 2.149568
136.274 2.210688
137.283 2.149568
138.284 2.56544
139.285 2.29824
140.294 2.029176
141.303 1.875968
142.313 2.320128
143.323 1.755584
144.324 2.342016
145.334 1.865024
146.343 2.007296
147.353 1.849536
148.363 1.6352
149.373 2.221632
150.374 1.897856
151.375 2.302784
152.383 2.210688
153.384 2.1824
154.393 1.886912
155.394 2.757888
156.395 2.67488
157.403 2.543552
158.404 2.806208
159.414 2.543552
160.423 2.385792
161.433 2.248064
162.453 2.226176
163.454 2.663936
164.463 3.079808
165.543 3.2768
166.663 2.648448
167.673 1.788416
168.683 2.685824
169.685 2.549952
170.693 2.007304
171.694 2.138624
172.703 2.94848
173.705 2.89376
174.753 2.615616
175.755 2.40128
176.773 2.412224
177.774 2.412224
178.873 3.151872
179.874 2.445056
180.875 2.674856
181.884 2.707736
182.885 2.302784
183.893 3.265856
184.903 2.549952
185.904 2.707712
186.905 2.718656
187.907 2.488832
188.912 2.210688
189.913 2.007296
190.923 1.974464
191.933 1.80576
192.952 1.317824
193.963 1.652544
194.982 1.302336
195.992 0.715904
197.002 1.761984
198.012 0.934784
199.02 2.13408
200.023 1.865024
201.033 2.445048
202.122 2.68128
203.123 1.788416
204.132 1.96992
205.144 0.989504
206.152 1.050624
207.162 1.602368
208.163 2.604672
209.173 2.029184
