0 1.805616
1.001 1.160192
2.01 0.975528
3.021 1.362944
4.022 1.255112
5.023 1.021616
6.041 0.856064
7.061 0.627552
8.063 1.408
9.072 1.140376
10.073 1.464608
11.101 1.396736
12.132 1.111304
13.152 1.025024
14.162 1.4228
15.682 1.23148
16.692 1.29536
17.694 1.351728
18.702 0.717016
20.086 1.156008
21.093 1.23904
22.103 1.069096
23.105 1.382432
24.113 1.18272
25.125 1.16688
26.133 1.498112
27.135 0.6082
28.29 1.874704
29.304 1.058816
30.305 1.011584
31.325 1.155168
32.706 1.476384
33.707 1.35168
34.724 0.78644
35.727 1.531904
36.735 0.853968
37.965 1.62696
38.975 0.979968
39.995 1.066216
41.005 1.171424
42.016 1.498112
43.017 0.924136
44.026 1.80224
45.027 0.681784
46.186 1.523632
47.196 1.869824
48.197 1.117336
49.217 1.232096
50.637 1.88792
51.639 1.27892
52.657 1.565696
53.667 0.921464
54.917 2.185216
55.918 1.33176
56.927 1.655808
57.929 0.741328
59.068 1.652888
60.139 1.63328
61.148 1.011608
62.558 1.750456
63.559 1.374208
64.56 1.047016
65.568 1.064912
66.708 1.16892
67.879 1.261568
68.88 1.256568
70.049 1.52064
71.059 1.304184
72.061 1.29536
73.07 1.225584
74.079 1.655808
75.08 1.237992
76.081 1.340416
77.09 1.176032
78.091 1.498112
79.1 1.453056
80.102 1.350728
81.11 0.906328
82.181 1.723392
83.182 1.071544
84.19 1.284096
85.201 1.56348
86.221 1.120728
87.222 1.35168
88.231 1.265272
89.242 1.075384
90.251 0.540672
91.762 1.486848
92.764 0.762728
93.782 0.912384
94.784 1.07008
95.785 0.458464
96.793 1.419264
97.802 1.307872
98.812 0.979968
99.843 1.263632
100.853 1.317888
101.863 0.704608
103.063 1.07008
104.073 0.923648
105.083 0.61952
106.104 0.226432
107.114 1.148928
108.123 0.859048
109.194 1.554432
110.195 0.512576
111.214 0.50688
122.547 0.221184
123.876 0.668672
125.346 0.083816
126.366 0.705448
127.5 0.394552
128.546 0.642776
129.556 0.266864
130.596 0.406792
131.658 0.466392
132.677 0.356488
157.037 0.045056
158.817 0.101376
160.135 0.11264
161.153 0.241384
163.194 0.031856
164.637 0.078848
165.797 0.135168
166.818 0.123904
167.837 0.101376
168.917 0.090112
170.096 0.08444
171.397 0.11264
172.457 0.11264
173.478 0.123904
174.516 0.101376
175.539 0.135168
176.578 0.11264
177.698 0.06012
178.759 0.11264
179.779 0.123904
180.937 0.101376
182.201 0.060256
183.32 0.101376
184.377 0.045056
185.6 0.090112
186.859 0.05632
188.098 0.078848
189.139 0.041696
190.257 0.067584
191.378 0.05632
192.417 0.078848
193.479 0.078848
194.619 0.090112
195.742 0.023728
196.781 0.078848
197.92 0.067584
199.14 0.045056
200.362 0.142336
