0 1.773448
1.03 1.85856
2.149 1.696944
3.189 2.170816
4.339 1.98912
5.428 2.03592
6.437 1.967648
7.568 2.306936
8.577 2.031296
9.749 1.360096
10.75 1.468568
11.827 1.577784
13.008 1.778376
14.027 2.18756
15.028 1.82088
16.158 1.864472
17.162 2.132048
18.298 2.092072
19.457 2.006576
20.458 1.57412
21.468 1.512232
22.483 2.355976
23.569 2.434296
24.617 2.146576
25.618 2.054272
26.627 1.772984
27.629 2.160648
28.827 1.800344
29.836 1.676512
30.876 1.48548
31.877 1.263096
32.887 1.1044
34.046 1.458144
35.088 1.22952
36.126 1.299624
37.127 1.402632
38.136 1.3618
39.137 1.562104
40.147 1.280552
41.151 1.4746
42.156 1.234912
43.245 1.241288
44.256 1.04032
45.266 1.124944
46.276 0.927688
47.446 1.130488
48.586 0.686464
49.595 0.889152
50.646 1.127512
51.855 1.358528
52.881 1.067464
54.016 1.273504
55.126 0.98624
56.135 0.910944
57.136 0.905128
58.156 0.589736
59.157 0.612088
60.165 0.609992
61.175 0.886744
62.185 0.921024
63.195 1.257872
64.196 1.048648
65.205 1.047744
66.24 0.911768
67.255 1.20088
68.256 1.283728
69.265 1.198672
70.415 1.214728
71.425 1.239624
72.466 1.457824
73.475 1.085312
74.646 1.158696
75.656 0.931984
76.665 1.15356
77.666 1.211248
78.806 1.22828
79.815 0.923024
80.816 0.87288
81.954 0.887808
82.964 0.64196
84.004 0.353864
85.005 0.245
86.014 0.153216
88.396 1.128672
89.414 1.171384
90.424 0.544096
91.884 0.361152
93.295 0.791592
94.316 1.058872
95.345 1.275472
96.504 1.093248
97.524 0.773336
98.644 1.085368
99.645 1.035736
100.654 1.26548
101.845 1.86324
103.014 1.628952
104.025 1.23748
105.124 1.403
106.314 0.848
107.344 1.258656
108.374 1.165984
109.525 1.165816
110.653 1.070232
111.763 1.026912
112.794 1.079976
113.914 1.187024
114.925 0.995792
115.944 0.7032
116.953 0.60404
117.963 0.672776
119.023 0.629736
120.033 0.665504
121.084 0.926248
122.093 0.669312
123.094 0.897688
124.343 1.041416
125.474 1.362264
126.484 1.01
127.494 1.062016
128.513 0.567592
129.534 0.043776
130.893 0.5996
131.903 0.843176
132.913 0.786176
133.954 0.580416
134.963 0.7924
135.964 0.926008
136.974 0.789344
137.983 0.836128
138.993 0.699336
140.013 0.49816
141.043 0.298024
142.183 0.448704
143.193 0.85656
144.194 1.269152
145.195 1.320416
146.214 1.289672
147.234 1.190264
148.243 1.251336
149.424 0.834424
150.433 1.043056
151.473 1.266928
152.483 1.785264
153.573 1.827368
154.683 1.6718
155.703 1.12324
156.712 1.579104
157.713 1.212784
158.812 1.609472
159.813 1.47028
160.952 1.454992
161.962 1.120824
162.973 1.413376
163.982 1.17648
164.992 1.009792
166.002 1.18128
167.143 0.9928
168.152 1.151688
169.156 1.28772
170.232 1.540984
171.242 1.285288
172.253 1.558112
173.423 1.276672
174.431 1.014976
175.443 0.82524
176.572 1.030088
177.582 0.902184
178.592 1.127752
179.602 1.050632
180.612 1.134872
181.622 1.173776
182.643 1.424696
183.652 1.238392
184.662 1.138848
185.671 1.156496
186.782 1.434936
187.941 1.165136
188.95 1.239448
189.951 1.174736
190.96 1.050504
191.961 0.951792
192.971 1.174128
194.091 0.779984
195.11 0.8244
196.12 0.523152
197.121 0.324736
198.14 0.295488
199.22 0.28216
200.24 1.213352
201.35 1.4752
202.351 1.096416
203.499 1.051856
204.551 1.04296
205.562 1.161928
206.57 1.090256
207.571 0.936416
208.581 0.883784
209.59 0.487648
