0 1.466496
1.009 0.957736
2.01 1.155624
3.02 0.847952
4.029 0.952128
5.049 0.2736
6.079 0.080744
7.159 0.295488
8.349 0.448704
9.369 0.43776
10.38 0.481536
11.389 0.407712
12.409 0.38304
13.419 0.43776
14.429 0.377616
15.469 0.525312
16.479 0.502056
17.499 0.787968
18.5 0.740152
19.509 0.8994
20.51 1.111224
21.519 1.063064
22.52 1.252376
23.529 1.169968
24.539 1.064392
25.55 1.000536
26.559 0.95576
27.56 0.76608
28.589 0.75832
29.59 0.72528
30.609 0.71136
31.63 0.634208
32.631 0.60008
33.64 0.831744
34.67 0.682928
35.679 0.822696
36.68 0.654568
37.869 0.558144
39.36 0.415872
40.38 0.13088
41.39 0.021888
42.51 0.076608
58.996 0.558144
60.166 0.010944
62.806 0.190808
63.836 0.43776
64.568 1.662816
65.578 1.952656
66.579 0.258648
67.638 0.2736
68.639 0.241144
69.708 0.485616
70.968 0.496016
71.99 0.740264
73.008 1.207056
74.168 1.235
75.177 1.051296
76.178 1.230688
77.187 1.050512
78.397 1.356696
79.407 1.286656
80.416 1.34504
81.417 0.96076
82.418 1.30328
83.419 1.248424
84.668 1.494536
85.868 1.235616
86.869 1.332664
87.87 1.348384
88.877 1.248416
90.057 1.357368
91.059 1.34808
92.257 1.327224
93.397 1.015048
94.398 1.264512
95.547 1.031144
96.556 0.910512
97.616 1.02468
98.617 1.580152
99.816 1.301664
100.828 1.346344
102.017 1.374544
103.038 1.511616
104.058 1.244608
105.437 1.558712
106.536 1.434072
107.717 1.25892
108.737 1.289008
109.796 1.38408
111.037 1.194616
112.167 1.1334
113.187 1.249424
114.327 0.84064
115.417 0.851696
116.418 1.046504
117.496 1.345832
118.547 1.406528
119.697 0.960136
120.706 0.562344
121.743 1.298584
122.827 1.37172
123.828 1.226424
124.837 1.316744
125.838 1.2252
127.037 1.647808
128.177 1.86752
129.178 0.905688
130.187 1.184328
131.207 0.944488
132.208 0.952952
133.286 0.70584
134.296 0.788312
135.297 0.94344
136.317 0.853032
137.318 1.072248
138.327 1.083624
139.336 1.101688
140.346 1.347224
141.405 1.334456
142.406 0.747768
143.415 0.898096
144.485 1.045712
145.586 0.82952
146.595 0.786888
147.605 0.809808
148.615 0.818608
149.617 0.602288
150.625 0.947
151.626 0.775608
152.635 0.565504
153.645 0.722664
154.705 1.127112
155.805 1.160824
156.946 1.110168
157.955 0.99608
158.956 0.952464
159.966 0.913408
160.975 0.966256
162.004 0.855576
163.026 1.275704
164.034 0.93008
165.044 1.115
166.054 0.743816
167.114 1.19168
168.154 1.401552
169.163 1.014408
170.354 0.905176
171.413 0.931792
172.423 0.99768
173.513 0.997728
174.643 1.037104
175.653 1.071512
176.663 1.060352
177.673 0.867096
178.913 1.00008
179.914 1.24428
180.923 1.353112
182.132 1.437488
183.153 1.52048
184.313 1.3098
185.324 1.149312
186.333 0.804976
187.373 1.07284
188.383 1.094952
189.384 1.103888
190.633 1.307408
191.741 1.157992
192.753 1.063096
193.754 1.09172
194.763 0.982296
195.774 1.255856
196.943 1.229096
198.093 0.916864
199.094 0.967376
200.113 0.919288
201.114 0.861792
202.123 0.854952
203.143 0.910824
204.222 0.973832
205.313 1.114488
206.323 0.83028
207.523 0.939288
208.543 0.766896
209.662 1.016952
