0 1.208384
1.009 2.02464
2.01 1.897856
3.019 2.013696
4.042 1.700864
5.049 1.996352
6.119 2.166912
7.12 2.094848
8.129 1.827648
9.13 1.897856
10.15 2.029184
11.159 2.057472
12.16 1.295936
13.17 0.919296
14.179 1.674432
15.189 1.427264
16.199 0.995904
17.209 0.908352
18.239 0.365696
19.269 1.42272
20.28 1.85408
21.319 2.210688
22.329 1.733696
23.33 1.991808
24.339 1.9088
25.34 1.937088
26.349 1.711808
27.35 1.722752
28.359 1.86048
29.36 1.766528
30.369 2.276352
31.379 2.105792
32.389 2.07296
33.39 2.145024
34.399 2.01824
35.409 2.029184
36.439 2.232576
37.45 1.722752
38.459 2.046528
39.469 1.58048
40.479 1.597824
41.48 1.208384
42.499 1.14912
43.51 1.14912
44.519 0.945728
45.529 1.083456
46.549 1.14912
47.559 1.186496
48.599 0.941184
49.609 0.952128
50.61 0.748736
51.619 0.831744
52.629 1.03968
53.639 1.372544
54.749 1.619712
55.75 1.657088
56.869 1.96992
57.879 1.865024
58.889 1.116288
59.91 1.171008
60.919 1.394432
61.928 1.882368
62.929 1.03328
63.939 0.831744
64.948 0.98496
65.949 0.989504
66.959 1.181952
67.969 1.368
68.979 1.208384
69.989 1.335168
70.999 1.192896
72.008 0.606464
73.029 0.426816
74.038 0.38304
75.07 0.5472
76.088 1.061568
77.089 0.420416
78.148 1.017792
79.158 1.290176
80.168 0.936
81.212 0.853632
82.229 0.853632
83.249 0.65664
84.259 0.853632
85.294 0.409472
86.298 0.744192
87.318 0.645696
88.348 0.514368
89.358 0.525312
90.388 0.551744
91.398 0.733248
92.408 0.590976
93.428 0.503424
94.438 0.372096
95.468 0.229824
96.478 0.470592
97.493 0.639296
98.498 0.65664
99.518 0.350336
100.578 0.295488
101.588 0.153216
102.598 0.131328
103.668 0.043776
106.078 0.087552
113.395 0.010944
125.075 1.241088
126.135 2.166912
127.136 2.051072
128.145 2.335616
129.215 2.309184
130.335 0.755136
131.345 1.055168
132.355 0.623808
133.415 1.985408
134.425 2.155968
135.435 1.919744
136.436 2.302784
137.556 2.57184
138.575 2.477888
139.577 2.488832
140.585 2.357504
141.586 2.418624
142.587 2.51072
143.595 2.67488
144.596 2.477888
145.605 2.473344
146.615 2.521664
147.625 1.832192
148.627 2.67488
149.695 2.736
150.705 2.554496
151.706 2.357504
152.715 2.182392
153.805 2.440512
154.806 2.094848
155.815 2.105792
156.816 2.549952
157.817 2.62016
158.825 2.652992
159.826 2.06176
160.886 2.703424
161.895 2.094848
162.905 2.40128
163.94 2.795264
164.945 2.922048
165.946 2.226176
166.956 2.587328
167.976 2.269952
168.977 2.703168
169.985 2.532608
170.996 2.67488
172.007 2.51072
173.015 2.477888
174.025 2.429568
175.034 1.886912
176.037 2.105792
177.045 2.02464
178.056 1.558592
179.065 2.615616
180.075 2.313728
181.084 2.313728
182.085 2.269952
183.086 2.385792
184.104 1.120832
185.115 1.663488
186.128 2.193344
187.134 1.740096
188.144 1.41632
189.145 1.729152
190.169 0.989504
191.174 0.8208
192.194 1.346112
193.195 1.646144
194.196 2.287296
195.204 2.313728
196.214 1.711808
197.215 2.123136
198.216 1.875968
199.224 2.007296
200.255 2.342016
201.256 1.295936
202.264 0.974016
203.274 1.630656
204.277 1.350656
205.284 0.963072
206.294 0.853632
207.304 1.58048
208.305 1.58688
209.314 1.175552
