0 0.079816
8.872 0.101376
10.053 0.157696
11.215 0.180224
12.273 0.091176
13.35 0.236544
14.393 0.191488
15.513 0.189504
16.529 0.16896
17.552 0.202752
18.553 0.133664
19.594 0.202752
20.636 0.247808
21.674 0.082368
22.676 0.191488
23.699 0.22528
24.874 0.166576
25.913 0.180224
26.936 0.191488
27.976 0.126584
29.057 0.180224
30.091 0.16896
31.093 0.122672
32.214 0.202752
33.295 0.236544
34.333 0.12956
35.335 0.214016
36.355 0.22528
37.412 0.135808
38.673 0.214016
39.796 0.191488
40.798 0.18248
41.912 0.054384
42.933 0.135168
43.956 0.16896
44.998 0.180224
46.057 0.135768
47.134 0.180224
48.179 0.191488
49.338 0.162544
50.496 0.247808
51.739 0.157696
52.878 0.144256
53.914 0.16896
55.121 0.180224
56.158 0.146432
57.256 0.146432
58.357 0.092608
59.419 0.11264
65.596 0.938856
66.597 1.357064
67.606 1.22148
68.607 1.176984
69.736 1.075912
70.756 0.9492
71.766 0.916096
72.848 1.184232
73.948 1.651288
74.95 1.512168
76.137 1.225688
77.157 1.245016
78.167 1.351824
79.177 1.319192
80.188 1.443824
81.197 0.923648
82.208 0.595448
83.528 1.470776
84.538 1.770264
85.549 1.378032
86.629 2.002968
87.639 1.33012
88.648 1.488208
89.718 1.603712
90.729 1.794536
91.739 1.94808
92.749 2.073912
93.809 2.090848
94.869 1.947392
95.899 1.982192
96.959 1.769464
97.96 1.653472
98.961 0.8448
99.98 0.450384
101.0 1.106328
102.12 1.261568
103.128 1.441584
104.131 1.097296
105.15 1.311592
106.462 1.145704
107.491 0.968704
108.512 1.036288
109.521 0.61468
111.052 1.588224
112.062 0.56644
113.081 0.720896
114.233 0.687104
115.242 0.709632
116.252 0.4092
117.262 1.366144
118.693 1.8568
119.752 1.87408
120.754 2.00092
121.892 2.275328
122.894 1.470744
123.903 1.11716
125.063 2.117248
126.133 2.185216
127.135 1.722224
128.145 2.349624
129.214 2.042456
130.314 1.698784
131.315 2.218536
132.444 2.36544
133.446 1.256872
134.447 2.125112
135.625 2.410496
136.627 2.162688
137.636 0.417264
138.656 1.306624
139.666 2.004992
140.667 1.547368
141.685 0.90112
142.687 1.01376
143.705 1.441792
144.706 1.705424
145.716 2.110512
146.718 1.490648
147.798 2.388168
148.8 1.695768
149.808 1.671312
150.81 1.148928
151.817 0.706336
152.826 1.491296
153.827 1.57696
154.837 1.481752
155.839 1.315184
156.953 2.24668
157.958 1.978896
158.959 1.883288
159.98 2.680832
160.989 1.508832
161.998 2.004992
163.0 0.660224
164.26 1.779712
165.268 1.137664
166.288 0.917584
167.289 2.376704
168.29 0.99456
169.689 1.400832
170.709 0.728784
171.71 1.1594
172.779 1.329152
173.789 0.511616
174.799 1.340416
175.801 1.002344
176.899 1.203768
178.039 1.092608
179.08 0.36384
180.26 1.599488
181.262 0.71688
182.441 2.2528
183.442 0.823048
184.45 0.923648
185.451 1.738376
186.461 1.52064
187.521 0.473088
188.531 0.63048
189.541 0.649216
190.881 1.70496
191.892 1.10036
192.902 1.588224
193.903 1.2836
194.911 1.655808
195.912 1.293288
196.913 1.408
197.922 0.777216
198.932 0.968704
199.933 1.235304
200.934 1.268392
202.072 1.80224
203.073 0.635816
204.113 0.709632
205.133 0.923648
206.135 0.800296
207.144 1.137664
208.164 0.900824
209.173 1.306624
