0 1.05888
1.08 1.496608
2.081 1.397
3.32 1.307608
4.33 1.18124
5.341 1.155752
6.36 0.874856
7.362 1.220424
8.37 1.103824
9.501 1.337952
10.51 1.02396
11.741 1.271656
12.742 1.036648
13.84 1.267416
14.841 1.224136
15.85 1.058048
16.86 1.276296
18.07 1.50404
19.08 0.712008
20.11 1.074816
21.18 1.529216
22.189 1.36668
23.299 1.485112
24.3 1.127064
25.318 1.396352
26.4 1.685112
27.578 1.469992
28.588 0.914808
29.598 0.9
30.608 1.44352
31.618 1.145328
32.619 1.115888
33.628 0.839736
34.658 1.38864
35.818 1.333016
36.918 1.317184
37.92 1.380184
38.928 1.142272
39.932 1.19288
40.958 1.680136
41.968 1.093216
43.127 1.296184
44.138 0.94348
45.139 1.26656
46.259 1.32836
47.268 1.111056
48.428 1.376328
49.438 1.0722
50.547 1.29292
51.727 1.175416
52.737 0.589432
53.817 0.529784
54.847 0.532888
55.947 0.415872
56.977 0.16684
58.007 0.2736
59.047 0.159752
60.087 0.229824
61.118 0.215952
62.167 0.229824
63.177 0.283624
64.267 0.361152
65.297 0.5402
66.307 0.67348
67.397 0.644912
68.427 0.68032
69.437 0.444992
70.457 0.389168
71.607 0.426816
72.617 0.49872
73.627 0.673248
74.647 0.616664
75.667 0.582144
76.678 0.59668
77.697 0.388992
78.727 0.426816
79.747 0.24592
80.777 0.262656
81.796 0.262656
82.797 0.184424
83.816 0.229824
84.856 0.158992
85.866 0.153216
86.878 0.240768
87.916 0.179712
88.957 0.262656
90.078 0.519
91.085 0.6044
92.086 0.464808
93.095 0.691224
94.112 0.786104
95.116 0.656672
96.126 0.781656
97.276 0.557672
98.475 0.229824
99.565 0.131328
100.665 0.076608
101.725 0.032832
103.496 0.212872
104.526 0.131328
105.546 0.207936
106.576 0.142272
107.606 0.129576
108.665 0.196992
109.695 0.05472
112.036 0.05472
113.085 0.226464
114.465 0.262656
115.505 0.21888
116.515 0.221104
117.535 0.472304
118.765 0.596504
120.055 0.295488
121.077 0.2736
122.115 0.369328
123.116 0.29616
124.141 0.350208
125.185 0.207936
126.225 0.086512
127.285 0.153216
128.415 0.229824
129.425 0.135328
130.455 0.120384
145.758 0.601424
146.779 1.612264
147.918 1.637448
149.067 1.594904
150.136 1.632368
151.138 1.918928
152.139 1.792688
153.278 2.067872
154.286 1.780048
155.287 1.700656
156.406 1.731272
157.537 1.846176
158.677 1.568632
159.686 1.57452
160.757 1.79932
161.888 1.844376
162.936 1.715344
163.976 1.846368
164.977 1.929688
166.166 1.48796
167.176 1.385856
168.186 1.162632
169.326 1.06976
170.336 1.104696
171.338 0.957488
172.346 1.363672
173.366 1.398888
174.556 1.473792
175.706 1.423768
176.716 1.278808
177.726 1.092168
178.736 1.095048
179.746 1.005136
180.756 1.17748
181.757 1.276224
182.766 1.217888
183.776 1.061992
184.786 0.663944
185.795 0.845928
186.796 1.43788
187.806 0.948672
188.816 1.115288
189.817 0.99928
190.825 0.946128
191.964 1.19852
192.965 1.172192
193.976 1.42584
194.977 2.0164
196.065 2.184144
197.066 2.032928
198.225 2.143512
199.226 1.883456
200.395 2.310896
201.565 1.916456
202.566 1.936456
203.568 1.820984
204.715 1.937272
205.735 1.237192
206.754 1.579528
207.756 1.815128
208.757 1.501056
209.764 1.782432
