0 0.6466
1.019 0.697128
2.02 0.46952
3.06 0.402144
4.069 0.580064
5.08 0.465672
6.1 0.306432
7.119 0.229824
8.12 0.979328
9.136 1.16032
10.14 1.213264
11.29 1.269312
12.3 0.64776
13.32 0.21888
14.389 0.076608
15.419 0.555936
16.428 0.691224
17.599 0.426816
18.608 0.646544
19.619 0.626152
20.778 0.868408
21.787 0.816904
22.798 0.560768
23.987 0.622848
24.998 0.67176
26.018 0.619008
27.038 0.381728
28.047 0.511528
29.077 0.350208
30.109 0.262616
31.127 0.415872
32.137 0.461888
33.157 0.500584
34.177 0.696336
35.187 0.581752
36.197 0.529744
37.247 0.81044
38.257 0.6222
39.267 0.552792
40.277 1.098344
41.437 1.244888
42.439 1.142424
43.447 1.218568
44.457 1.295744
45.467 1.248808
46.487 1.112024
47.617 1.314888
48.627 1.29888
49.637 1.321552
50.657 1.137816
51.667 1.436464
52.677 0.854232
53.687 0.905976
54.847 0.866632
55.857 0.887008
56.867 0.624224
57.881 0.4364
58.887 0.55368
59.897 0.48832
60.907 0.021888
62.257 1.164992
63.267 1.134752
64.287 1.25996
65.307 0.909896
66.317 1.00208
67.487 1.15496
68.497 1.08524
69.507 0.998736
70.514 0.94884
71.577 1.071784
72.627 1.13648
73.787 0.896816
74.937 0.96688
75.957 0.75404
76.976 0.82592
78.026 0.44652
79.046 0.767632
80.055 1.030296
81.235 0.983144
82.236 0.572512
83.244 0.493264
84.395 0.21888
85.655 0.496696
86.664 0.953816
87.864 1.032192
88.875 1.178376
89.885 1.252648
90.895 1.21708
92.085 1.309784
93.111 1.118192
94.125 1.005992
95.265 0.927992
96.274 1.012944
97.453 1.005768
98.454 1.20152
99.664 0.88168
100.783 1.010416
101.953 1.047472
103.003 1.036992
104.004 1.016184
105.163 1.255472
106.174 0.974472
107.183 1.058528
108.184 1.065032
109.208 0.756456
110.223 0.775664
111.224 0.340648
112.803 1.21596
113.813 0.977664
114.835 1.045024
115.903 1.390136
117.013 1.084152
118.014 0.622992
119.074 0.890184
120.083 0.962112
121.093 0.97804
122.103 1.110544
123.114 1.022304
124.115 0.97356
125.163 1.03704
126.174 0.855952
127.183 0.665776
128.194 0.921432
129.209 0.963416
130.213 1.20396
131.313 1.286248
132.354 1.260784
133.364 1.18704
134.372 1.138416
135.382 1.181904
136.732 1.1714
137.813 1.134408
138.901 1.167456
139.931 1.214832
141.041 1.330528
142.211 1.225544
143.281 1.058544
144.441 1.051256
145.592 1.154528
146.721 1.13948
147.792 1.103664
148.841 1.12644
149.851 1.14468
150.951 1.107792
152.051 1.079848
153.211 1.005424
154.291 0.99516
155.3 1.0862
156.401 1.22008
157.411 0.918416
158.421 0.704064
159.432 0.534288
160.611 1.07576
161.62 0.915448
162.621 0.968128
163.632 0.913336
164.64 0.935112
165.651 1.12488
166.661 0.848016
167.711 0.798288
168.712 0.948024
169.941 1.095512
171.01 0.613616
172.02 0.911912
173.031 0.997432
174.05 1.169968
175.21 1.009296
176.541 1.3186
177.55 1.186936
178.7 1.113216
179.72 1.043768
180.74 1.212848
181.81 1.1226
182.961 1.066512
183.991 1.090744
185.0 1.121304
186.001 1.110624
187.023 1.424112
188.231 1.147152
189.261 1.164872
190.271 1.302672
191.28 1.130976
192.4 1.009312
193.41 0.708632
194.42 0.93952
195.431 1.071928
196.611 1.12844
197.62 1.14336
198.621 1.090648
199.631 1.333184
200.64 1.087816
201.641 1.056296
202.642 1.129
203.69 1.241056
204.691 1.091704
205.7 1.037216
206.71 1.02976
207.711 1.033512
208.72 0.997656
209.73 1.16968
