0 1.013352
1.009 1.263824
2.039 1.488384
3.049 1.10948
4.059 1.14096
5.068 1.433664
6.078 1.24512
7.089 1.201728
8.09 1.412248
9.297 1.663488
10.307 1.359968
11.308 1.674432
12.317 1.267432
13.326 1.53696
14.327 1.589368
15.336 1.999096
16.507 2.221632
17.508 1.701448
18.515 1.824824
19.596 1.990184
20.606 2.012144
21.616 1.824608
22.625 1.88636
23.637 2.02516
24.645 1.99252
25.646 2.068072
26.655 2.03656
27.665 2.638224
28.914 2.549952
29.916 1.844544
30.923 2.070984
31.924 1.814032
32.926 1.680608
33.934 1.846168
35.014 1.937088
36.034 1.186912
37.043 1.725448
38.163 1.980864
39.174 1.495776
40.176 2.104928
41.274 2.4624
42.275 1.862496
43.284 2.363904
44.294 2.046528
45.295 1.333304
46.313 1.86048
47.323 1.408936
48.343 1.564992
49.352 0.88124
50.362 1.083456
51.363 1.22464
52.372 0.643752
53.392 1.80576
54.401 1.09916
55.411 1.116288
56.42 0.685496
57.421 0.87552
58.431 0.865336
59.44 0.744192
60.441 0.60192
61.75 0.476864
62.759 0.49248
63.76 0.514368
64.777 0.251712
65.788 0.229824
66.94 0.431936
67.949 0.755136
68.95 0.385992
70.008 0.459648
71.019 0.831744
72.029 0.557776
73.038 0.175104
74.05 1.07036
75.059 1.185296
76.06 1.050808
77.069 0.891112
78.078 1.032944
79.089 1.206832
80.098 0.668672
81.129 1.147872
82.13 0.901024
83.228 0.459648
84.279 0.361152
85.298 0.503424
86.308 0.824784
87.309 0.755768
88.318 0.738056
89.319 0.88604
90.348 0.882912
91.349 0.811912
92.368 1.124352
93.537 0.897408
94.658 0.634752
95.687 0.565336
96.697 0.700416
97.737 0.569088
98.747 0.534936
99.757 0.641488
100.787 0.71136
101.797 0.597256
102.817 0.64876
103.828 0.558144
104.917 0.483912
105.927 0.689472
106.947 0.573424
107.957 0.618648
108.967 0.798624
110.127 0.984632
111.347 0.16416
112.377 0.634752
113.407 0.531928
114.416 0.551792
115.417 0.623456
116.477 0.755136
117.486 0.575768
118.707 0.579112
119.716 0.678528
120.717 0.46524
121.847 0.623808
122.877 0.504064
123.887 0.689472
124.897 0.583568
125.907 0.59636
126.917 0.560136
127.977 0.752184
129.057 0.904672
130.266 0.89916
131.387 0.780112
132.397 0.75164
133.406 0.76608
134.407 0.705968
135.442 0.707216
136.446 0.742576
137.577 0.886464
138.587 0.723672
139.605 0.918632
140.976 1.116288
141.985 0.357344
143.006 0.32832
144.055 0.065664
145.086 0.087552
180.168 0.0
