0 3.22208
1.001 2.642024
2.003 2.160536
3.01 2.046528
4.02 2.215232
5.021 2.477888
6.022 3.287744
7.032 2.521664
8.041 3.11264
9.21 3.2768
10.29 3.2768
11.36 3.298688
12.361 2.889216
13.37 2.926592
14.38 2.488832
15.381 2.817152
16.391 2.696768
17.392 2.287296
18.4 2.543552
19.41 2.981304
20.411 3.60512
21.42 3.791168
22.421 3.320576
23.423 3.675328
24.5 3.2768
25.539 3.298688
26.54 3.086208
27.549 2.56544
28.56 2.1824
29.569 2.105792
30.57 2.374848
31.579 1.941632
32.589 2.105792
33.599 2.57184
34.6 2.412224
35.609 1.985408
36.61 2.473344
37.618 1.492928
38.619 1.80576
39.629 1.788416
40.63 2.116736
41.639 2.484288
42.649 2.138472
43.65 1.701016
44.719 2.276352
45.72 1.79936
46.722 2.265408
47.729 1.372544
48.739 1.849536
49.748 1.41632
50.749 2.105792
51.809 2.287296
52.829 2.07296
53.838 2.193344
54.978 2.79072
55.988 1.952576
56.997 2.105792
58.007 2.801664
59.008 2.40128
60.017 2.34656
61.028 2.56544
62.047 2.685824
63.096 2.757888
64.107 1.974464
65.116 1.832192
66.117 2.40768
67.118 1.569536
68.126 2.557216
69.127 2.153248
70.136 2.094848
71.137 2.313728
72.416 2.648448
73.417 2.335616
74.426 2.07296
75.428 2.714112
76.429 1.85408
77.436 1.766528
78.437 1.42272
79.446 1.569544
80.506 1.58688
81.515 1.269504
82.526 1.25216
83.545 1.761984
84.546 1.3616
85.555 2.02464
86.566 1.569536
87.575 1.53216
88.585 1.044224
89.605 1.455552
90.625 1.843136
91.626 2.276352
92.627 2.12768
93.635 1.674432
94.645 1.657088
95.655 1.777472
96.715 1.926144
97.724 1.558592
98.725 1.882368
99.734 1.85408
100.744 1.783872
101.758 1.613312
102.764 2.29824
103.765 2.029184
104.774 1.897856
105.775 2.342016
106.784 2.204288
107.785 2.29184
108.787 2.440512
109.804 1.68992
110.825 1.821248
111.833 1.849536
112.834 1.74464
113.835 2.725056
114.836 2.248064
115.844 1.974464
116.853 2.51072
117.854 2.199744
118.863 2.051072
119.864 2.379392
120.865 2.560896
121.874 1.96352
122.884 1.952576
123.893 2.145024
124.894 1.985408
125.904 2.335616
127.013 2.757888
128.014 1.405376
129.015 2.390336
130.233 2.40768
131.234 2.280896
132.243 1.865024
133.282 2.254464
134.283 2.215232
135.284 2.083904
136.382 2.342016
137.392 2.138624
138.401 2.138624
139.402 2.473344
140.411 2.412224
141.412 2.204288
142.421 2.473344
143.422 2.138624
144.424 2.07296
145.431 2.489368
146.432 2.899696
147.482 1.68088
148.483 1.537688
149.484 1.795928
150.493 2.07208
151.494 1.828872
152.612 2.188912
153.613 2.091624
154.622 2.0466
155.633 1.203408
156.642 1.20384
157.652 0.372096
158.663 0.385216
159.673 0.886464
160.693 0.40716
161.694 0.393984
162.703 0.2736
163.783 0.401336
164.923 1.580536
165.934 1.251456
166.943 1.499328
167.944 1.385904
168.954 1.450696
169.964 1.658696
170.965 1.883344
171.974 0.85516
173.054 1.397608
174.075 1.05992
175.084 1.138176
176.085 0.94404
177.095 1.022312
178.105 1.647464
179.296 1.608768
180.306 1.119672
181.315 1.488384
182.325 1.532512
183.326 1.88528
184.327 2.49164
185.328 1.7868
186.336 1.943648
187.337 1.843752
188.346 1.470904
189.356 1.302336
190.367 1.784696
191.447 1.909792
192.457 1.58688
193.467 1.504016
194.468 1.455552
195.477 1.146168
196.48 1.311952
197.481 1.249368
198.491 1.838592
199.497 1.290112
200.502 0.755136
201.522 0.300128
202.542 0.536256
203.583 0.645696
204.592 0.63344
205.603 0.952128
206.613 0.842688
207.653 0.261392
208.672 0.5472
209.673 1.259696
