0 1.6416
1.001 1.30688
2.019 1.357056
3.029 0.864576
4.039 1.503872
5.049 2.215232
6.169 1.181952
7.17 2.105792
8.291 3.265856
9.329 2.418624
10.33 1.722752
11.339 2.013696
12.352 1.930688
13.359 2.040128
14.36 2.62656
15.369 2.007296
16.379 2.357504
17.381 2.1888
18.383 2.248064
19.389 2.631104
20.39 2.94848
21.399 2.368448
22.49 2.232576
23.499 1.6352
24.512 1.411776
25.529 1.394432
26.539 2.13408
27.54 1.74464
28.541 1.684704
29.542 2.529056
30.822 1.176688
31.972 1.197744
32.982 1.143704
33.991 1.248736
34.992 0.99416
36.001 1.191904
37.012 1.249768
38.201 1.400296
39.212 1.394464
40.213 1.338696
41.361 1.445552
42.362 1.379752
43.601 1.453688
44.602 1.254576
45.81 1.266744
46.873 1.561976
48.071 1.483784
49.073 1.294496
50.251 1.3234
51.252 1.163064
52.253 0.93844
53.261 0.810464
54.35 0.966528
55.351 1.013824
56.36 0.997304
57.37 1.012168
58.379 0.988824
59.4 1.07184
60.429 1.056704
61.669 1.205712
62.67 1.0432
63.672 1.189544
64.68 0.79824
65.7 1.085504
66.89 1.127512
67.899 1.083352
68.9 0.67464
70.059 0.836504
71.068 0.950224
72.069 0.859712
73.078 0.93976
74.089 0.551816
75.278 0.555248
76.288 0.69564
77.469 0.84808
78.578 1.51752
79.579 0.64376
80.589 0.990888
81.599 1.219256
82.601 1.22564
83.609 0.711352
84.619 0.859704
85.718 1.206816
86.928 1.214248
88.129 1.20492
89.339 1.043344
90.389 1.224888
91.429 1.086848
92.489 1.456952
93.49 1.24852
94.549 1.291136
95.699 1.167104
96.709 1.211016
97.929 1.160888
98.93 1.020392
99.932 1.045104
100.939 1.137576
101.949 1.203576
102.95 1.302504
103.958 1.13452
104.959 1.347224
105.96 1.321016
106.961 1.245048
107.969 1.131648
109.189 1.474136
110.289 1.332928
111.309 1.560232
112.428 1.330168
113.497 1.182312
114.599 1.116168
115.818 1.226488
116.828 1.044504
117.848 1.08564
118.878 0.974752
119.897 1.177304
121.047 0.980888
122.098 1.248424
123.225 1.280288
124.455 1.038392
125.595 0.886552
126.596 0.6508
127.785 1.011008
128.786 1.016584
129.876 0.913744
130.885 0.533016
132.067 0.77024
133.075 0.62536
134.206 0.890368
135.215 0.82136
136.216 0.803048
137.236 0.813224
138.247 0.754136
139.256 0.961856
140.257 0.961272
141.275 0.310752
142.276 0.979728
143.436 1.111416
144.455 0.841976
145.456 1.031304
146.595 1.004872
147.606 1.003152
148.615 1.062984
149.626 0.770008
150.655 1.154392
151.666 0.859696
152.667 0.952456
153.668 0.766632
154.676 0.891544
155.686 0.966016
156.706 1.341704
157.715 0.905344
158.723 0.894544
159.726 1.161328
160.915 1.060288
161.936 0.916592
163.076 0.883016
164.091 0.72912
165.095 0.755616
166.315 0.811248
167.327 0.667576
168.335 0.750184
169.345 0.658808
170.395 0.4938
171.406 0.5802
172.407 0.396288
173.425 0.240768
174.495 0.128528
175.735 0.99852
176.736 0.909344
177.855 0.881272
178.865 0.876056
179.874 1.016768
180.935 1.10684
182.064 1.142984
183.185 1.057128
184.214 1.243984
185.215 1.04604
186.217 0.800376
187.224 0.997296
188.424 1.091152
189.425 1.008112
190.434 1.041368
191.455 1.030936
192.465 1.057256
193.605 1.146128
194.614 1.312072
195.684 1.084144
196.695 1.11748
197.755 1.116016
198.765 1.119104
199.774 1.184
200.775 0.830496
201.785 0.967784
202.874 1.141608
204.094 0.555176
205.155 0.716768
206.156 0.753648
207.174 0.482696
208.224 0.412448
209.264 0.381136
