0 0.836432
1.022 1.250888
2.04 0.91988
3.06 0.896688
4.07 1.261568
5.071 0.594736
6.091 0.850592
7.12 0.867328
8.131 0.588352
9.132 0.60416
10.441 0.9662
11.482 0.8448
12.492 0.604424
13.511 0.743424
14.522 0.40004
15.561 0.856064
16.582 0.689104
17.583 1.205248
18.602 0.611
20.063 1.85856
21.082 0.592632
22.282 1.245664
23.292 0.833536
24.302 1.037952
25.322 0.777216
26.352 0.709632
27.392 0.711288
28.402 0.461824
29.434 1.68616
30.662 0.912384
31.663 0.754688
32.683 0.762552
34.463 0.760992
35.473 0.574464
36.493 0.55576
37.654 0.45056
38.663 0.416768
39.725 1.046152
40.864 1.122952
41.884 1.0816
42.965 1.08836
43.975 0.83288
44.985 1.048976
45.995 0.849872
47.005 0.635
48.085 1.07384
49.225 1.205248
50.226 1.103176
51.235 1.087704
52.245 1.025632
53.266 1.259144
54.286 0.907544
55.296 1.069528
56.306 1.203392
57.307 1.04108
58.316 0.937872
59.317 1.137664
60.326 1.103696
61.327 1.049616
62.337 1.15764
63.417 1.07008
64.437 1.003256
65.438 1.081696
66.637 1.272832
67.638 0.688528
68.658 0.05632
69.958 0.585728
70.978 0.428032
72.028 0.16896
74.45 1.196856
75.528 1.054832
76.559 1.817736
77.568 0.670152
78.569 1.28164
79.58 1.042008
80.629 1.261728
81.63 1.20608
82.639 1.208976
83.85 1.526896
84.94 1.497312
85.95 1.599592
86.98 2.098416
87.981 1.474488
89.08 1.707064
90.082 1.325848
91.148 1.828112
92.221 1.955584
93.291 2.07776
94.292 2.022248
95.491 2.593376
96.492 1.879144
97.501 1.847336
98.503 2.30168
99.721 2.680832
100.723 1.766032
101.724 1.839216
102.732 2.354176
103.733 1.840048
104.742 1.689568
105.752 1.543136
106.952 1.9712
107.954 1.50044
108.963 1.610616
110.144 1.272832
112.458 1.147376
113.573 2.090032
114.583 2.1162
115.624 2.110944
116.633 1.947312
117.634 2.1432
118.635 2.025968
119.894 2.254528
120.895 1.26212
121.896 1.984408
122.904 2.072784
123.915 2.132304
124.925 2.198264
125.935 2.59072
126.936 2.174872
127.937 2.061704
128.947 2.399816
130.035 2.230272
131.036 1.898832
132.046 2.737152
133.047 1.502432
134.048 3.171768
135.156 2.038784
136.157 2.0452
137.176 2.068056
138.377 1.869824
139.398 1.0492
140.827 1.092608
141.837 1.619512
142.879 2.444568
144.077 2.242864
145.078 2.354176
146.088 1.984
147.089 2.11188
148.098 2.263256
149.108 2.793472
150.109 2.299672
151.11 2.248544
152.118 2.376704
153.119 2.17464
154.138 1.847296
155.14 1.994824
156.269 2.863512
157.369 2.579456
158.37 2.150776
159.38 1.261568
160.389 0.66768
161.399 2.151424
162.4 1.7034
163.41 2.130856
164.411 1.92384
165.553 2.742784
166.56 2.12712
167.691 2.725888
168.7 2.170416
169.701 2.203832
170.703 2.489344
171.711 1.831936
172.721 2.109512
174.001 2.602272
175.092 2.737152
176.093 1.422872
177.162 2.615056
178.181 2.219008
179.192 2.090624
180.193 2.501752
181.402 1.937408
182.422 0.61952
184.365 0.792112
185.502 2.42176
186.513 2.283432
187.514 2.073056
188.524 1.80224
189.534 1.675016
190.535 2.20992
191.613 2.635776
192.623 1.814912
193.624 1.608112
194.755 2.72764
195.764 2.064464
196.834 2.816
197.835 2.335928
198.844 2.2152
199.845 2.096128
200.846 1.94244
201.935 2.35028
203.074 2.173952
204.075 1.898552
205.076 1.811224
206.085 1.757184
207.086 0.632528
208.145 1.734656
209.146 1.636512
