0 0.743176
2.021 0.82408
3.951 0.862104
4.952 0.283392
5.981 0.483528
8.231 0.452064
14.031 0.38304
15.101 0.55324
16.102 0.646832
17.141 0.74776
20.011 0.549808
21.951 0.620304
23.941 0.609056
25.931 0.507072
27.992 0.474304
30.002 1.046088
31.952 0.554664
33.952 0.585368
35.952 0.560176
38.003 0.53796
39.953 0.49024
45.879 0.361152
46.89 0.5244
47.91 0.607664
49.95 0.83564
50.951 1.340488
51.952 1.520808
53.93 0.520144
55.97 0.430576
57.98 1.03708
59.96 0.518608
61.99 0.8396
63.92 0.699064
65.971 0.894344
67.971 0.458072
70.221 0.41668
75.762 0.339264
76.774 0.36624
77.852 0.398536
78.872 0.51096
79.943 1.018304
80.953 0.592824
81.962 0.36392
84.533 0.4736
85.973 0.814392
88.003 0.809856
89.033 0.15408
90.043 0.798912
91.053 0.091752
92.063 0.650168
94.013 0.590832
96.014 0.674096
97.933 0.613792
99.934 0.475456
101.993 0.478072
103.944 0.500768
105.934 0.549416
107.964 0.531024
109.934 0.51784
111.958 0.448792
114.005 0.460016
115.965 0.446408
117.954 0.529128
119.945 0.466816
122.235 0.448016
128.744 0.16416
129.835 0.207936
130.836 0.536392
131.875 0.841456
132.885 0.702904
133.905 0.81228
134.915 0.096192
135.926 0.610504
137.945 0.525312
138.985 0.121984
140.256 0.404928
141.267 0.32832
142.268 0.12752
143.995 0.49248
144.996 0.380528
146.016 0.525312
147.036 0.519824
148.046 0.149592
153.401 0.647248
154.411 0.60192
155.431 0.295488
156.471 0.908352
157.498 0.886464
158.502 0.949048
159.511 1.061568
160.531 1.20384
161.551 1.073736
162.561 1.006848
163.572 1.138176
164.581 1.407736
165.592 1.028736
166.602 1.411776
167.617 1.01616
168.622 1.192896
169.632 1.280448
170.633 1.173952
171.643 1.433664
172.652 1.378944
173.672 1.288608
174.673 1.53216
175.683 1.444608
176.692 0.494248
177.892 1.25856
178.903 1.105344
179.922 0.739624
180.923 1.138176
181.933 0.931864
182.943 1.433664
183.953 1.533176
184.963 1.740896
185.973 1.184168
186.983 1.466496
187.984 1.629992
188.993 2.069224
189.994 2.062728
191.003 2.056528
192.004 1.761376
193.005 2.55612
194.013 2.592624
195.093 2.145024
196.094 1.652904
197.104 1.980864
198.113 0.908936
199.124 0.339264
200.166 0.60192
201.167 2.093504
202.172 1.9152
203.174 1.421944
204.186 1.89672
205.194 1.20384
206.205 0.415872
207.245 0.886464
208.254 1.871424
209.256 1.835912
