0 1.378376
1.01 1.342504
2.011 1.794816
3.021 1.368784
4.031 1.426408
5.051 1.131824
6.061 1.58688
7.071 1.50008
8.081 1.22176
9.201 0.404928
10.211 0.612864
11.222 1.291392
12.223 1.209632
13.232 0.789448
14.252 0.982936
15.401 1.105344
16.411 0.892128
17.431 0.787968
18.442 0.812776
19.482 1.14912
20.492 0.62628
21.512 0.459648
22.92 0.5472
23.932 0.792
24.943 1.3652
26.022 1.384568
27.023 1.387448
28.033 1.58232
29.034 1.877832
30.043 2.000672
31.193 1.707504
32.194 1.868912
33.204 2.646216
34.207 2.002928
35.284 2.411104
36.285 2.56196
37.465 3.318672
38.774 3.359808
39.775 2.19924
40.776 2.141808
41.785 4.016448
42.786 3.302032
43.787 3.481168
44.788 3.577592
45.807 3.795432
46.976 3.410416
47.977 2.809096
48.978 1.784192
50.006 1.86048
51.007 1.560472
52.016 1.96992
53.025 1.226752
54.027 1.783872
55.035 1.442088
56.046 1.400832
57.056 1.006848
58.066 0.76608
59.076 0.480168
60.087 0.842688
61.096 0.43776
62.136 0.93024
63.149 1.00544
64.157 1.150528
65.169 0.781568
66.176 1.03968
67.188 1.03968
68.197 0.934784
69.208 1.14912
70.229 1.181952
71.237 0.781568
72.248 0.98496
73.269 0.634752
74.276 0.32832
75.277 0.459648
76.297 0.470592
77.308 0.420416
78.316 1.14912
79.325 1.466496
80.329 1.098944
81.336 1.31328
82.349 1.339712
83.396 1.9152
84.408 1.3616
85.496 1.794816
86.508 1.47376
87.516 1.004128
88.528 1.554048
89.536 1.109888
90.557 0.798912
91.568 1.083456
92.576 0.689472
93.589 0.847232
94.596 1.25856
95.609 1.214784
96.628 1.044224
97.648 0.798912
98.656 0.777024
99.676 0.5472
100.688 0.518912
101.696 0.76608
102.716 0.700416
103.728 0.525312
104.748 0.525312
105.768 0.580032
106.769 0.365696
107.8 0.580032
108.809 0.71136
109.816 0.809856
110.856 0.787968
111.876 0.584576
112.956 0.798912
113.969 0.919296
114.976 0.995904
115.989 0.86912
117.016 0.98496
118.036 0.963072
119.048 0.803456
120.068 0.98496
121.076 1.072512
122.081 0.92384
123.128 0.963072
124.129 1.017792
125.149 1.061568
126.157 0.858176
127.169 0.755136
128.201 0.941184
129.216 0.131072
130.956 1.3728
131.96 0.634752
132.975 0.612864
134.015 0.634752
135.016 0.393984
136.035 0.350208
137.048 0.15776
138.067 0.32832
139.075 0.393984
140.079 0.974016
141.088 0.864576
142.107 0.726848
143.115 1.14912
144.135 0.580032
145.155 0.623808
146.167 0.667584
147.176 0.672104
148.188 0.65664
149.215 0.481536
151.147 0.393984
152.167 0.908352
153.18 0.652728
154.187 0.733248
155.199 0.49248
156.207 0.71136
157.227 0.350208
158.247 0.131328
159.407 0.161472
160.435 0.36384
161.859 0.231904
162.88 0.842688
164.375 0.207936
165.415 0.098496
166.667 1.247616
167.675 0.459648
168.687 0.464192
169.688 0.87552
170.707 0.941184
171.708 0.667584
172.715 0.573632
173.727 0.831744
174.74 1.346112
175.747 0.76608
176.767 0.518912
177.775 0.459648
178.787 0.361152
179.795 0.536256
180.807 1.017792
181.815 0.803456
182.887 1.390016
183.888 1.17088
184.895 0.86912
185.916 1.072512
186.919 1.291392
187.927 1.131776
188.935 1.47744
189.955 0.689472
190.974 0.350208
192.026 0.737792
193.034 1.521216
194.046 1.295936
195.174 1.554048
196.194 1.455552
197.206 1.109888
198.214 1.302336
199.226 0.809856
200.235 0.70496
201.247 1.368
202.254 1.777472
203.267 1.53216
204.275 1.433664
205.286 1.175552
206.294 1.455552
207.306 1.3616
208.315 1.58688
209.326 1.47104
