0 2.849984
1.079 2.309184
2.08 2.094848
3.089 2.149576
4.159 1.958976
5.169 1.996352
6.179 1.926144
7.181 1.613312
8.189 1.75104
9.199 1.460096
10.209 2.382104
11.229 1.956264
12.23 1.843136
13.239 2.07936
14.249 2.521664
15.25 2.040128
16.259 2.707712
17.26 3.097152
18.269 2.926592
19.279 2.882816
20.28 2.609216
21.281 2.40128
22.289 2.456
23.298 2.287296
24.299 0.131072
30.014 0.836544
32.664 1.116288
33.665 2.423168
34.666 2.823552
35.674 2.7296
36.675 2.663936
37.676 2.904704
38.678 2.992256
39.684 2.904704
40.685 2.554496
41.686 3.031488
42.694 2.806208
43.695 2.751488
44.704 2.67488
45.705 2.456
46.714 2.488832
47.744 3.151872
48.745 2.576384
49.753 1.930688
50.754 1.597824
51.765 1.503872
52.773 1.685376
53.774 1.788416
54.783 2.101248
55.793 2.07296
56.794 2.456
57.795 2.642048
58.804 2.718656
59.904 2.210688
60.905 2.248064
61.913 2.466944
62.914 2.79072
63.916 2.740544
64.922 2.904704
65.923 2.795264
66.933 2.663936
67.934 2.34656
68.942 2.495232
69.943 2.171456
70.952 2.434112
71.953 2.199744
72.954 1.547648
73.962 1.302336
74.972 0.372096
76.413 0.354752
77.422 0.798912
78.423 1.619712
79.432 1.865024
80.433 2.259008
81.442 2.07936
82.452 1.514816
83.471 2.166912
84.472 2.40128
85.473 1.711808
86.482 2.068416
87.492 1.514816
88.512 2.013696
89.513 1.755584
90.522 2.434112
91.662 2.035584
92.672 1.624256
93.682 1.192896
103.85 0.32832
104.87 0.372096
105.951 0.251712
106.99 0.459392
107.991 0.562944
109.019 0.952128
110.029 0.93024
120.333 0.38304
121.334 0.43776
122.343 0.497024
123.353 1.269504
124.373 1.47744
125.403 0.934784
126.423 1.324224
127.443 1.181952
128.453 0.507968
130.292 1.017792
131.293 0.963072
132.303 1.077056
133.313 1.181952
134.323 0.8208
135.332 0.798912
136.333 0.75968
137.343 1.0944
138.363 0.864576
139.364 1.120832
140.373 0.952128
141.374 0.459648
146.761 0.065664
147.941 0.043776
149.081 0.032832
150.28 0.043776
151.56 0.032832
152.571 0.043776
153.84 0.032832
154.841 0.043776
156.127 0.032832
157.14 0.032832
158.165 0.043776
159.44 0.032832
160.61 0.043776
161.879 0.043776
163.159 0.032832
164.179 0.032832
165.199 0.043776
166.479 0.032832
167.559 0.043776
168.759 0.043776
170.079 0.043776
171.359 0.043776
172.639 0.043776
173.918 0.032832
174.926 0.043776
176.198 0.043776
177.478 0.043776
178.778 0.032832
179.878 0.043776
181.158 0.043776
182.518 0.032832
183.569 0.032832
184.678 0.032832
185.718 0.032832
186.838 0.043776
188.118 0.043776
189.301 0.043776
190.58 0.043776
191.86 0.043776
193.14 0.083864
194.159 0.008232
195.179 0.043776
196.379 0.010944
205.883 0.722304
206.885 1.083456
207.893 0.908352
208.903 0.715896
209.913 1.269504
