0 4.655744
1.002 4.0976
2.01 4.196096
3.011 4.03648
4.012 4.163264
5.013 4.217984
6.014 4.124032
7.07 4.04288
8.08 4.283624
9.081 4.513496
10.082 4.03648
11.09 4.185152
12.1 3.079808
13.165 2.828096
14.17 3.93344
15.171 3.725504
16.178 3.637952
17.179 3.33152
18.189 3.528512
19.19 4.03648
20.259 3.93344
21.269 4.075712
22.27 3.134528
23.271 3.233024
24.289 3.648896
25.29 3.802112
26.298 3.11264
27.299 3.025088
28.3 2.817152
29.301 3.211136
30.302 3.430016
31.308 3.38624
32.309 3.397184
33.31 2.204288
34.328 2.751488
35.329 2.922048
36.33 2.40128
37.339 2.78432
38.34 3.123584
39.359 2.390336
40.368 2.703168
41.378 2.707712
42.379 2.488832
43.398 2.226176
44.408 2.445056
45.468 2.123136
46.469 1.788416
47.47 1.948032
48.471 2.609224
49.479 2.871872
50.48 2.368448
51.488 2.429568
52.492 2.740544
53.498 2.795264
54.499 2.707712
55.518 2.718656
56.519 2.390336
57.568 2.484288
58.569 1.74464
59.578 2.155968
60.579 1.788416
61.588 1.657088
62.728 1.9152
63.729 0.131072
64.832 2.543808
65.836 1.926144
66.837 1.591424
67.847 1.663488
68.857 1.295936
69.858 1.783872
70.867 1.996352
71.877 0.842688
72.907 0.97856
73.916 0.864576
74.936 0.87552
75.946 1.243928
76.957 0.96036
77.967 1.247616
78.97 1.328768
79.976 1.543104
80.987 1.558592
81.996 1.14912
83.007 0.995904
84.016 1.055168
85.086 1.14912
86.087 1.072512
87.096 0.809856
88.107 0.858176
89.108 1.31328
90.117 1.350648
91.13 1.061568
92.136 0.974016
93.137 1.14912
94.146 1.131776
95.157 0.963072
96.166 0.963072
97.169 0.858176
98.177 0.886464
99.186 1.061568
100.187 0.880064
101.208 1.14912
102.216 1.083456
103.226 0.967616
104.236 1.138176
105.246 1.368
106.267 1.153664
107.277 1.31328
108.286 1.25856
109.296 1.120832
110.306 1.072512
111.326 1.192896
112.329 0.989504
113.346 1.0944
114.356 1.383488
115.416 1.291392
116.426 1.674432
117.447 1.109888
118.466 1.247616
119.476 1.230272
120.516 1.543104
121.526 1.291392
122.546 1.284992
123.556 1.31328
124.566 1.120832
125.616 1.20384
126.626 1.20384
127.636 1.405376
128.646 1.25856
129.656 1.930688
130.657 1.389888
131.666 1.438208
132.756 1.192896
133.766 0.974016
134.775 0.744192
135.786 0.584576
136.796 0.787968
137.806 0.919296
138.826 1.028736
139.846 1.120832
140.856 1.608768
141.866 1.30688
142.876 1.192896
143.877 1.192896
144.885 1.306728
145.886 1.214784
146.896 1.127232
147.905 0.748888
148.916 1.25856
149.926 1.138176
150.935 0.989512
151.946 1.171008
152.955 1.236672
153.976 1.777472
154.986 1.31328
155.996 0.912896
157.005 1.072512
158.015 0.952128
159.035 0.901952
160.055 0.700416
161.065 0.700416
162.075 0.722304
163.085 0.733248
164.095 0.672128
165.096 0.974016
166.105 0.744192
167.115 0.733248
168.125 0.748736
169.135 0.678528
170.155 0.722304
171.165 0.569088
172.185 0.744192
173.195 0.475136
174.205 0.503424
175.225 0.514368
176.245 0.481536
177.255 0.49248
178.305 0.448704
179.326 0.404928
180.335 0.245312
181.365 0.2736
182.415 0.196992
183.435 0.361152
184.445 0.339264
185.465 0.361152
186.495 0.262656
187.505 0.284544
188.525 0.16416
189.555 0.153216
190.605 0.142272
191.635 0.186048
192.665 0.164928
193.755 0.07584
194.785 0.076608
196.115 0.040088
197.519 0.008232
204.317 1.685376
205.327 1.68992
206.328 1.827648
207.537 1.74464
208.547 1.794048
209.548 1.865792
