0 0.985888
1.001 0.68416
2.081 0.73788
3.121 0.982184
4.122 0.840928
5.131 0.71684
6.141 0.579032
7.331 0.706888
8.341 0.64584
9.351 0.490912
10.361 0.587096
11.37 0.585312
12.381 0.455816
13.4 0.38304
14.41 0.253944
15.42 0.262656
16.47 0.207936
37.163 0.10944
38.233 0.10944
39.313 0.10944
40.475 0.086176
41.683 1.117208
42.863 1.16756
43.962 1.2544
44.972 1.15736
45.982 0.86268
46.992 0.65876
48.022 0.70664
49.202 0.724504
50.212 0.702984
51.312 0.992472
52.322 0.987096
53.532 1.04076
54.542 0.889416
55.712 1.025472
56.715 0.871896
57.722 0.707288
58.742 0.465512
59.782 0.526968
60.972 0.295488
62.112 0.398056
63.122 0.845696
64.132 0.653312
65.141 0.861592
66.152 0.845472
67.161 0.596496
68.181 0.41652
69.201 0.465552
70.202 0.378128
71.215 0.682632
72.221 0.583512
73.341 0.703504
74.362 0.623088
75.365 0.569216
76.373 0.65076
77.381 0.649272
78.392 0.714536
79.52 0.574016
80.532 0.989712
81.541 0.663168
82.651 0.969664
83.831 0.661608
84.85 0.526856
85.86 0.493144
86.87 0.652664
87.94 0.553288
88.951 0.520576
89.963 0.968192
90.97 0.801792
91.971 0.635288
93.02 0.720328
94.06 0.295488
95.09 0.243296
96.12 0.538792
97.14 0.82264
98.16 0.43776
99.19 0.287776
100.2 0.393984
101.22 0.407056
102.24 0.472888
103.28 0.390416
104.44 0.361152
105.48 0.319992
106.49 0.480776
107.5 0.31544
108.52 0.196992
109.53 0.205992
110.57 0.602064
111.58 0.743112
112.59 0.572576
113.61 0.494672
114.63 0.423672
115.66 0.349488
116.69 0.637392
117.7 0.59424
118.73 0.59596
119.735 0.857648
120.74 1.031528
121.78 0.941808
122.8 0.470592
123.801 0.347904
124.84 0.388048
126.03 0.63312
127.24 1.090288
128.25 1.118488
129.26 1.055248
130.28 1.388424
131.541 0.987288
132.55 1.05496
133.7 1.093
134.71 0.812608
135.711 1.004944
136.869 0.898984
137.91 1.206568
138.99 0.987288
140.011 0.828168
141.019 0.995864
142.069 1.0958
143.269 1.03312
144.339 0.895408
145.363 0.995728
146.409 1.145928
147.458 1.166128
148.459 0.764264
149.488 0.795936
150.509 0.887024
151.518 0.54848
152.519 0.871584
153.538 0.704656
154.698 1.0326
155.699 1.050488
156.708 1.295504
157.718 1.05552
158.812 0.948792
159.829 1.070416
160.838 0.82816
161.848 0.788768
162.849 0.4688
163.858 0.604896
164.898 0.592616
165.908 0.678208
167.108 0.643544
168.149 0.458184
169.158 0.769352
170.159 0.777624
171.168 0.814432
172.178 0.650704
173.208 0.897432
174.228 0.651568
175.229 0.48748
176.238 0.5768
177.438 0.142272
180.068 0.713288
181.078 1.20928
182.088 0.811048
183.089 0.70244
184.098 0.345552
185.118 0.05472
186.148 0.2044
187.178 0.21888
188.208 0.21888
189.267 0.196992
190.278 0.16416
202.67 0.021888
204.09 0.015496
205.85 0.032832
207.09 0.032832
208.491 0.032832
209.77 0.032832
