0 1.53268
1.01 1.231872
2.159 1.37188
3.16 1.326728
4.17 1.303664
5.18 1.193824
6.29 1.572368
7.46 1.434936
8.62 1.296464
9.63 1.201744
10.631 1.200528
11.639 1.226128
12.64 1.19516
13.692 1.229656
14.769 1.194336
15.939 1.143152
16.999 1.300904
18.04 1.267264
19.049 1.304352
20.19 1.139408
21.199 0.765496
22.209 1.045408
23.349 1.385744
24.352 1.045856
25.36 1.17444
26.369 0.944232
27.379 1.072056
28.389 0.92192
29.48 1.049792
30.489 1.054344
31.49 1.172968
32.61 1.05924
33.611 0.778768
34.619 0.524944
35.649 0.459648
36.689 0.335896
37.692 0.38304
38.709 0.131072
40.015 0.149856
41.47 0.802976
42.479 1.287144
43.648 1.089088
44.649 1.042112
45.75 1.15324
46.787 1.396312
47.788 1.0548
48.807 1.084104
49.808 1.053624
50.828 0.51312
51.917 1.390784
52.918 1.290552
53.928 1.395192
54.937 0.976656
55.947 0.932272
56.95 0.838768
57.957 1.032224
58.967 0.907984
60.029 1.562544
61.037 1.253288
62.077 1.812184
63.147 1.74984
64.149 1.981576
65.168 1.961184
66.169 1.249152
67.177 1.184464
68.188 0.709816
69.207 0.491456
70.217 0.053296
71.667 0.533288
72.717 1.012704
73.777 1.288216
74.778 0.894168
75.827 1.27068
76.847 1.217968
78.037 0.922512
79.047 1.076936
80.057 0.748272
81.107 0.617624
82.108 0.317376
83.137 0.336136
84.156 0.339264
85.166 0.408504
86.177 0.286448
88.327 0.938104
89.496 0.824288
90.497 0.626296
91.646 0.043776
92.907 0.175104
93.925 0.297224
94.926 0.883176
95.936 1.068688
97.126 1.365336
98.186 1.224232
99.396 1.034696
100.486 1.113616
101.487 1.04616
102.675 0.827136
103.676 0.818592
104.686 0.833496
105.695 0.852192
106.706 0.967704
107.716 0.74408
108.726 0.7906
109.736 0.776104
110.816 1.120464
111.826 0.913184
112.835 1.113408
113.836 0.866816
114.846 0.802936
115.947 1.264712
117.136 1.18108
118.196 1.2118
119.326 1.334992
120.515 1.126488
121.525 1.135776
122.536 1.134784
123.585 1.146256
124.594 1.191672
125.604 1.025656
126.605 1.041288
127.613 1.18944
128.614 1.45288
129.615 1.674072
130.634 1.80916
131.744 1.696
132.904 1.620672
133.914 1.390848
134.993 1.680032
135.994 1.770232
136.995 1.224696
138.003 1.395496
139.134 1.4554
140.142 1.18476
141.312 1.3866
142.313 1.240672
143.452 1.474624
144.453 1.229184
145.662 1.361712
146.664 0.936072
147.666 1.347672
148.762 1.113128
149.792 1.154672
150.793 1.2506
151.803 1.210216
153.002 1.287816
154.003 1.351144
155.004 1.020088
156.152 1.101848
157.153 1.161968
158.163 1.150192
159.172 0.882288
160.292 1.089552
161.303 1.137096
162.304 1.059248
163.502 0.892624
164.503 1.119856
165.505 1.102192
166.512 1.1136
167.513 1.1694
168.522 1.014704
169.523 1.21524
170.532 0.970976
171.544 0.999368
172.545 0.971536
173.552 1.03256
174.574 1.051376
175.752 1.182448
176.852 1.350216
177.982 1.26432
179.132 1.389072
180.142 1.523976
181.143 0.81388
182.182 0.792208
183.191 0.9312
184.201 0.855904
185.231 1.161848
186.233 1.170688
187.411 1.170544
188.421 1.038928
189.422 1.212512
190.521 1.293768
191.702 1.26736
192.801 1.200776
193.802 1.11912
194.822 1.272872
195.911 1.22412
196.912 1.17308
197.921 0.997104
198.931 1.216512
199.941 1.288952
201.081 0.734992
202.091 1.137992
203.161 1.058544
204.191 1.073144
205.201 1.121696
206.211 1.380248
207.223 1.169328
208.231 0.951336
209.251 1.03524
