0 1.499328
1.001 1.111784
2.019 1.444608
3.029 1.06404
4.04 1.619712
5.049 1.099864
6.059 1.201008
7.069 1.368
8.079 0.819336
9.09 0.995904
10.1 1.181952
11.119 0.556072
12.129 1.323136
13.329 1.652544
14.34 1.284744
15.35 1.926144
16.359 1.400312
17.529 1.385752
18.54 1.335168
19.55 1.084504
20.559 1.115632
21.57 1.141648
22.579 1.283912
23.759 0.995904
24.769 0.87652
25.789 1.521216
26.799 0.735232
27.889 1.160064
28.899 1.280448
29.91 0.859448
30.919 1.181952
31.929 0.937288
32.939 1.171008
33.959 0.93924
34.969 1.0944
35.97 0.900264
36.979 1.301352
38.198 0.974016
39.209 0.842688
40.238 0.470592
41.338 0.536256
42.349 1.202816
43.358 1.249032
44.369 1.707264
45.379 0.373848
46.389 1.321912
47.398 1.313168
48.409 1.716304
49.618 2.177856
50.619 1.639704
51.628 1.725856
52.718 1.904256
53.738 1.336952
54.749 1.67808
55.877 1.991808
56.888 1.674376
58.037 1.593032
59.048 2.166912
60.057 1.359952
61.058 1.523552
62.067 1.410704
63.068 1.39996
64.089 1.53216
65.107 1.206728
66.109 1.630656
67.117 1.232192
68.128 1.543104
69.141 1.575936
70.148 1.05476
71.157 1.269504
72.167 1.192896
73.177 0.722304
74.187 0.6248
75.207 0.623808
76.217 0.443448
77.237 0.514368
78.247 0.580032
79.257 0.78044
80.267 0.777024
81.288 0.454976
83.916 1.717968
84.934 0.984848
85.936 1.011128
86.956 1.400832
87.971 0.578008
88.988 0.536256
89.994 0.569088
91.004 0.348232
92.015 1.028736
93.025 1.03952
94.046 1.061008
95.055 1.236672
96.075 0.85384
97.085 0.858368
98.487 0.10944
107.112 1.466496
108.424 0.393984
109.534 0.079408
110.543 0.175104
111.584 0.16416
112.605 0.16416
113.674 0.131256
115.649 0.021888
116.864 0.45688
118.164 0.339264
119.223 0.26516
120.264 0.361152
121.304 0.320872
122.324 0.532928
123.334 0.443304
124.365 0.448704
125.383 0.253456
126.394 0.32832
127.424 0.193896
128.434 0.262656
129.464 0.240768
130.484 0.179312
131.513 0.49248
132.523 0.218168
133.603 0.306432
134.642 0.295488
135.652 0.446208
136.653 0.52044
137.661 0.385344
138.682 0.175104
139.692 0.120696
140.742 0.07468
141.801 0.240768
143.07 0.16416
144.12 0.056336
145.151 0.076608
146.16 0.196992
147.2 0.23424
148.54 0.503424
149.571 0.2276
150.611 0.262656
151.661 0.2736
152.68 0.239688
153.7 0.38304
154.701 0.24072
155.83 0.38304
156.86 0.251712
157.901 0.151024
158.93 0.21888
159.98 0.207936
160.991 0.241136
162.14 0.251712
163.17 0.229824
164.212 0.251712
165.23 0.159032
166.25 0.372096
167.271 0.228408
168.34 0.350208
169.36 0.33568
170.371 0.521264
171.7 0.58444
172.921 0.481536
173.95 0.375896
174.971 0.48856
175.981 0.348248
177.091 0.681248
178.1 0.869848
179.111 0.678256
180.341 0.757144
181.36 0.46892
182.37 0.30884
183.381 0.284544
184.4 0.19964
185.51 0.415872
186.511 0.397632
187.55 0.710896
188.56 0.445096
189.59 0.224432
190.609 0.372096
191.649 0.339264
192.669 0.008136
197.982 0.337328
198.989 0.229824
199.999 0.16932
201.009 0.085616
202.059 0.131328
203.179 0.21888
204.189 0.117
205.379 0.196992
206.439 0.186048
207.449 0.120384
208.459 0.134664
209.859 0.043776
