0 0.19604
1.011 0.359216
2.03 0.877792
3.036 0.887944
4.171 0.88684
5.181 0.441928
6.21 0.432224
7.23 0.661472
8.25 0.495704
9.381 0.514112
10.661 0.436144
11.671 0.343024
12.691 0.440744
13.701 0.383704
14.711 0.238024
15.85 0.415872
16.851 0.377392
17.87 0.300008
18.891 0.447912
19.931 0.58828
20.932 0.952184
21.941 0.752744
22.95 0.927184
24.091 1.084896
25.311 0.963448
26.32 1.146016
27.321 1.098024
28.33 1.181904
29.531 1.229048
30.541 1.22944
31.731 1.284352
32.732 1.147504
33.741 0.487816
34.771 0.853976
35.772 1.156208
36.781 1.351096
37.791 1.081816
38.801 1.19364
39.811 1.392208
40.981 1.504488
42.011 1.039776
43.012 0.947104
44.031 0.95788
45.044 1.070232
46.111 1.015968
47.201 1.079976
48.331 1.12136
49.481 1.348784
50.681 1.184072
51.691 0.629
52.692 0.651624
53.701 0.54512
54.89 0.718312
55.9 0.5712
56.902 0.579648
57.929 0.613144
59.24 0.607168
60.249 0.85012
61.25 0.977328
62.441 0.596024
63.45 0.730512
64.46 0.517552
65.669 0.677032
66.679 0.785648
67.68 0.624296
68.69 0.589184
69.701 0.875904
70.709 0.825232
71.778 0.63052
72.779 0.43776
73.798 0.496816
74.799 0.631792
75.818 0.682912
76.828 0.584632
78.028 0.713896
79.036 0.734312
80.039 0.735112
81.041 0.750696
82.049 0.588928
83.109 0.812184
84.12 0.870784
85.128 0.88948
86.139 0.730616
87.148 0.910648
88.368 0.81128
89.378 0.959544
90.599 0.994544
91.608 0.785392
92.649 1.049968
93.658 0.997952
94.659 1.025664
95.668 1.130024
96.679 0.861944
97.681 0.8956
98.688 1.022232
99.768 1.144744
100.889 1.169928
102.058 1.30304
103.378 1.330296
104.479 1.23224
105.489 0.780592
106.548 0.75332
107.549 0.921416
108.659 1.061928
109.728 1.090464
110.738 0.907976
111.739 1.153872
112.749 1.287584
113.75 1.170432
114.759 0.8646
115.779 0.92812
116.798 1.20328
117.888 1.146136
118.948 1.106848
120.019 1.101568
121.149 1.015576
122.16 0.898176
123.161 0.796352
124.168 0.811024
125.328 1.305944
126.329 1.050016
127.339 1.207152
128.348 0.846568
129.378 1.064072
130.458 1.12856
131.548 1.128168
132.758 1.186456
133.868 1.491248
134.885 0.920568
135.898 1.022864
136.966 1.283224
137.976 1.07624
138.977 1.127112
139.986 1.181616
140.987 1.360176
141.988 1.15568
142.995 0.913552
144.085 0.895024
145.095 0.385456
146.396 1.162792
147.536 0.94832
148.595 1.047632
149.694 1.051856
150.824 0.900688
151.964 0.997768
153.184 1.150168
154.193 0.866272
155.194 0.937792
156.196 0.92044
157.292 0.719376
158.312 0.469928
159.322 0.415872
160.362 0.328528
161.372 0.724928
162.533 1.038848
163.543 1.0434
164.553 1.194856
165.823 0.851304
166.833 1.150496
167.933 1.156696
168.943 0.871904
169.966 1.404896
170.972 0.860328
171.973 0.894992
173.104 0.896944
174.114 1.120408
175.185 1.36348
176.186 1.087632
177.194 1.281096
178.195 1.139928
179.204 1.150016
180.214 1.19028
181.233 1.202208
182.234 1.110696
183.243 0.651184
184.333 1.073792
185.335 1.24132
186.344 0.9002
187.473 1.227824
188.474 0.88848
189.483 1.239752
190.492 1.278696
191.532 1.20444
192.543 1.297768
193.544 1.10908
194.545 1.263976
195.632 1.17572
196.633 1.314816
197.833 1.315792
198.834 1.167016
199.952 1.045584
200.696 2.51712
201.736 3.156416
202.759 2.456
203.766 4.283648
204.777 3.60512
205.786 3.76288
206.787 3.867776
207.788 3.845888
208.789 4.294592
209.797 4.25536
