0 0.963592
1.19 0.536256
2.22 0.689472
3.23 0.569088
4.24 0.4372
5.27 0.700416
6.28 0.505416
7.29 0.678528
8.31 0.594088
9.32 0.908352
10.321 0.739584
11.33 0.919296
12.35 0.350552
13.37 0.43776
14.4 0.459848
15.53 0.569088
16.57 0.459648
17.6 0.30324
18.62 0.49248
19.65 0.295488
20.68 0.71136
21.69 0.721368
22.701 0.930096
23.88 0.886464
24.89 0.839512
25.9 1.119496
26.91 1.00944
27.93 1.280448
28.95 0.605032
29.96 0.853632
30.97 0.558496
31.98 0.995904
32.99 0.91804
34.0 0.975632
35.029 0.976056
36.039 0.75084
37.049 1.13484
38.058 0.878392
39.059 1.322816
40.069 1.325696
41.07 1.33768
42.079 1.45656
43.101 1.783872
44.108 1.368408
45.319 1.4682
46.329 1.707264
47.331 1.376432
48.349 1.610184
49.359 1.687128
50.859 1.004536
52.098 1.67432
53.22 1.467688
54.23 1.943232
55.339 2.139128
56.381 1.864304
57.398 1.8764
58.399 1.490128
59.439 1.515888
60.44 1.54792
61.459 1.138176
64.368 0.114864
65.389 1.127232
66.398 1.17384
67.399 1.183656
68.409 1.14004
69.429 1.356336
70.599 1.42272
71.61 1.181
72.668 1.346112
73.669 1.488384
74.679 1.088952
75.687 1.335168
76.688 0.131072
82.907 0.33324
84.266 1.33072
85.268 1.729608
86.276 1.221312
87.286 1.02824
88.706 1.03968
89.707 0.758544
90.726 0.901688
91.756 1.324224
92.766 1.223704
93.775 1.234696
94.776 1.236512
95.786 1.400272
96.835 1.444816
97.855 1.744832
98.859 1.455552
99.869 0.911144
100.879 1.42272
101.89 1.183088
102.898 1.063856
103.899 1.171008
104.909 1.207248
105.91 1.42936
106.919 1.473144
108.022 1.923624
109.029 1.244192
110.038 1.521216
111.048 0.98036
112.058 1.236672
113.077 0.82452
114.078 1.105344
115.088 0.810048
116.104 1.03968
117.105 0.794368
118.106 0.941184
119.109 0.6632
120.117 0.897168
121.127 0.969288
122.146 0.260712
123.176 0.16416
124.225 0.634752
125.235 0.14316
127.065 1.313312
129.436 1.685376
130.446 1.500896
131.466 1.313088
132.467 1.761984
133.486 1.544384
134.496 1.416744
135.497 1.51112
136.566 1.783872
137.567 1.351664
138.575 1.60392
139.656 1.784664
140.735 1.77548
141.737 1.483784
142.738 1.634648
143.756 1.534072
144.765 1.452536
145.806 1.5742
146.895 1.474152
147.906 1.336032
148.925 1.341936
150.055 1.392952
151.066 1.108568
152.256 1.199456
153.356 1.114248
154.535 0.908352
155.545 0.131072
157.15 1.240712
158.175 0.612864
159.176 0.399376
160.185 0.864576
161.186 0.45736
162.195 0.393984
163.255 0.240768
164.415 1.147784
165.425 1.225728
166.435 1.144304
167.445 1.20384
168.465 0.755136
169.485 0.366424
170.885 0.580032
171.914 0.372096
172.944 0.32832
174.375 0.652672
175.376 1.198552
176.385 1.433664
177.395 0.952384
178.406 1.1182
179.415 0.961192
180.425 0.986464
181.495 1.181952
182.505 0.823664
183.514 1.14912
184.524 0.858256
185.525 1.181952
186.534 1.192896
187.544 0.858024
188.552 1.007584
189.564 1.16844
190.773 1.18128
191.784 0.972072
192.792 0.775368
193.804 0.861496
194.817 1.000616
195.823 0.76608
196.832 0.283392
197.852 0.459648
198.872 0.065664
200.124 0.196992
201.272 0.10944
202.333 0.065664
203.532 0.032832
204.582 0.087552
205.672 0.21888
206.712 0.231616
208.282 0.21888
209.303 0.175104
