0 0.134216
1.129 3.585152
2.13 4.545896
3.131 4.12688
4.132 3.259472
5.133 3.067088
6.138 2.813184
7.148 1.946568
8.149 1.901984
9.157 2.426416
10.168 2.668592
11.187 2.870648
12.197 1.756576
13.198 2.163152
14.306 2.013696
15.316 1.789256
16.317 1.721648
17.335 1.97508
18.356 2.02464
19.376 1.389208
20.385 1.422368
21.386 1.779856
22.464 2.095224
23.474 2.733848
24.514 2.76372
25.516 3.039264
26.517 3.2866
27.525 2.462904
29.373 0.634752
30.404 1.43412
31.405 2.470464
32.453 3.395136
33.454 3.245496
34.455 3.758576
35.462 3.616576
36.463 3.401712
37.464 3.465824
38.662 2.780392
39.663 3.174984
40.671 2.50932
41.722 2.398928
42.731 1.920512
43.742 1.901992
44.801 1.827648
45.806 1.711008
46.811 1.778352
47.941 2.475128
48.942 2.299656
49.971 3.069184
50.972 2.394168
52.002 2.640048
53.011 2.905368
54.012 2.869264
55.013 2.694192
56.02 2.07204
57.03 1.818456
58.051 1.806296
59.25 1.368
60.26 1.914824
61.439 2.117768
62.44 2.408536
63.449 2.565776
64.6 2.309184
65.609 1.65228
66.61 1.681256
67.619 1.588416
68.629 1.662456
69.639 1.710496
70.649 1.767512
71.659 1.525496
72.669 1.509312
73.679 1.635784
74.68 1.767016
75.859 1.575936
76.869 1.441448
77.879 1.751648
78.889 1.637976
79.899 1.764248
80.909 1.866768
81.919 1.621216
82.929 1.498728
83.939 1.554968
84.949 1.42272
85.95 0.863624
93.337 1.6416
94.338 2.563392
95.339 2.539256
96.34 2.785704
97.347 1.810072
98.367 1.990464
99.377 2.185872
100.487 2.221632
101.488 1.394896
102.497 1.86048
103.499 1.683784
104.507 1.876512
105.517 2.529568
106.528 3.08084
107.538 3.24968
108.558 2.354672
109.768 2.743592
110.777 2.25884
111.778 2.932984
112.78 2.5072
113.787 2.606016
114.796 3.34248
115.803 3.569568
116.806 2.885872
117.937 3.5248
118.938 3.107328
120.107 2.557896
121.126 3.060888
122.128 3.230888
123.129 3.22504
124.136 2.418216
125.156 1.554048
126.166 1.15264
127.168 2.304528
128.176 2.469552
129.187 3.079888
130.386 2.450496
131.395 1.373304
132.405 1.938968
133.415 1.983856
134.465 3.30992
135.466 3.099136
136.645 2.28812
137.687 2.42276
138.695 2.202528
139.696 2.416128
140.703 2.001112
141.704 2.70608
142.714 2.6026
143.804 2.1936
144.805 2.738488
145.806 3.37804
146.813 3.230784
147.934 3.345688
149.003 2.85764
150.172 2.11152
151.173 1.632376
152.182 1.40656
153.183 2.100672
154.184 2.202896
155.323 3.207712
156.333 2.27044
157.334 2.637224
158.353 3.127672
159.363 2.632928
160.365 4.099232
161.367 3.473912
162.383 1.9302
163.402 2.191824
164.403 3.086984
165.404 3.115824
166.412 3.119488
167.542 2.846024
168.544 2.035872
169.641 2.725056
170.642 2.035184
171.7 2.821552
172.702 3.140896
173.711 2.415928
174.712 1.828648
175.713 1.93364
176.759 2.053632
177.76 2.118744
178.769 2.69172
179.77 2.589064
180.91 2.942392
182.059 3.52876
183.06 3.3486
184.061 3.144728
185.07 3.488544
186.071 2.763784
187.072 2.927664
188.079 2.10188
189.08 2.742736
190.081 2.453576
191.089 2.145368
192.099 2.41092
193.26 3.039168
194.261 2.750048
195.269 3.0576
196.27 2.046424
197.279 2.606032
198.28 2.19004
199.329 2.189752
200.339 2.255104
201.34 2.357008
202.46 1.818664
203.479 2.440512
204.48 2.120088
205.489 2.016056
206.499 1.978664
207.5 2.007848
208.501 1.78692
209.508 1.67324
