0 0.886464
1.021 0.858176
2.031 1.192896
3.04 1.072512
4.051 1.044224
5.07 1.214784
6.071 1.269504
7.081 1.03328
8.091 1.14912
9.121 0.809856
10.13 0.836288
11.2 0.76608
12.219 0.787968
13.245 0.76608
14.249 0.755136
15.259 0.584576
16.27 0.678528
17.279 0.71136
18.289 0.853632
19.3 0.715904
20.309 0.941184
21.316 1.006848
22.319 0.831744
23.339 0.770624
24.349 0.963072
25.359 0.952128
26.369 1.022336
27.5 1.42272
28.511 1.138176
29.52 1.14272
30.54 1.072512
31.55 0.678528
32.56 0.60192
33.57 0.518912
34.58 0.317376
35.6 0.010944
50.085 0.32832
51.125 0.645696
52.135 0.700416
53.144 0.722304
54.164 0.518912
55.194 0.755136
56.205 0.8208
57.214 0.963072
58.224 0.667584
59.234 0.21248
60.244 0.2736
61.254 0.251712
62.284 0.098496
65.186 0.71136
66.206 0.87552
67.216 0.8208
68.226 0.278144
69.236 0.569088
70.246 0.623808
71.266 0.470592
72.296 0.667584
73.306 1.14272
74.326 0.974016
75.336 0.612864
76.356 0.393984
77.376 0.733248
78.396 0.475136
79.406 0.76608
80.416 1.160064
81.417 1.131776
82.426 1.400832
83.436 1.0944
84.446 0.934784
85.456 0.733248
86.457 0.8208
87.466 0.963072
88.467 1.044224
89.476 1.302336
90.486 1.389888
91.496 1.219328
92.506 1.083456
93.516 1.098944
94.526 1.083456
95.536 1.324224
96.546 1.25216
97.556 1.214784
98.557 1.42272
99.566 1.164608
100.576 1.225728
101.596 1.061568
102.601 1.011392
103.602 1.302336
104.605 1.000448
105.636 0.995904
106.656 0.777024
107.676 0.481536
108.696 0.076608
136.645 0.38304
137.655 0.562688
139.062 0.459648
140.065 0.175104
141.825 0.16416
143.324 0.317376
144.334 0.348864
145.364 0.362496
146.384 0.678528
147.417 0.240768
148.454 0.43776
149.474 0.234368
150.475 0.38304
151.494 0.481536
152.504 0.317376
153.564 0.032832
159.473 0.131328
160.491 0.623808
161.501 0.831744
162.502 0.43136
163.531 0.612864
164.561 0.514368
165.592 0.777024
166.593 1.072512
167.601 0.912896
168.602 1.433664
169.612 1.131776
170.661 0.60192
171.721 0.065664
175.376 2.707712
176.381 1.127232
177.408 0.43616
178.451 0.131072
184.867 0.977728
185.912 0.173248
186.921 0.043776
195.797 0.065664
196.887 0.065664
198.027 0.10944
199.137 0.124928
200.148 0.755136
201.197 0.317376
202.198 1.127232
203.199 1.295936
204.207 1.783872
205.208 1.733696
206.217 2.24352
207.228 1.875968
208.229 1.69632
209.237 1.481984
