0 1.276024
1.001 1.295392
2.01 1.039536
3.139 1.243008
4.14 1.075896
5.37 1.23236
6.379 1.119736
7.579 1.1156
8.58 1.147144
9.599 1.299456
10.6 1.075928
11.61 1.204296
12.719 1.494912
13.93 0.940296
15.11 1.149064
16.119 1.305288
17.12 1.578208
18.129 0.964928
19.239 1.0602
20.25 1.150864
21.27 1.284888
22.271 0.948592
23.418 1.162616
24.419 1.207568
25.42 1.1916
26.59 1.028656
27.639 1.098128
28.81 0.910296
29.819 0.580408
30.919 0.817056
31.929 0.678776
32.959 0.627824
33.969 0.520744
34.979 0.494352
36.009 0.823472
37.089 1.135352
38.099 1.237952
39.319 1.347872
40.33 0.652848
41.479 0.971624
42.49 1.322592
43.509 1.09716
44.511 1.191192
45.519 0.623872
46.53 0.38304
47.638 0.038136
48.669 1.114576
49.83 1.525848
50.899 1.346208
51.969 1.144872
52.979 0.791552
53.98 1.132568
54.99 0.4972
56.297 0.862752
57.439 1.189416
58.449 1.022864
59.45 1.33784
60.639 1.27956
61.709 0.823984
62.759 1.278368
63.769 1.1578
64.979 1.31356
65.98 0.789704
66.989 1.360368
67.99 1.33748
69.009 0.714544
70.019 0.42532
71.029 0.730928
72.048 0.646184
73.269 0.611072
74.278 0.788352
75.289 0.817472
76.296 0.616392
77.478 0.682864
78.479 0.59896
79.489 0.606304
80.509 0.60084
81.859 0.530992
82.979 0.32832
83.989 0.50596
85.008 0.59204
86.018 0.636616
87.038 0.520872
88.058 0.376184
89.088 0.453512
90.247 0.779352
91.248 1.319488
92.249 0.842184
93.258 0.82816
94.378 0.729072
95.387 0.879624
96.568 1.11008
97.578 0.827776
98.597 0.689504
99.607 0.91864
100.628 0.943232
101.637 0.894336
102.656 0.878312
103.657 0.766992
104.666 0.751592
105.677 0.589168
106.687 1.022232
107.717 1.1338
108.867 1.169928
110.007 1.02364
111.016 1.058296
112.097 0.997816
113.107 1.050064
114.506 0.811992
115.507 0.845088
116.517 1.04128
117.547 1.06704
118.666 0.97696
119.706 0.964
120.725 0.939736
121.734 0.78416
122.735 1.163184
123.736 0.702496
124.744 0.901368
125.764 1.038792
126.774 0.743632
127.784 1.025752
128.974 1.042456
129.984 0.669664
130.994 0.88972
132.124 0.82756
133.305 0.80528
134.424 0.78932
135.445 0.814984
136.454 0.736856
137.614 0.915856
138.615 0.777032
139.735 0.936376
140.743 0.93412
141.834 1.018184
142.844 0.625784
143.883 0.822264
144.893 0.514624
145.903 0.372776
146.913 0.547192
148.093 0.372096
149.133 0.131072
150.136 0.825568
151.143 0.933104
152.163 0.745464
153.234 1.033808
154.423 1.086232
155.424 0.890192
156.443 1.093432
157.452 0.679376
158.492 0.382592
159.512 0.40504
160.522 0.768232
161.532 0.756104
162.562 0.418832
163.582 0.71496
164.593 0.807696
165.603 0.642112
166.782 0.643312
167.783 0.677096
168.902 0.597552
169.903 0.450832
170.922 0.372096
171.992 0.613672
173.043 1.065936
174.202 0.709432
175.212 0.71464
176.293 0.997768
177.342 1.177808
178.412 1.16624
179.413 1.327656
180.422 1.282832
181.612 1.529304
182.623 0.7258
183.642 0.80584
184.858 0.545352
185.932 0.920888
186.933 0.864944
187.952 0.787384
188.983 1.301968
189.993 1.185912
191.172 1.229792
192.173 0.89316
193.192 0.84832
194.472 0.816872
195.632 0.794328
196.643 0.678832
197.652 0.594792
198.662 0.805336
199.663 0.707616
200.672 0.401904
201.692 0.496112
202.802 0.525312
203.822 0.259672
204.832 0.415872
205.858 0.287544
206.872 0.361152
207.882 0.370848
208.892 0.274384
