0 1.832192
1.001 2.302784
2.01 2.768832
3.02 1.722752
4.031 1.941608
5.04 2.549952
6.041 2.193368
7.05 2.521664
8.051 2.543552
9.14 2.331072
10.141 2.34656
11.15 2.56544
12.171 0.49248
13.271 3.068856
14.28 2.302784
15.328 2.637504
16.329 2.62016
17.339 2.12768
18.347 2.62016
19.348 2.943936
20.357 2.860928
21.358 2.7296
22.359 2.740544
23.367 2.718656
24.368 2.324672
25.369 2.309184
26.377 2.204288
27.388 2.696768
28.389 2.40768
29.397 1.68992
30.398 2.105792
31.457 2.860928
32.497 2.932992
33.499 2.466944
34.507 2.226176
35.508 2.773376
36.516 2.773376
37.517 2.1888
38.532 1.591424
39.547 2.707712
40.587 1.816704
41.589 2.412224
42.669 2.543552
43.779 3.05792
44.827 3.151872
45.828 2.51072
46.837 2.445056
47.845 1.952576
48.846 2.123136
49.847 1.657088
50.855 2.287296
51.864 2.062016
52.866 2.62016
53.867 2.587328
54.885 2.817152
55.895 2.90016
56.896 2.532608
57.905 2.740544
58.906 2.67488
59.914 2.259008
60.965 2.670336
61.966 2.598272
62.967 2.499776
63.974 2.379392
64.975 2.374848
65.976 1.68992
66.984 1.564992
67.985 1.131776
68.994 0.514368
70.664 0.864576
71.665 1.335168
72.674 0.97856
73.684 0.536256
78.195 0.043776
79.389 0.043776
80.589 0.043776
81.79 0.043776
82.989 0.043776
84.189 0.043776
85.408 0.043776
86.648 0.043776
87.848 0.043776
89.108 0.043776
90.328 0.043776
91.528 0.043776
92.728 0.032832
93.748 0.032832
94.968 0.043776
96.189 0.043776
97.388 0.043776
98.648 0.043776
99.848 0.043776
101.128 0.043776
102.468 0.032832
103.748 0.032832
105.028 0.032832
106.308 0.032832
107.628 0.032832
108.908 0.032832
110.231 0.032832
111.508 0.032832
112.788 0.032832
114.088 0.032832
115.347 0.032832
116.628 0.032832
118.068 0.032832
119.407 0.032832
120.668 0.032832
121.947 0.032832
123.227 0.032832
124.507 0.032832
125.787 0.032832
127.107 0.032832
128.347 0.032832
129.627 0.032832
130.948 0.032832
132.268 0.032832
133.808 0.032832
135.107 0.032832
136.347 0.032832
137.627 0.032832
138.907 0.026432
140.687 0.043776
141.867 0.065664
143.973 0.043776
144.987 0.043776
146.187 0.043776
147.487 0.043776
148.667 0.043776
149.987 0.043776
151.227 0.043776
152.447 0.032832
153.587 0.043776
154.747 0.043776
155.947 0.043776
157.167 0.043776
158.367 0.043776
159.567 0.05472
160.727 0.065664
161.827 0.558144
162.83 1.922464
163.837 0.807136
164.857 1.761984
165.858 1.25216
166.867 1.214784
167.877 1.324224
168.878 0.956672
169.887 1.214784
170.897 0.514368
172.348 0.175104
173.407 0.076608
174.447 0.153216
175.467 0.59552
176.472 1.718208
177.476 1.383488
178.477 1.597824
179.486 1.400832
180.496 1.19744
181.505 1.214784
182.514 1.14272
183.524 1.444608
184.525 1.324224
185.544 1.055168
186.545 1.444608
187.554 1.383488
188.564 1.608768
189.565 1.47744
190.584 1.449152
191.604 1.652544
192.614 1.405376
193.615 1.389888
194.624 1.066112
195.634 1.6416
196.635 1.613312
197.643 1.75104
198.644 1.241216
199.654 1.630656
200.664 1.602368
201.794 2.002752
202.795 1.6352
203.796 2.221632
204.804 2.083904
205.805 1.919744
206.813 2.090304
207.824 1.47104
208.834 0.908352
