0 1.14292
1.01 0.497976
2.029 0.399192
3.039 0.3328
4.13 0.6992
5.14 1.003536
6.25 0.913624
7.26 0.952976
8.27 0.98008
9.279 0.997272
10.28 1.11548
11.29 0.869664
12.309 1.077688
13.369 1.004888
14.417 0.984872
15.418 0.545448
16.467 0.838352
17.468 0.749784
18.478 0.82784
19.487 0.825528
20.617 1.145504
21.627 0.974064
22.687 0.77316
23.697 0.803704
24.707 0.631176
25.717 0.61732
26.847 0.744968
27.848 0.499344
28.867 0.473288
29.877 0.562232
30.898 0.711456
32.007 0.739864
33.033 0.4842
34.227 0.633008
35.367 0.795624
36.377 0.739568
37.387 0.646264
38.397 1.022064
39.407 0.67836
40.408 0.756088
41.497 0.933
42.507 0.781384
43.517 0.847344
44.527 1.142096
45.537 0.772864
46.547 1.144376
47.557 0.9808
48.558 1.089088
49.657 0.923928
50.667 0.847464
51.827 1.057736
53.007 1.027736
54.188 1.046152
55.209 0.863152
56.217 0.953528
57.237 1.125632
58.247 1.46512
59.257 1.062488
60.267 1.11284
61.277 0.97072
62.307 1.28104
63.477 1.13424
64.478 1.1444
65.487 1.29616
66.488 1.375512
67.508 0.97668
68.556 1.004776
69.557 1.087352
70.567 1.012584
71.577 1.090328
72.587 1.255136
73.596 1.145256
74.597 1.00352
75.607 1.127032
76.727 0.947352
77.877 1.084448
78.888 0.764056
79.966 1.085208
81.127 1.115696
82.237 1.168704
83.367 1.097576
84.368 1.10408
85.407 1.166592
86.409 1.057216
87.416 1.144688
88.427 1.047312
89.446 1.073864
90.577 1.370784
91.587 1.220536
92.588 1.598376
93.597 1.299
94.706 1.937944
95.817 1.170928
96.877 0.5472
97.906 0.589032
98.926 0.383184
99.936 0.261576
100.956 0.386528
102.127 0.910544
103.137 1.024872
104.147 0.859536
105.176 0.525312
106.187 0.497464
107.196 0.34328
108.206 0.406976
109.386 1.0842
110.387 1.245936
111.466 0.902416
112.496 1.0996
113.546 1.251232
114.547 1.100304
115.566 1.018088
116.576 1.254104
117.586 0.807608
118.596 1.167576
119.726 1.22848
120.806 1.147216
121.808 1.249192
122.816 0.80164
124.016 1.255752
125.017 1.4122
126.026 1.239168
127.146 1.186336
128.156 0.457648
129.186 0.792464
130.196 1.041944
131.326 1.29276
132.336 0.79348
133.337 0.687656
134.356 0.415872
135.396 0.20496
136.426 0.207936
137.456 0.21888
138.466 0.208496
139.516 0.284544
140.536 0.32832
141.556 0.307712
142.566 0.240768
143.636 0.284544
144.656 0.291552
145.676 0.32656
146.715 0.246768
147.727 0.2736
148.766 0.244632
149.776 0.317376
150.796 0.350208
151.826 0.349528
152.836 0.449248
154.026 0.448704
155.035 0.361152
156.046 0.201104
157.087 0.317376
158.096 0.410152
159.326 0.32832
160.356 0.295488
161.396 0.131
162.405 0.350208
163.436 0.467256
164.446 0.840592
165.455 0.55872
166.466 1.112928
167.565 1.245824
168.566 1.199392
169.568 1.110472
170.575 1.525088
171.706 0.89104
172.735 0.738256
173.935 0.917392
174.955 1.235864
176.116 1.479744
177.125 1.231168
178.134 1.316496
179.135 1.403584
180.144 1.290568
181.315 1.76136
182.365 1.336616
183.375 1.600776
184.455 1.396608
185.605 1.706312
186.644 1.828152
187.654 1.552912
188.805 1.573248
189.855 1.645824
190.986 1.357224
191.987 1.263832
192.994 1.093688
194.067 1.242312
195.246 1.214064
196.414 1.508392
197.465 1.246504
198.575 1.166112
199.585 0.816216
200.604 0.45556
201.624 0.862136
202.695 1.356872
203.705 1.166552
204.713 0.969032
205.714 1.186664
206.723 1.131144
207.724 1.055336
208.733 0.701064
209.763 1.118592
