0 0.459648
1.01 0.289816
2.021 0.295488
3.022 0.482416
4.06 0.92624
5.251 1.291968
6.252 1.723144
7.261 1.496416
8.414 1.125008
9.43 1.210136
10.431 1.481664
11.65 1.543272
12.651 1.331344
13.81 1.261208
14.91 1.20296
15.99 1.37528
17.19 1.293768
18.2 0.896296
19.25 1.549272
20.47 1.321168
21.65 1.392064
22.66 0.742104
23.688 0.446744
24.7 1.111304
25.749 1.28516
26.767 1.332088
27.829 1.599232
29.288 0.920336
30.289 0.89952
31.29 1.328952
32.3 0.931344
33.308 1.12396
34.318 1.018792
35.409 1.132424
36.418 1.116392
37.419 1.094152
38.428 1.007368
39.437 1.095432
40.438 0.9876
41.608 1.043336
42.616 0.79156
43.617 1.309488
44.626 0.996552
45.796 1.396832
46.806 1.11504
47.817 1.212632
48.826 1.284352
49.836 1.248856
50.845 1.426816
51.846 1.269488
52.855 1.351816
53.856 1.027552
54.976 1.329016
55.985 1.38124
56.986 1.222784
57.996 1.306472
59.005 1.089168
60.006 1.17136
61.076 1.485104
62.085 1.150648
63.086 1.184424
64.095 1.132096
65.096 1.067416
66.266 1.156216
67.275 1.388784
68.445 1.627952
69.656 1.68152
70.996 1.538072
71.997 1.521928
73.006 1.324512
74.007 1.01416
75.055 1.550744
76.057 1.149008
77.065 1.04968
78.236 1.154256
79.255 0.94612
80.275 0.936072
81.285 1.131168
82.326 1.173768
83.465 1.204512
84.466 1.074976
85.665 1.2734
86.666 1.317216
87.676 1.239128
88.686 1.25564
89.825 1.331168
90.835 0.810352
91.935 0.925664
92.945 0.781872
93.954 0.940872
95.054 1.063576
96.234 0.898352
97.244 0.780384
98.254 0.803776
99.275 0.88872
100.293 0.44396
101.303 0.371984
102.324 0.251712
103.36 0.15448
104.423 0.251712
105.453 0.226808
106.483 0.350208
107.493 0.337408
108.506 0.466208
109.523 0.566504
110.643 0.8244
111.654 0.527096
112.664 0.472792
113.724 0.635
114.733 0.651728
115.743 0.75928
116.853 0.924184
117.873 0.902056
118.893 0.783832
119.912 0.41772
120.942 0.38304
121.962 0.212848
122.972 0.010944
124.942 0.251712
126.081 0.021888
127.542 0.438984
128.554 0.295488
129.562 0.19664
130.611 0.284544
133.901 0.197368
135.079 0.350208
136.09 0.219944
137.2 0.503424
138.23 0.22552
139.28 0.16416
140.651 0.076608
141.83 0.021888
143.87 0.120384
145.361 0.091328
146.51 0.032832
148.531 0.043776
149.88 0.032832
150.931 0.032832
155.02 0.05472
156.13 0.142272
157.19 0.132472
158.48 0.098496
159.63 0.120384
160.71 0.120384
162.001 0.087552
163.229 0.032832
165.169 0.353064
166.178 0.307464
167.218 0.21888
168.258 0.17504
169.547 0.196992
170.827 0.153216
171.837 0.193552
172.967 0.525312
173.977 0.29056
174.997 0.495096
176.017 0.460432
177.038 0.477712
178.047 0.388328
179.267 0.53788
180.278 0.537168
181.409 0.49248
182.427 0.24
183.476 0.37452
184.486 0.774272
185.686 0.854096
186.696 0.677168
187.706 0.651304
188.796 1.188568
189.797 1.59588
191.006 1.092032
192.015 0.908688
193.016 1.168504
194.025 1.016152
195.055 1.465208
196.065 0.647336
197.067 1.362696
198.275 1.095336
199.359 0.9242
200.365 1.130336
201.446 1.368576
202.455 1.34556
203.655 1.470712
204.665 0.795456
205.695 0.686504
206.725 0.395952
207.735 0.372096
208.745 0.305048
209.755 0.289304
