0 0.517112
1.142 0.587416
2.199 0.661272
3.281 0.6754
4.49 0.787648
5.65 0.787056
6.66 0.690424
7.67 0.660104
8.69 0.274624
9.75 0.54952
10.759 0.794888
11.762 0.657408
12.92 0.737472
13.93 0.708192
14.95 0.680496
15.961 0.75604
16.97 0.754128
17.99 0.74648
19.161 0.865256
20.169 0.819904
21.17 0.740424
22.171 0.852616
23.18 0.723112
24.321 0.863424
25.33 0.607272
26.89 0.520408
27.928 0.515504
29.168 0.765464
30.348 0.606104
31.358 0.506032
32.388 0.587472
33.539 0.569088
34.548 0.536096
35.689 0.507136
36.709 0.522736
37.718 0.501464
38.858 0.554664
39.928 0.585368
41.129 0.560176
42.358 0.43776
43.368 0.461352
44.388 0.577792
45.398 0.616856
46.408 0.832584
47.428 0.703112
48.848 0.53192
49.858 0.569
50.868 0.557152
51.878 0.505688
52.898 0.393984
53.928 0.282864
54.978 0.268432
55.988 0.44152
56.998 0.262656
58.038 0.131072
59.498 0.157344
60.528 0.175104
61.598 0.321848
62.608 0.49672
63.788 0.448704
64.818 0.372096
65.848 0.270512
66.858 0.447352
67.868 0.4692
68.948 0.415872
69.958 0.173432
70.968 0.120384
72.188 0.076608
73.238 0.09692
74.778 0.2736
75.798 0.05472
76.828 0.230632
77.855 0.289632
78.918 0.51892
80.138 0.642288
81.417 0.73376
82.618 0.809856
83.627 0.45332
84.727 0.714368
85.737 0.43776
86.747 0.310968
87.777 0.503424
88.796 0.493344
89.798 0.628008
90.987 0.645696
92.017 0.343736
93.063 0.306288
94.176 0.470592
95.186 0.5756
96.187 0.394912
97.227 0.409792
98.246 0.521848
99.257 0.511712
100.286 0.472808
101.317 0.46536
102.466 0.448704
103.487 0.35368
104.49 0.317464
105.507 0.2736
106.516 0.208048
109.087 0.424776
110.097 0.529128
111.138 0.42304
112.146 0.34952
113.156 0.66772
114.159 0.939952
115.336 1.031224
116.337 0.886584
117.347 1.082696
118.487 1.05776
119.496 0.971504
120.506 0.749648
121.517 0.565464
122.546 0.49404
123.566 0.529456
124.586 0.490456
125.603 0.568288
126.606 0.568256
127.646 0.175104
129.436 0.454136
130.536 0.229824
131.566 0.207936
132.586 0.131072
134.09 0.288712
135.526 0.10944
136.576 0.281232
137.836 0.229824
139.039 0.21888
140.046 0.117832
141.057 0.196896
142.086 0.207936
143.169 0.136984
144.206 0.21888
145.265 0.21888
146.296 0.181936
147.316 0.120384
148.337 0.186048
149.357 0.206736
150.366 0.415872
151.386 0.211752
152.406 0.251712
153.416 0.172088
154.475 0.262656
155.486 0.262656
156.536 0.166128
157.566 0.361152
158.576 0.194008
159.665 0.240768
160.725 0.172112
161.776 0.251712
162.795 0.153216
163.814 0.097648
164.85 0.21888
165.894 0.356984
166.895 0.339328
167.925 0.339264
168.928 0.425736
169.935 0.444216
170.944 0.366224
171.964 0.404928
172.965 0.287224
173.994 0.303784
175.024 0.404928
176.052 0.556576
177.054 0.669688
178.055 0.54164
179.063 0.565792
180.073 0.632488
181.083 0.615352
182.103 0.60088
183.124 0.692824
184.134 0.486904
185.155 0.757224
186.202 0.868216
187.223 0.837256
188.233 0.655104
189.401 0.739672
190.421 0.52316
191.433 0.484648
192.441 0.5452
193.461 0.40984
194.471 0.31332
195.481 0.35984
197.201 0.229824
198.601 0.770272
199.732 1.11572
200.982 1.119112
201.991 0.887944
203.011 1.083872
204.192 1.137056
205.201 0.720896
206.202 1.007472
207.281 1.096224
208.341 1.12584
209.492 1.139536
