0 0.875552
1.011 0.989744
2.019 1.164376
3.081 1.17684
4.179 1.185888
5.27 1.173768
6.339 1.28008
7.409 1.163568
8.41 1.032632
9.479 1.185888
10.629 1.1078
11.68 1.189384
12.681 1.276264
13.689 1.100888
14.69 1.251344
15.839 1.15392
16.84 0.956144
17.849 1.210728
18.88 0.824312
19.889 0.97888
21.11 1.070024
22.12 1.11744
23.14 1.144248
24.15 0.977992
25.27 1.201256
26.279 1.093872
27.398 1.564224
28.617 1.337912
29.618 1.414432
30.638 1.276264
31.647 1.270376
32.648 1.1572
33.847 1.438584
34.848 0.682416
36.037 1.331664
37.047 1.33364
38.207 1.270968
39.217 1.206376
40.227 1.051352
41.377 1.377584
42.378 0.86364
43.597 1.170712
44.607 1.146672
45.617 1.320992
46.627 0.9862
47.769 1.31732
48.777 1.377024
49.787 1.143336
50.937 1.162544
51.966 1.208488
53.067 1.095336
54.077 1.33904
55.668 1.197032
56.677 0.897984
57.687 0.888112
58.707 0.943632
59.726 1.073104
60.947 1.032232
62.047 1.107312
63.048 1.043056
64.057 0.781968
65.067 1.067192
66.077 0.898592
67.196 0.943296
68.197 0.810864
69.317 0.910792
70.326 0.98396
71.335 0.986072
72.336 0.398992
73.345 0.43776
74.375 0.136904
75.435 0.49928
76.465 0.317376
77.585 0.103488
78.605 0.098496
79.855 0.295872
80.875 0.295488
81.886 0.399376
82.895 0.43528
83.985 0.550776
85.065 0.514368
86.095 0.27316
87.105 0.350208
88.125 0.301784
89.135 0.429568
90.155 0.448704
91.165 0.286832
92.175 0.432304
93.185 0.450208
94.205 0.470592
95.215 0.257224
96.285 0.2736
97.325 0.179776
98.375 0.186048
99.384 0.207936
100.394 0.335632
101.419 0.465752
102.423 0.510872
103.483 0.404928
104.492 0.347744
105.612 0.631024
106.623 0.251712
107.632 0.144536
108.921 0.295488
109.952 0.3494
110.972 0.654552
111.982 0.52836
113.001 0.461792
114.002 0.537888
115.241 0.262656
116.26 0.16416
117.271 0.074064
118.29 0.087552
119.341 0.131328
120.391 0.251712
121.443 0.18724
122.48 0.262656
123.51 0.137872
124.53 0.153216
125.57 0.16416
126.581 0.178496
127.79 0.240768
128.791 0.16416
129.83 0.06324
130.86 0.16416
131.88 0.229824
132.89 0.05568
134.159 0.415872
135.18 0.231808
136.22 0.317376
137.23 0.248072
138.27 0.306432
139.29 0.087552
140.351 0.040064
141.361 0.89216
142.93 0.393984
143.94 0.62748
144.941 0.8814
145.951 0.937032
147.13 1.126608
148.131 1.071696
149.141 0.687496
150.16 0.83508
151.17 0.629584
152.181 0.76216
153.2 0.498808
154.41 0.426872
155.719 0.431864
156.829 0.432704
157.849 0.405504
159.074 0.251712
160.079 0.010944
161.469 0.021888
181.213 0.187232
182.62 0.21888
183.69 0.29968
184.801 0.240768
185.861 0.153216
187.461 0.087552
188.771 0.18556
191.612 0.404928
192.625 0.349224
193.641 0.294896
195.289 0.229824
196.83 0.299168
197.843 0.376088
199.093 0.526488
200.25 0.517144
201.55 0.573696
202.569 0.466784
203.64 0.251712
204.669 0.171864
205.734 0.21888
206.739 0.196992
207.829 0.075544
209.201 0.218624
