0 0.038808
1.038 0.098496
2.317 0.087552
3.457 0.098496
4.639 0.120384
5.738 0.087552
6.757 0.05472
7.958 0.108208
9.577 0.076608
10.837 0.076608
12.097 0.087552
13.14 0.10944
14.28 0.076608
15.577 0.043776
16.801 0.120384
18.036 0.064576
19.2 0.087552
20.255 0.087552
21.299 0.098496
22.398 0.087552
23.58 0.10944
24.936 0.076608
26.119 0.051944
27.577 0.120384
28.658 0.087552
29.705 0.10944
30.859 0.05472
31.86 0.05472
33.18 0.076608
34.356 0.076608
35.459 0.05472
36.756 0.043776
37.937 0.040224
40.456 0.021888
41.496 0.043776
42.657 0.043776
43.775 0.076608
44.84 0.032832
48.2 0.043776
49.441 0.076608
50.821 0.05472
51.883 0.05472
53.06 0.065664
54.163 0.043776
55.94 0.098496
57.103 0.05472
58.28 0.087552
59.441 0.025504
61.502 0.076608
62.821 0.076608
64.039 0.05472
65.22 0.065664
66.841 0.05472
67.92 0.032832
68.94 0.032832
70.04 0.05472
71.082 0.05472
72.102 0.065664
73.362 0.076608
74.538 0.065664
75.643 0.05472
76.722 0.065664
77.742 0.05472
78.821 0.032104
80.1 0.076608
81.199 0.065664
82.301 0.065664
83.4 0.065664
84.461 0.065664
85.541 0.065664
86.658 0.05472
87.701 0.131072
94.815 0.252488
96.019 0.043776
97.04 0.05472
98.202 0.05472
99.221 0.065664
100.381 0.05472
101.441 0.05472
102.7 0.043776
103.743 0.05472
105.041 0.043776
106.079 0.032832
107.905 0.087552
108.959 0.05472
110.141 0.043776
111.221 0.043776
112.301 0.05472
113.339 0.0272
114.798 0.065664
115.86 0.05472
117.121 0.065664
118.18 0.043776
119.478 0.043776
120.582 0.076608
122.76 0.065664
123.858 0.043776
124.86 0.051944
126.041 0.009
127.08 0.043776
128.081 0.05472
129.497 0.043776
130.499 0.05472
131.819 0.043776
132.824 0.065664
134.34 0.05472
135.377 0.065664
136.438 0.05472
137.499 0.10944
139.098 0.065664
140.68 0.05472
141.718 0.076608
143.057 0.0298
145.396 0.043776
146.68 0.032832
147.82 0.043776
148.877 0.021888
149.919 0.043776
151.097 0.05472
152.178 0.05472
153.196 0.043776
154.458 0.05472
155.52 0.065664
156.661 0.043776
157.679 0.05472
158.836 0.05472
159.898 0.032832
161.356 0.065664
162.538 0.010944
163.557 0.065664
164.637 0.131072
165.84 2.298496
166.848 1.865024
167.866 1.783872
168.867 1.68992
169.877 2.040128
170.878 2.254464
171.886 2.280896
172.896 2.456
173.897 2.57184
174.898 2.23712
175.906 2.160512
176.907 2.342016
177.917 2.07296
178.926 2.07296
179.936 2.287296
180.937 2.040128
181.946 2.215232
182.947 2.418624
183.956 2.105792
184.966 2.193344
185.976 2.29184
186.986 2.659392
187.987 2.390336
188.996 2.740544
189.997 2.762432
191.006 2.554496
192.03 2.582784
193.046 2.116736
194.047 2.040128
195.056 2.112192
196.057 1.711808
197.066 1.904256
198.067 2.1386
199.076 1.58688
200.086 1.142744
201.097 1.991808
202.106 2.248064
203.107 2.379392
204.122 2.652992
205.126 2.84544
206.136 2.554496
207.146 2.56544
208.147 2.456
209.156 2.29184
