0 1.269504
1.013 1.175552
2.02 1.444608
3.032 1.350656
4.04 1.849536
5.053 1.383488
6.06 1.794816
7.073 1.755584
8.08 2.221632
9.093 1.405376
10.112 1.740096
11.12 1.274048
12.141 1.663488
13.152 1.438208
14.16 1.53216
15.172 1.291392
16.18 1.087976
17.192 1.0944
18.2 1.181952
19.213 1.044248
20.221 1.225728
21.232 1.055168
22.252 1.411776
23.253 1.028736
24.272 0.777024
25.28 0.573632
26.293 1.03968
27.3 1.543104
28.305 0.223424
29.44 0.481536
30.538 0.700416
31.543 1.411776
32.558 0.639296
33.678 0.120384
34.698 0.38304
35.718 0.963072
36.731 1.663488
37.738 1.077056
38.75 1.214784
39.762 0.634752
40.778 0.295488
41.814 0.737792
42.818 1.006848
43.83 0.995904
44.839 0.792512
45.85 0.897408
46.858 0.744192
47.87 0.809856
48.886 0.525312
49.898 0.43136
50.93 0.153216
51.938 0.131328
53.003 0.798912
54.018 0.897408
55.03 1.109888
56.357 1.302336
57.37 1.006848
58.377 0.967616
59.449 1.0944
60.462 1.368
61.477 1.186496
62.49 1.378944
63.497 1.47744
64.509 1.109888
65.517 1.400832
66.529 0.798912
67.53 0.606464
68.537 0.952128
69.557 1.017792
70.57 0.645696
71.577 0.398528
72.589 0.634752
73.61 0.65664
74.63 0.689472
75.637 0.71136
76.645 0.256256
77.765 0.842688
78.773 1.083456
79.785 0.415872
80.905 0.755136
81.906 0.617408
82.913 0.689472
83.925 0.733248
84.934 0.853632
85.945 0.75968
86.953 0.809856
87.965 0.700416
88.986 0.93024
89.993 0.847232
91.005 1.072512
92.006 1.20384
93.025 1.153664
94.026 1.58688
95.033 1.492928
96.046 1.9152
97.065 1.788416
98.074 1.86048
99.078 1.41632
100.086 1.69632
101.093 1.394432
102.097 1.608768
103.106 1.274048
104.113 1.619712
105.133 1.543104
106.145 1.230272
107.146 1.893312
108.153 1.722752
109.157 1.996352
110.165 1.948032
111.173 1.79936
112.185 1.838592
113.186 1.558592
114.193 1.53216
115.205 1.295936
116.213 1.729152
117.218 1.460096
118.226 1.685376
119.233 1.766528
120.237 2.210688
121.238 1.733696
122.245 2.002752
123.246 1.766528
124.253 2.062016
125.258 2.035584
126.293 1.514816
127.297 2.451456
128.298 1.974472
129.305 2.062016
130.313 2.495232
131.318 2.29184
132.326 2.083904
133.333 2.390336
134.393 2.35296
135.406 1.865024
136.413 1.882368
137.426 1.624256
138.433 1.772928
139.444 1.350656
140.445 1.937088
141.452 1.777472
142.465 1.608768
143.472 1.088
144.484 1.58688
145.485 1.131776
146.492 1.302336
147.505 1.269504
148.512 1.109888
149.524 0.952128
150.532 1.116288
151.537 0.726848
152.544 0.393984
153.545 0.350208
154.552 0.93024
155.565 1.3616
156.664 1.740096
157.684 1.602368
158.692 1.619712
159.697 1.591424
160.737 1.871424
161.744 1.405376
162.764 2.002752
163.765 2.083904
164.777 2.232576
165.792 1.974464
166.805 1.536704
167.832 2.265408
168.845 1.79936
169.853 1.761984
170.857 1.810296
171.865 2.101248
172.872 1.678976
173.877 1.68992
175.084 1.006848
176.09 0.93024
177.103 1.339712
178.234 1.389888
179.243 1.225728
180.25 1.077056
181.262 1.564992
182.27 1.30688
183.282 1.455552
184.283 1.466496
185.29 1.25216
186.295 1.433664
187.303 1.503872
188.322 1.160064
189.331 1.433664
190.343 0.847232
191.351 1.20384
192.363 1.25856
193.37 1.109888
194.382 1.105344
195.402 1.14272
196.542 1.105344
197.543 1.028736
198.551 1.0944
199.563 1.088
200.571 1.685376
201.575 1.241216
202.583 1.619712
203.591 1.295936
204.603 1.269504
205.61 1.25856
206.611 1.30688
207.615 1.411776
208.622 1.317824
209.63 1.510272
