0 1.769824
1.002 2.02464
2.02 1.54856
3.021 1.496784
4.209 1.630656
5.219 1.364544
6.23 1.898024
7.269 2.320128
8.271 1.679352
9.28 1.739888
10.286 0.91336
11.52 0.262656
12.56 1.138176
13.57 1.417
14.571 1.079016
15.58 1.27216
16.591 1.826576
17.592 1.909888
18.601 1.957776
19.621 1.812888
20.631 1.9938
21.632 1.979744
22.633 1.355496
23.641 1.27136
24.65 1.783872
25.651 1.581576
26.652 1.718208
27.66 1.374232
28.661 1.597824
29.671 1.618672
30.672 1.761936
31.681 1.62028
32.682 1.96992
33.691 1.064672
34.692 1.289896
35.792 2.210688
36.802 1.45404
37.812 1.882368
38.822 1.18292
39.832 2.459304
41.042 2.331072
42.043 2.51712
43.052 1.568504
44.062 1.20384
45.063 1.75104
46.082 2.440512
47.092 1.833976
48.222 2.155968
49.223 2.14628
50.232 2.320128
51.233 1.718176
52.234 2.00368
53.253 1.928744
54.262 2.067576
55.263 2.112192
56.272 1.863264
57.273 1.411776
58.274 1.80396
59.283 1.923472
60.284 1.400832
61.293 1.701256
62.409 1.674432
63.423 1.346936
64.424 2.199744
65.443 0.203024
66.623 2.02464
67.633 1.354256
68.643 1.512952
69.943 1.554048
70.948 1.662456
71.953 1.862944
72.959 1.456912
73.963 1.9152
74.974 1.880744
75.976 1.856848
76.984 2.115856
77.985 1.997152
78.987 1.729152
79.993 1.50092
80.994 2.022472
81.995 1.892672
83.004 1.819368
84.094 1.958976
85.104 1.47944
86.114 1.937088
87.115 1.828952
88.125 2.139704
89.294 1.6416
90.295 1.549112
91.296 2.265408
92.315 1.724096
93.324 2.670336
94.325 2.031816
95.326 1.859208
96.335 1.991392
97.345 1.597728
98.355 2.24352
99.357 1.547248
100.365 1.783872
101.375 1.490064
102.377 2.287296
103.385 1.9486
104.386 1.980864
105.388 1.607176
106.395 1.816704
107.405 0.294928
108.408 1.335168
109.415 1.995472
110.536 0.536256
111.556 2.714112
112.557 2.054096
113.566 2.604672
114.576 1.105344
115.706 1.88256
116.707 1.180008
117.709 1.685376
118.726 1.192896
119.727 1.346112
120.766 0.59112
121.846 1.127232
122.856 1.291392
123.857 1.827648
124.866 1.049824
126.286 0.93024
127.297 1.685376
128.305 0.976504
129.325 0.8208
130.335 1.436608
131.485 1.543104
132.486 1.29316
133.625 1.25856
134.626 1.13848
135.628 1.620576
136.666 1.877936
137.676 2.02464
138.686 1.6842
139.697 2.725056
140.706 2.014616
141.707 1.573464
142.717 2.24352
143.736 1.761984
144.737 1.6416
145.747 1.608776
146.748 2.549952
147.75 2.166912
148.757 1.49368
149.767 2.199744
150.777 1.510272
151.787 1.910688
152.788 2.101248
153.797 2.112192
154.798 1.710792
155.799 2.057472
156.807 1.726048
157.817 2.363904
158.827 1.883608
159.828 1.760472
160.829 2.057472
161.838 1.23448
162.848 2.254464
163.858 1.41556
164.867 1.028736
165.868 1.222432
167.127 0.590976
168.147 1.25856
169.148 1.177776
170.158 1.255312
171.168 1.674432
172.169 1.421752
173.178 0.812104
174.188 1.491432
175.198 1.411776
176.208 1.276632
177.209 1.195328
178.218 1.188496
179.219 1.318456
180.228 1.507776
181.349 1.42272
182.358 1.069512
183.369 0.762168
184.768 0.842688
185.769 0.936352
186.779 0.974144
188.248 0.853632
189.259 0.670296
190.269 1.04884
191.939 0.755136
192.949 0.398976
193.95 0.9078
194.999 0.689472
196.029 0.114392
197.089 1.646704
198.109 1.339504
199.129 0.372096
200.322 0.769864
201.34 1.162592
202.359 0.8396
203.56 0.986104
204.859 0.98496
205.86 0.310304
206.88 1.087392
208.1 0.98496
209.11 0.763368
