0 1.679112
1.001 1.052864
2.021 1.728776
3.031 1.26512
4.041 1.605048
5.111 1.700768
6.121 1.894472
7.142 1.678792
8.271 1.413904
9.272 1.243992
10.29 1.736968
11.291 1.460392
12.292 1.371896
13.301 1.085816
14.311 1.151704
15.321 0.877248
16.701 1.1644
17.71 1.062096
18.711 0.918832
19.72 0.717352
20.74 0.626856
21.741 0.831744
22.75 0.438064
23.76 0.556344
24.761 0.470592
25.85 0.175104
27.08 0.583296
28.094 0.499688
29.11 0.607744
30.321 0.678528
31.33 0.577368
32.34 0.677608
33.374 0.809856
34.38 0.587424
35.381 0.120384
37.19 0.738336
38.21 0.569088
39.22 0.416608
48.557 0.262656
49.567 0.339264
50.657 0.415616
51.946 0.495144
52.947 0.678272
53.997 0.681664
55.046 0.558144
56.056 0.509016
57.057 0.514368
58.576 0.665704
59.577 1.410544
60.597 1.464088
61.607 1.506224
62.618 1.623456
63.827 1.490312
64.877 1.62048
66.046 0.32832
67.978 0.251712
70.946 0.952128
71.962 0.4552
72.976 0.377368
74.127 0.500688
75.146 0.545056
76.156 0.592096
77.166 0.773128
78.386 0.846344
79.416 0.519448
80.586 0.987904
81.685 1.27604
82.686 1.11328
83.716 1.10248
84.717 0.953392
85.726 0.939904
86.755 0.819016
87.965 0.021888
90.925 0.207016
92.045 0.521864
93.196 0.597792
94.545 0.938752
95.546 0.781328
96.547 0.8974
97.625 1.146336
98.626 1.194216
99.627 0.929912
100.725 1.412592
101.726 1.191432
102.735 1.072112
103.886 1.180928
104.896 0.907856
105.905 1.15592
107.075 1.30884
108.085 1.1128
109.086 1.134968
110.087 0.854632
111.105 0.875856
112.114 0.905104
113.115 0.86584
114.316 1.096088
115.325 1.074712
116.335 0.929184
117.345 0.803272
118.355 1.149456
119.365 0.961864
120.375 0.821488
121.635 1.39108
122.637 1.105072
123.645 0.900224
124.654 1.107392
125.665 0.78672
126.666 1.164776
127.675 1.108776
128.695 0.62084
129.705 0.945104
130.715 1.04836
131.957 1.124056
132.964 0.869048
133.973 0.689128
135.043 1.157024
136.044 0.895696
137.053 0.745152
138.073 0.94404
139.074 0.826552
140.082 0.48424
141.101 0.175104
142.491 0.131072
148.205 0.09684
150.044 0.998896
151.234 0.933392
152.335 0.93628
153.394 0.994112
154.595 1.061072
155.764 0.887176
156.898 1.007696
158.034 0.90484
159.115 1.103616
160.295 1.09628
161.545 0.992656
162.555 0.87816
164.025 0.964688
165.174 0.626472
166.183 0.864784
167.184 0.87468
168.193 0.835168
169.194 0.812488
170.423 1.104528
171.573 1.23036
172.583 0.89396
173.603 1.247656
175.113 1.130696
176.114 0.867904
177.123 0.53948
178.135 0.8208
179.473 0.8656
180.483 0.941464
181.493 1.0586
182.503 0.951008
183.504 1.14452
184.663 1.231976
185.803 1.166072
186.962 1.192896
187.982 0.718736
188.992 0.776392
189.993 0.952128
191.012 0.576344
192.021 0.49248
193.041 0.646304
194.051 1.161848
195.062 0.98496
196.092 0.941512
197.1 1.584352
198.11 1.431928
199.111 0.988048
200.12 1.2896
201.13 1.24196
202.14 1.277816
203.149 1.006424
204.159 0.719328
205.2 0.596344
206.209 1.03968
207.219 0.786256
208.228 0.806408
209.249 0.609272
