0 2.746944
1.001 3.046984
2.002 2.642048
3.011 2.7296
4.012 2.893608
5.021 2.116888
6.061 3.189248
7.09 3.265856
8.119 3.140928
9.13 2.576384
10.141 2.423168
11.16 2.499776
12.161 2.62016
13.162 3.22208
14.163 2.812608
15.17 2.56544
16.171 2.751488
17.18 3.397184
18.181 4.185128
19.182 3.850456
20.2 4.305536
21.201 3.71456
22.202 4.163264
23.203 4.22252
24.33 4.141376
25.331 4.174208
26.34 3.5504
27.348 2.423168
28.349 2.685824
29.35 2.751488
30.351 3.17376
31.362 3.200192
32.378 3.368896
33.398 4.360256
34.399 3.944384
35.4 3.517568
36.401 2.707712
37.408 3.05792
38.419 2.78432
39.428 3.791168
40.429 4.568192
41.44 4.047424
42.448 4.513472
43.449 4.69952
44.45 4.31008
45.451 4.502528
46.46 4.901056
47.528 4.75424
48.529 4.9184
49.53 4.52896
50.539 5.02784
51.54 4.331968
52.542 4.721408
53.544 4.04288
54.549 4.299136
55.559 4.907456
56.562 4.342912
57.608 4.907456
58.609 4.922944
59.668 4.841792
60.669 4.787072
61.67 4.20064
62.671 4.798016
63.688 4.321024
64.738 4.929344
65.739 4.732352
66.748 3.937984
67.749 4.250816
68.75 3.834944
69.758 3.353408
70.759 2.828096
71.76 3.375296
72.761 3.539456
73.762 3.648896
74.768 3.123592
75.769 3.38624
76.778 3.068864
77.779 3.22208
78.78 3.079808
79.788 3.813056
80.798 3.98816
81.799 1.579104
82.8 2.425016
84.05 0.800832
85.11 1.669168
86.12 1.046584
87.2 1.273096
88.34 1.959968
89.341 1.448272
90.35 1.557368
91.351 1.490624
92.36 1.988904
93.55 2.002824
94.551 2.254032
95.67 1.53216
96.68 1.074688
97.69 1.862712
98.691 1.533168
99.73 1.514112
100.741 1.998768
101.742 2.162056
102.77 1.977984
103.771 1.969208
104.78 2.081392
105.79 2.06784
106.791 2.01416
107.801 1.995264
108.811 1.222224
109.821 2.276104
110.921 2.246904
112.01 2.134432
113.111 2.169824
114.211 2.207096
115.22 2.191728
116.3 2.162528
117.37 2.281512
118.461 1.89772
119.47 1.9494
120.471 1.969376
121.481 1.997344
122.483 2.301576
123.57 2.528064
124.571 1.973304
125.591 1.880888
126.598 1.968
127.641 2.484288
128.651 1.930456
129.671 1.630656
130.672 1.29412
131.682 3.021304
132.683 2.528064
133.691 1.683088
134.692 1.970832
135.701 2.513912
136.702 2.787248
137.811 3.125312
138.812 2.966272
139.871 2.917864
140.981 3.0936
142.011 3.355856
143.131 3.262656
144.132 3.04684
145.141 3.009568
146.143 3.063632
147.15 2.58524
148.261 3.069848
149.262 2.95488
150.263 3.213216
151.271 3.344816
152.461 3.305088
153.462 3.032088
154.631 2.811008
155.682 2.965824
156.691 2.19596
157.692 2.863088
158.693 3.035032
159.694 3.67252
160.696 2.462928
161.711 2.64748
162.712 2.885152
163.831 2.342016
164.832 1.690304
165.841 1.481872
167.014 1.882368
168.021 2.265408
169.031 1.558632
170.032 2.157424
171.041 1.544312
172.042 1.80576
173.061 1.084256
174.071 1.433664
175.072 1.235672
176.081 1.828456
177.085 2.49568
178.091 2.683632
179.102 3.42864
180.13 3.77084
181.142 2.807792
182.145 3.077632
183.2 2.665632
184.201 2.996944
185.202 2.692224
186.21 2.264376
187.211 2.469232
188.271 2.812608
189.272 1.8872
190.422 1.80576
191.44 2.421384
192.441 2.34844
193.451 1.929904
194.461 3.403584
195.462 3.20628
196.47 3.052632
197.471 2.629208
198.571 3.151872
199.572 1.894784
200.58 1.700408
201.581 1.761984
202.582 1.82648
203.601 1.349056
204.61 0.667584
205.62 0.87552
206.63 1.03968
207.64 0.89784
208.641 1.389888
209.65 1.375984
