0 0.245312
1.06 0.864576
2.061 1.050624
3.07 0.941184
4.08 1.055168
5.09 1.225728
6.1 1.214784
7.11 1.011392
8.13 1.236672
9.15 1.14912
10.16 0.75968
11.17 0.87552
12.18 0.689472
13.19 0.49248
15.12 0.86912
16.128 0.667584
17.129 0.76608
18.139 1.127232
19.14 0.901952
20.159 0.853632
21.168 1.072512
22.169 1.208384
23.179 1.411776
24.209 1.42272
25.21 1.022336
26.211 1.225728
27.219 1.164608
28.228 1.127232
29.239 1.247616
30.249 0.86912
31.268 1.236672
32.278 1.302336
33.288 1.58048
34.289 1.674432
35.299 1.022336
36.309 1.247616
37.318 1.674432
38.319 1.14272
39.32 0.864576
40.339 0.831744
41.348 0.86912
42.368 1.269504
43.378 1.214784
44.388 0.770624
45.389 1.050624
46.408 0.908352
47.418 0.934784
48.538 1.160064
49.568 0.755136
50.588 0.733248
51.598 0.628352
52.668 0.722304
53.698 0.689472
54.708 0.5472
55.728 0.65664
56.729 0.683072
57.738 0.908352
58.74 0.93024
59.768 1.006848
60.778 0.901952
61.798 1.083456
62.808 1.017792
63.809 0.858176
64.818 0.842688
65.828 0.71136
66.838 0.689472
67.858 0.755136
68.885 0.639296
69.898 0.919296
70.91 0.941184
71.918 0.880064
73.208 1.564992
74.218 1.711808
75.348 1.926144
76.367 1.350656
77.387 1.575936
78.388 1.499328
79.397 1.30688
80.407 1.674432
81.417 1.186504
82.426 1.707264
83.427 1.317824
84.429 1.31328
85.437 1.072512
86.446 0.59552
87.456 0.76608
88.457 0.908352
89.466 0.798912
90.467 0.88004
91.476 1.192896
92.477 1.214784
93.487 1.055192
94.496 1.214784
95.506 1.028736
96.507 1.022336
97.517 0.963072
98.527 0.941184
99.537 1.14272
100.546 1.236672
101.556 1.269504
102.557 1.03328
103.567 1.302336
104.577 1.302336
105.586 1.19744
106.596 1.521216
107.597 1.613312
108.606 1.466496
109.617 1.263104
110.626 1.236672
111.627 1.181952
112.636 1.219328
113.656 1.980864
114.657 1.295936
115.666 1.389888
116.676 1.274048
117.706 1.291392
118.716 1.42272
119.726 1.306856
120.727 1.389888
121.736 1.219352
122.746 2.287296
123.747 1.722752
124.748 2.166912
125.756 1.284992
126.757 1.575936
127.766 1.164608
128.776 1.685376
129.796 1.492904
130.806 1.783872
131.807 2.018264
132.816 1.729152
133.817 1.120824
134.826 1.575936
135.846 1.492928
136.856 1.510272
137.876 1.25856
138.877 0.672128
139.896 1.20384
140.909 1.072512
141.926 0.661184
142.936 0.645696
143.946 0.798912
144.956 0.667584
145.957 0.678528
146.985 0.726848
147.996 0.831744
148.997 0.831744
150.006 1.192896
151.016 1.25216
152.026 1.488384
153.035 1.821248
154.036 2.105792
155.046 1.937088
156.056 1.328768
157.125 0.886464
158.145 0.5472
159.155 0.470592
160.186 0.5472
161.196 1.164608
162.215 1.378944
163.216 1.466496
164.217 1.755584
165.218 1.613312
166.256 1.86048
167.266 1.41632
168.296 1.488384
169.305 1.116288
170.325 1.350656
171.326 1.575936
172.336 1.098944
173.345 1.368
174.356 1.181952
175.365 0.901952
176.375 1.247616
177.376 1.105344
178.385 0.748736
179.405 0.700416
180.427 1.105344
181.445 0.634752
182.465 0.75968
183.685 0.295488
184.744 0.196992
185.894 0.043776
187.035 0.43776
188.064 0.120384
189.385 0.590976
190.404 0.536256
191.424 0.667584
192.444 0.295488
193.474 0.092096
194.584 0.076608
196.344 0.76608
197.354 1.291392
198.355 1.127232
199.356 1.317824
200.364 1.389888
201.374 0.792512
202.384 1.357056
203.394 1.711808
204.544 1.69632
205.555 1.061568
206.556 0.836288
207.564 1.948032
208.565 2.01824
209.566 2.02464
