0 0.131328
1.04 0.120384
2.084 0.207936
3.107 0.186048
4.14 0.175104
5.163 0.131328
6.164 0.186048
7.196 0.101512
8.456 0.16416
9.555 0.207936
10.576 0.16416
11.679 0.16416
12.7 0.16416
13.815 0.186048
14.835 0.196992
15.879 0.196992
17.08 0.207936
18.195 0.207936
19.2 0.175104
20.319 0.186048
21.34 0.175104
22.38 0.186048
23.415 0.186048
24.459 0.175104
25.576 0.175104
26.635 0.142272
27.66 0.196992
28.875 0.186048
29.999 0.153216
31.019 0.142272
32.039 0.186048
33.194 0.196992
34.278 0.186048
35.438 0.175104
36.459 0.142272
37.554 0.16416
38.559 0.131328
39.615 0.153216
40.634 0.153216
41.68 0.186048
42.758 0.14672
45.655 0.065664
46.695 0.142272
47.714 0.20768
50.758 0.33952
51.838 0.120384
52.898 0.120384
53.997 0.098496
55.332 0.098496
56.657 0.10944
57.82 0.10944
58.837 0.076608
60.037 0.032832
64.121 0.087552
65.18 0.120384
66.201 0.153216
67.22 0.142272
68.3 0.142272
69.32 0.142272
70.437 0.153216
71.562 0.10944
72.564 0.153216
73.72 0.153216
74.78 0.175104
75.9 0.120384
76.96 0.131328
77.963 0.142272
79.079 0.076608
80.274 0.087552
81.475 0.087552
82.499 0.076608
83.538 0.065664
84.715 0.098496
85.975 0.087552
87.055 0.120384
88.139 0.153216
89.154 0.10944
90.174 0.087552
91.179 0.05472
92.183 0.076608
93.354 0.076608
94.539 0.076608
95.575 0.076608
96.699 0.076608
97.819 0.076608
98.859 0.076608
99.878 0.076608
101.038 0.076608
102.053 0.065664
103.097 0.010944
119.857 0.131328
121.297 0.120384
122.393 0.186048
123.897 0.966464
126.677 0.043776
127.876 0.043776
128.96 0.076608
130.257 0.065664
131.656 0.076608
132.952 0.05472
134.317 0.065664
135.413 0.043776
136.677 0.043776
137.836 0.043776
138.876 0.043776
139.957 0.065664
141.037 0.065664
142.217 0.0
150.465 1.072512
151.485 0.131072
154.276 3.058176
155.288 1.827648
156.295 1.919744
157.299 1.996352
158.306 2.057472
159.318 1.700864
160.319 2.07936
161.326 1.657088
162.338 1.86048
163.351 1.700872
164.362 2.12768
165.382 2.342016
166.383 0.934784
167.39 1.564992
168.403 1.481984
169.407 1.433664
170.41 1.171008
171.414 1.230272
172.422 1.685376
173.423 0.934784
174.494 0.361152
175.507 0.974016
176.514 1.466496
177.519 1.164608
178.527 1.368
179.538 1.131776
180.546 1.783872
181.55 2.280896
182.551 1.96992
183.558 1.624256
184.563 1.75104
185.571 1.022336
186.582 1.346112
187.583 1.30688
188.702 1.652544
189.711 1.368
190.715 1.000448
191.722 1.247616
192.734 1.569536
193.754 1.663488
194.767 1.41632
195.774 1.630656
196.786 1.558592
197.814 1.663488
198.819 0.623808
199.826 0.634752
200.846 0.781568
201.858 1.20384
202.871 1.31328
203.878 1.19744
204.879 1.510272
205.89 1.317824
206.899 1.80576
207.902 1.405376
208.91 1.444608
209.923 1.492928
