0 0.131072
1.705 0.744704
2.73 0.262656
3.77 0.16416
4.774 0.645696
5.78 0.792512
6.781 1.357056
7.79 1.138176
8.791 1.066112
9.8 1.455552
10.811 1.438208
11.93 1.455552
12.931 1.411776
13.936 0.945728
14.941 1.072512
15.95 1.072512
16.961 0.737792
17.971 0.897408
18.981 0.963072
19.99 0.886464
21.001 0.507968
22.02 0.2736
23.06 0.196992
24.07 0.175104
25.09 0.10944
26.26 0.010944
63.775 0.645696
64.794 0.590976
65.875 0.251712
66.905 0.262656
67.925 0.207936
69.015 0.021888
70.865 0.10944
72.115 0.142272
73.144 0.15776
74.255 0.21888
75.275 0.207936
76.285 0.175104
77.304 0.120384
78.334 0.021888
99.212 0.098496
100.431 0.065664
101.481 0.744192
102.492 0.886464
103.512 0.737792
104.672 0.470592
108.802 0.481536
109.816 0.809856
112.03 0.744192
113.031 0.934784
127.136 0.503424
128.156 0.667584
129.157 0.864576
130.177 1.25216
131.187 1.138176
132.257 0.787968
133.267 1.175552
134.566 1.400832
135.576 1.455552
136.577 1.350656
137.586 1.630656
138.595 1.503872
139.596 1.9152
140.606 1.777472
141.607 1.871424
142.625 1.383488
143.626 1.707264
144.627 1.481984
145.656 1.80576
146.657 1.58048
147.666 1.707264
148.676 1.120832
149.696 0.5472
150.715 0.361152
151.725 0.667584
152.727 0.634752
153.746 1.066112
154.795 0.87552
155.796 1.646144
156.805 1.893312
157.806 1.678976
158.807 1.499328
159.816 1.569536
160.826 2.068416
161.846 1.733696
162.847 2.07936
163.856 1.52576
164.866 1.499328
165.936 1.427264
166.946 1.488384
167.955 1.274048
168.956 1.619712
169.966 1.58048
171.085 1.630656
172.104 1.608768
173.116 0.945728
174.136 1.269504
175.145 1.098952
176.265 0.8208
177.275 0.678528
178.286 1.061568
179.306 1.383488
180.316 1.400832
181.326 1.208384
182.446 1.378944
183.456 1.006848
184.465 0.361152
185.495 0.529856
186.646 0.71136
187.767 0.426816
188.777 0.93024
189.786 0.71136
190.795 0.497024
192.327 0.21888
193.335 0.207936
194.385 0.207936
195.395 0.2736
196.405 0.196992
197.415 0.316032
198.435 0.242112
199.445 0.306432
200.475 0.175104
201.555 0.065664
202.556 0.49248
203.565 0.229824
204.575 0.387584
205.586 0.798912
206.596 0.634752
207.615 0.361152
208.935 0.415872
209.975 0.120384
