0 1.992336
1.004 2.002752
2.014 1.726176
3.016 2.115968
4.024 1.549848
5.144 1.160064
6.153 1.32472
7.295 1.608768
8.302 0.65664
9.312 0.74632
10.322 0.908352
11.342 0.649288
12.352 1.247616
13.353 1.172088
14.482 0.98496
15.492 0.853632
16.512 1.008784
17.513 1.105344
18.532 1.048208
19.542 1.564992
20.552 1.729152
21.553 1.859272
22.561 2.02464
23.571 0.890824
24.572 0.645696
25.58 0.481536
26.611 0.404928
27.64 0.87552
28.641 0.864576
29.651 0.719056
30.652 1.072512
31.671 0.645696
32.689 0.416248
33.69 0.60192
34.7 0.404928
35.719 0.481536
36.729 0.31156
37.741 0.2736
38.78 0.240768
39.781 0.306432
40.821 0.372096
41.861 0.251712
42.921 0.196992
43.95 0.251712
44.99 0.131072
46.193 0.29116
47.22 0.240768
48.249 0.404928
49.259 0.295488
50.269 0.262656
51.289 0.317376
52.326 0.021888
61.895 0.032832
63.315 0.032832
64.675 0.032832
66.115 0.032832
67.495 0.021888
68.664 0.043776
69.905 0.043776
71.184 0.032832
72.503 0.021888
73.623 0.021888
74.743 0.021888
75.863 0.032832
76.943 0.043776
78.223 0.032832
79.663 0.021888
80.783 0.021888
81.963 0.021888
83.103 0.021888
84.283 0.010944
94.962 0.032832
96.224 0.098496
97.405 0.098728
99.144 0.098496
100.183 0.076608
101.487 0.131328
102.625 0.098496
103.645 0.087552
104.725 0.131328
105.763 0.120384
106.842 0.131328
108.069 0.131072
111.781 0.427072
112.865 0.120384
113.983 0.120384
115.328 0.10944
116.345 0.10944
117.384 0.098496
118.627 0.153216
119.725 0.087552
120.726 0.131328
121.843 0.131328
122.864 0.078784
124.104 0.098496
125.165 0.05472
126.305 0.098496
127.344 0.043776
128.442 0.076608
129.522 0.043776
130.644 0.021888
132.024 0.05472
133.163 0.021888
162.898 0.010944
164.242 0.317376
165.522 0.229824
166.559 0.05472
167.783 0.032832
182.469 0.426816
183.48 0.380648
184.499 0.809856
185.508 0.787968
186.529 0.853056
187.53 1.072512
188.531 1.756776
189.532 2.35296
190.699 2.24352
191.7 1.545336
192.709 2.24352
193.71 1.554048
194.749 1.6678
195.898 1.455552
196.908 1.543104
197.917 1.871424
198.928 1.838592
199.938 1.466928
200.948 1.937088
201.949 2.145024
202.968 1.9152
203.978 1.171256
