0 0.295488
1.01 0.292184
2.09 0.372096
3.12 0.36556
4.141 0.3204
5.511 0.229824
6.631 0.31108
7.641 0.10944
8.68 0.032832
9.69 0.120384
11.181 0.120384
13.881 0.010944
14.99 0.118408
16.073 1.194704
17.074 1.25408
18.084 1.323976
19.112 0.810376
20.233 0.985992
21.523 0.987472
22.533 1.325496
23.713 1.436504
24.723 0.837008
25.733 1.358992
26.743 1.0844
27.744 1.348416
28.773 1.269616
29.783 1.652544
30.784 0.6554
31.793 1.368
32.794 0.853416
33.803 1.948032
34.804 1.431
35.814 1.3578
36.815 2.299832
37.816 1.899704
38.824 2.041768
39.835 2.090936
40.844 2.385792
41.865 1.959248
42.874 1.696448
43.894 2.276352
44.895 1.737144
45.906 2.177856
46.907 1.602672
48.044 1.608768
49.045 2.331072
50.046 1.87844
51.055 1.887624
52.187 2.40768
53.195 1.540344
54.205 2.155968
55.206 1.945072
56.215 1.83268
57.295 2.090304
58.296 1.787
59.306 1.726784
60.315 1.9152
61.316 1.692624
62.336 1.575936
63.347 0.923368
64.555 0.798912
65.565 2.254464
66.575 0.913568
67.576 2.418624
68.587 1.466496
69.595 0.613976
70.615 0.678528
71.645 0.514368
72.655 0.722304
73.656 0.558144
74.686 0.394272
75.756 0.43776
76.766 0.558144
77.787 0.623808
78.796 0.634752
79.806 0.479848
80.816 0.448704
81.826 0.834736
82.996 0.295488
84.006 0.667584
85.036 0.612864
86.056 0.494744
87.057 0.78416
88.126 1.132528
89.127 1.42272
90.137 0.35596
91.216 0.974016
92.227 1.074336
93.327 0.798912
94.337 1.052456
95.347 1.098504
96.357 1.174584
97.377 1.29876
98.378 1.40072
99.418 1.084352
100.428 1.190024
101.877 1.479216
102.878 0.807912
103.888 1.5536
105.008 1.885
106.009 1.856744
107.018 2.385232
108.028 1.32256
109.037 1.731536
110.038 1.549408
111.128 1.324224
112.13 1.659272
113.131 1.581416
114.138 1.460104
115.208 1.214784
116.21 1.046528
117.218 0.525312
118.22 1.926144
119.229 0.40756
120.23 1.772928
121.231 0.853728
122.249 1.47492
123.591 1.794816
124.599 1.182496
125.609 1.170944
126.61 1.630656
127.619 0.824896
128.63 1.240888
129.759 1.568736
130.769 1.652544
131.77 1.306168
132.771 1.35044
133.779 1.590112
134.909 1.357056
135.912 1.265816
136.929 1.353104
138.111 1.730232
139.113 1.85872
140.12 2.167984
141.131 3.02412
142.132 2.761736
143.133 1.935912
144.159 2.692224
145.16 2.362208
146.17 1.504544
147.329 2.145024
148.34 1.122128
149.36 0.87552
150.361 1.554048
151.371 2.048096
152.372 1.977168
153.44 0.919296
154.441 1.86048
155.451 1.152048
156.46 2.582784
157.461 1.771448
158.462 2.090304
159.47 0.76588
160.53 0.974016
161.531 1.948032
162.532 0.156832
163.581 1.882368
164.591 0.928184
165.761 1.838592
166.762 0.545384
167.782 2.046528
168.791 0.15544
169.831 1.740096
170.842 0.792072
171.861 1.433664
172.882 0.253232
173.991 1.47744
174.992 1.113112
176.001 1.105344
177.002 0.366912
178.011 1.138176
179.012 0.603776
180.052 0.908352
181.062 0.849552
182.572 0.87552
183.594 0.842272
184.612 0.503424
185.622 1.026008
186.862 0.974016
187.872 0.700144
188.892 1.206672
190.007 1.247616
191.023 1.052984
192.032 1.382608
193.044 0.913528
194.052 1.338512
195.132 1.03968
196.134 1.577584
197.153 1.666288
198.322 1.80576
199.333 1.490136
200.334 1.237584
201.343 1.785168
202.403 1.707264
203.404 0.46256
204.424 1.902936
205.593 1.735192
206.733 0.60192
207.734 1.532536
208.745 1.647416
209.746 2.241416
