0 0.842688
1.009 0.71136
2.04 0.726848
3.07 0.71136
4.079 0.798912
5.09 0.908352
6.1 1.131776
7.11 1.160064
8.119 1.31328
9.121 1.219328
10.139 0.131328
11.148 1.31328
12.15 1.350656
13.151 1.181952
14.166 1.324224
15.169 0.858176
16.179 1.116288
17.189 0.722304
18.199 0.590976
19.211 0.518912
20.23 0.503424
21.279 0.317376
22.291 0.481536
23.299 0.459648
24.33 0.43776
25.331 0.777024
26.339 0.65024
27.359 1.335168
28.37 1.346112
29.389 0.792512
30.409 1.181952
31.419 1.438208
32.509 1.937088
33.519 1.339712
34.649 1.575936
35.651 1.652544
36.669 0.7378
37.679 0.886464
38.699 0.722304
39.759 0.350208
40.799 0.525312
41.809 0.43136
42.829 1.017792
43.839 1.31328
44.849 0.86912
45.87 0.645696
46.899 0.38304
47.909 0.8208
48.919 0.842688
49.92 1.055168
50.93 2.166912
51.939 1.547648
52.949 2.12768
54.051 2.068416
55.069 1.79936
56.079 1.980864
57.089 1.96352
58.09 2.226176
59.099 2.1888
60.1 1.832192
61.109 2.313728
62.169 2.155968
63.171 1.624256
64.179 2.123136
65.189 1.58048
66.19 1.772928
67.199 1.405376
68.209 1.389888
69.21 1.372544
70.219 2.068416
71.229 1.700864
72.23 2.466944
73.389 2.35296
74.39 1.68992
75.409 1.991808
76.419 1.58048
77.429 1.816704
78.439 1.58048
79.44 2.057472
80.448 1.700792
81.449 1.624328
82.509 2.123136
83.519 1.843136
84.52 2.374848
85.529 2.423168
86.53 2.083904
87.532 1.75104
88.539 3.036032
89.54 2.652992
90.541 2.094848
91.548 1.9152
92.55 2.01824
93.551 3.243968
94.552 2.970368
95.558 2.40128
96.56 3.093464
97.569 2.536296
98.57 2.01824
99.578 2.007296
100.678 2.736
101.679 1.810304
102.688 2.149568
103.689 3.053376
104.698 3.357952
105.769 2.84544
106.77 3.0032
107.778 2.631104
108.779 2.94848
109.78 1.843128
110.788 1.58688
111.789 1.52576
112.808 1.740096
113.81 1.400832
114.818 2.1824
115.819 3.572288
116.82 3.025088
117.828 1.646144
118.838 2.210688
119.839 2.040128
120.848 1.85408
121.859 2.615616
122.86 3.211136
123.861 3.966272
124.868 4.025536
125.87 3.517568
126.878 2.313728
127.898 3.2768
128.968 3.747392
129.978 3.65984
130.98 4.272704
131.981 4.086656
132.982 4.113088
133.983 3.845888
134.989 3.49568
135.999 3.079808
137.018 2.685824
138.019 3.05792
139.098 3.2768
140.168 3.287744
141.248 3.572288
142.249 3.539456
143.258 3.616064
144.259 3.648896
145.26 2.937536
146.269 2.663936
147.278 2.959424
148.338 3.265856
149.458 4.217984
150.459 4.141376
151.467 4.053824
152.468 3.49568
153.478 3.233024
154.488 3.101696
155.49 2.87188
156.497 2.7296
157.498 2.795264
158.5 2.215232
159.517 3.189248
160.757 2.823552
161.758 2.587328
162.766 3.627008
163.767 4.069312
164.827 4.655744
165.837 3.462848
166.838 2.451456
167.847 1.886912
168.849 2.67488
169.85 3.419072
170.865 4.031936
171.869 3.780224
172.871 3.539456
173.883 2.871872
174.884 2.992256
175.889 3.101696
176.902 3.594176
177.903 4.185152
178.909 3.211136
179.919 3.211136
180.92 3.484736
181.921 3.911552
182.936 3.349728
183.939 3.285024
184.979 3.287744
186.039 3.140928
187.04 3.353408
188.041 3.036032
189.042 2.565416
190.049 3.068888
191.202 3.791168
192.209 3.090752
193.219 2.992256
194.22 3.627008
195.221 3.397184
196.229 3.320576
197.23 2.981312
198.231 3.134528
199.239 3.583232
200.24 3.134528
201.249 3.05792
202.259 2.860928
203.27 2.598272
204.278 2.248064
205.289 2.768832
206.299 3.123584
207.3 3.92704
208.339 4.130432
209.34 3.911552
