0 0.692696
1.01 0.645696
2.02 0.362904
3.03 0.260792
4.07 0.2736
5.11 0.115496
6.12 0.2736
7.18 0.212856
8.23 0.327344
9.31 0.481536
10.33 0.67272
11.67 0.661576
12.73 0.611112
13.86 0.525312
14.89 0.303072
15.91 0.363376
16.93 0.68024
17.94 1.04244
19.07 0.985632
20.089 0.790928
21.289 0.6452
22.29 0.722384
23.299 0.375912
24.32 0.404928
25.33 0.262256
26.389 0.240768
27.398 0.23416
28.499 0.262656
29.528 0.297336
30.659 0.393984
31.669 0.285152
32.688 0.317376
33.698 0.31368
34.709 0.31756
35.738 0.404928
36.748 0.383632
37.759 0.597144
38.779 0.383816
39.818 0.41064
40.839 0.465376
41.928 0.415872
42.992 0.115808
43.997 0.196992
45.057 0.175104
46.087 0.188624
47.207 0.153216
48.398 0.350208
49.448 0.319648
50.497 0.330848
51.527 0.43492
52.537 0.426816
53.547 0.411784
54.557 0.40008
55.577 0.339264
56.667 0.176048
57.677 0.175104
58.687 0.196992
59.717 0.266016
60.757 0.262656
61.778 0.207936
62.807 0.098344
63.887 0.186048
64.937 0.207936
65.977 0.158232
67.127 0.131328
68.228 0.175104
69.237 0.212128
70.257 0.009008
72.128 0.142272
73.217 0.2736
74.227 0.203192
75.237 0.10944
76.367 0.295488
77.397 0.131216
78.437 0.186048
79.507 0.087552
80.527 0.121648
81.736 0.153216
82.747 0.120384
85.095 0.237752
86.143 0.076608
87.484 0.186048
88.504 0.184192
89.693 0.10944
90.724 0.21888
91.741 0.181664
92.752 0.10944
93.793 0.207936
94.794 0.44612
96.032 0.5508
97.042 0.617624
98.062 0.544224
99.072 0.604368
100.082 1.06496
101.282 1.051352
102.382 0.534112
103.541 0.49248
104.582 0.378888
105.602 0.433624
106.624 0.426816
107.932 0.783784
109.061 1.149992
110.131 1.281888
111.132 1.356528
112.141 0.726304
113.142 0.89844
114.149 0.981456
115.152 1.157752
116.153 1.096648
117.331 1.085992
118.431 0.94284
119.601 0.938432
120.701 1.181304
121.711 1.012208
122.832 1.560664
123.833 1.21284
124.922 1.015424
125.931 0.469312
126.941 0.372096
127.961 0.275216
128.971 0.26508
130.001 0.295488
131.012 0.246784
132.06 0.43776
133.09 0.342272
134.11 0.455
135.43 0.525312
136.44 0.31708
137.452 0.338272
138.47 0.505064
139.84 0.5472
140.85 0.362144
141.86 0.358448
143.0 0.404928
144.02 0.41228
145.04 0.393104
146.05 0.483352
147.07 0.6506
148.08 0.808824
149.09 1.180024
150.312 0.586672
151.319 0.652848
152.32 0.432256
153.329 0.943632
154.33 1.029328
155.39 1.021288
156.469 0.74616
157.478 0.403544
158.538 0.175104
159.588 0.376856
160.624 1.068648
161.679 1.415264
162.687 1.281632
163.688 1.174128
164.747 1.325664
165.748 1.92132
166.937 1.303768
167.938 1.148944
169.008 1.259656
170.009 1.570848
171.01 1.143216
172.015 1.210832
173.024 1.049864
174.025 0.598288
175.043 0.356312
176.053 0.346712
177.179 0.350208
178.183 0.402464
179.394 1.027272
180.594 1.605872
181.595 1.25444
182.596 1.50452
183.614 1.446536
184.624 1.625288
185.766 1.891736
186.774 1.862208
187.954 1.78436
188.955 1.4788
189.956 1.415624
190.973 1.468704
192.399 1.07276
193.402 1.111296
194.412 1.661424
195.493 1.442512
196.523 1.557624
197.613 0.93688
198.662 1.230856
199.692 1.398352
200.727 1.668328
201.753 1.061648
202.793 1.55272
203.912 1.785944
205.042 1.56684
206.093 1.493832
207.182 1.64512
208.183 1.273752
209.192 1.374112
