0 0.697992
1.01 0.58852
2.03 0.557528
3.05 0.494464
4.06 0.753248
5.069 0.63956
6.15 0.514368
7.16 0.198352
8.22 0.461344
9.24 0.835224
10.241 0.81884
11.25 0.829576
12.251 0.503752
13.32 0.707024
14.329 0.380528
15.659 0.588136
16.669 0.865336
17.829 0.930304
18.84 0.893792
19.849 0.950048
20.859 0.797176
22.069 0.858424
23.079 0.678168
24.129 0.87676
25.139 0.631448
26.149 0.882304
27.369 0.878368
28.4 0.879384
29.609 0.943848
30.619 0.892376
31.82 0.750512
32.832 0.832312
34.109 0.8292
35.11 0.674232
36.159 0.920912
37.16 0.625904
38.169 0.833512
39.178 0.615104
40.209 0.85864
41.229 0.835664
42.238 0.7072
43.299 0.914552
44.32 0.356064
45.339 0.679456
46.348 0.845384
47.349 0.933176
48.36 0.680384
49.378 0.948736
50.389 0.718472
51.449 0.915856
52.459 0.68744
53.48 0.963216
54.489 0.738744
55.499 0.946464
56.528 0.76448
57.739 0.919296
58.748 0.469216
59.768 0.21072
61.039 0.972152
62.04 0.94868
63.208 0.400768
64.401 0.558144
65.458 0.86544
66.459 0.755728
67.468 0.729312
68.469 1.037464
69.481 0.754832
70.558 0.735816
71.568 1.512096
72.763 0.949536
73.953 0.962928
74.954 0.901056
75.975 0.839424
76.982 0.808832
78.033 1.00604
79.232 1.067296
80.412 0.58304
81.414 0.992576
82.502 1.02256
83.712 1.0074
84.813 0.991512
85.822 0.951168
86.833 0.42084
87.912 0.611528
88.914 0.769168
89.932 0.940592
90.933 1.004544
91.973 1.097576
93.092 1.115024
94.162 1.122816
95.233 0.95872
96.242 1.1228
97.253 1.076224
98.262 0.797976
99.272 1.072896
100.282 0.82368
101.322 1.149656
102.323 1.11684
103.333 0.637288
104.342 0.450544
105.421 0.670816
106.432 1.317704
107.592 1.036112
108.631 0.155832
109.632 0.426816
110.652 0.599224
111.672 0.950328
112.682 1.151528
113.683 1.258824
114.684 1.164032
115.842 1.092456
116.852 1.534952
118.001 1.464816
119.062 1.404208
120.073 1.269008
121.082 1.30824
122.093 1.247912
123.252 1.431536
124.342 1.350448
125.501 1.243008
126.732 1.160944
127.741 0.96452
128.772 1.142136
129.781 1.055024
130.82 1.045488
131.821 0.592536
132.87 0.567952
133.871 0.603408
134.941 0.514368
135.95 0.564616
137.06 0.81972
138.073 0.479536
139.08 0.518864
140.1 0.564416
141.17 0.56508
142.27 0.591792
143.35 0.262656
144.621 0.580584
145.66 0.454216
146.68 0.525312
147.7 0.446888
148.96 0.447664
149.99 0.337328
151.01 0.372656
152.05 0.470592
153.28 0.8768
154.281 0.847936
155.291 1.104264
156.3 1.061432
157.31 0.803024
158.37 1.187176
159.38 0.415544
160.4 0.470592
161.411 0.335928
162.6 0.632656
163.719 0.733824
164.959 0.575872
166.199 0.525312
167.259 0.351008
168.558 0.600128
169.608 0.758112
170.618 0.98628
171.698 1.417528
172.7 1.056072
173.788 1.157248
175.008 1.38944
176.138 1.22492
177.348 1.10968
178.349 1.152528
179.518 1.283664
180.558 1.2832
181.56 1.8322
182.569 1.274472
183.577 1.261888
184.588 1.154736
185.777 1.38532
186.788 1.090176
187.918 1.346688
188.927 1.427656
189.928 1.432712
190.929 1.329024
191.948 0.799232
192.958 1.244392
193.968 0.803352
194.969 1.302504
195.988 1.110616
197.008 1.028864
198.009 1.01264
199.237 1.037376
200.248 1.145456
201.417 1.053
202.437 0.741272
203.477 1.0998
204.478 1.261136
205.487 0.905296
206.537 1.27168
207.547 1.190808
208.557 1.18036
209.569 1.181312
