0 3.999104
1.001 3.725504
2.008 4.156864
3.028 4.119488
4.03 4.053824
5.031 4.20704
6.038 4.003648
7.108 4.108544
8.11 4.130432
9.112 4.04288
10.119 3.867776
11.121 3.51116
12.409 3.867776
13.417 2.685824
14.507 3.287744
15.618 2.801664
16.628 1.832192
17.637 2.423168
18.648 2.145024
19.657 1.843136
20.658 2.149568
21.678 3.178304
22.868 3.2768
23.877 3.71456
24.878 1.86048
25.887 1.295936
26.888 1.433664
27.897 1.517536
28.907 1.463776
29.909 1.821248
30.937 1.6416
31.946 1.510272
32.948 1.832192
33.949 2.1824
34.961 2.663936
36.006 2.177856
37.015 2.926592
38.025 2.51072
39.027 2.718656
40.035 2.757888
41.045 3.036032
42.046 3.320576
43.055 3.375296
44.056 2.313728
45.057 1.974464
46.065 2.412224
47.067 3.0096
48.075 2.78432
49.076 2.89376
50.077 2.959424
51.078 2.67488
52.085 2.248064
53.087 2.62656
54.095 2.280896
55.117 2.34656
56.125 2.83904
57.126 3.802112
58.127 2.269952
59.255 1.849536
60.256 1.886912
61.275 2.40768
62.276 2.062016
63.284 1.346112
64.285 1.19744
65.294 1.58688
66.295 1.14272
67.305 1.20384
68.306 1.25856
69.314 0.584576
70.325 0.404928
71.344 0.689472
72.345 0.995904
73.364 0.777024
74.38 0.584576
75.384 1.138176
76.385 1.444608
77.395 1.416328
78.41 0.919296
79.416 0.49248
80.444 0.317376
81.445 0.49248
82.454 0.135872
83.564 0.251712
84.574 0.43776
85.584 0.536256
86.604 0.536256
87.605 0.49248
88.635 0.634752
89.644 0.365696
90.674 0.667584
91.675 1.116288
92.755 0.875648
93.764 0.35008
94.935 1.219328
95.944 0.404928
96.962 0.372096
97.964 0.404928
98.984 0.306432
100.004 0.361152
101.024 0.361152
102.035 0.201536
103.064 0.361152
104.124 0.065664
105.145 0.295488
107.176 0.634752
108.184 1.225728
109.195 1.85408
110.204 2.368448
111.214 2.342016
112.215 2.23712
113.229 1.919744
114.232 1.86048
115.235 1.536704
116.244 1.707264
117.245 1.328768
118.264 1.827648
119.265 1.492928
120.274 1.619712
121.275 2.051072
122.276 2.549952
123.277 2.116736
124.284 2.12768
125.294 2.434088
126.295 2.889216
127.296 2.434136
128.304 2.587328
129.305 2.12768
130.314 2.84544
131.324 2.302784
132.325 2.040128
133.334 2.145024
134.354 1.941624
135.364 2.587328
136.374 2.215232
137.444 1.871424
138.544 1.974464
139.555 1.718208
140.564 0.919296
141.573 0.332864
142.574 0.60192
143.583 1.69632
144.584 2.499776
145.585 2.138624
146.594 2.473344
147.614 1.19744
148.623 1.80576
149.635 1.591424
150.643 1.96992
151.654 1.591424
152.656 1.794816
153.663 1.317824
154.664 1.488384
155.674 1.230272
156.684 1.466496
157.685 1.241216
158.703 1.346112
159.705 1.368
160.714 0.934784
161.733 1.03968
162.743 0.569088
163.753 0.623808
164.773 0.901952
165.783 1.619712
166.785 1.875968
167.794 1.455552
168.795 1.284992
169.803 2.79072
170.804 2.12768
171.814 1.85408
172.823 1.14912
173.843 1.85408
174.844 1.893312
175.864 1.569536
176.873 2.02464
177.874 1.700864
178.875 2.484288
179.883 2.094848
180.884 2.280896
181.894 1.740096
182.903 1.460096
183.904 2.145024
184.914 2.642048
185.915 2.062016
186.923 2.302784
187.924 2.506176
188.933 2.313728
189.934 1.810304
190.935 2.484288
191.937 2.335616
192.943 1.96352
193.944 2.166912
194.945 1.919744
195.954 1.96352
197.163 2.232576
198.164 2.248064
199.173 1.160064
200.175 1.241216
201.176 2.473344
202.183 1.930688
203.184 2.062016
204.193 2.539008
205.203 2.740544
206.204 2.56544
207.205 2.368448
208.223 2.663936
209.243 2.287296
