0 0.49248
1.001 1.25856
2.011 1.061568
3.03 1.10136
4.031 2.429568
5.032 2.176848
6.04 1.670968
7.051 1.704864
8.062 1.867952
9.071 1.908624
10.08 1.982024
11.081 2.101248
12.09 1.68524
13.101 1.868344
14.11 1.94632
15.119 2.123536
16.168 0.481536
17.188 0.864576
18.198 1.79072
19.199 2.028808
20.208 2.474968
21.217 2.498152
22.227 2.168016
23.231 2.561416
24.367 2.528064
25.375 1.866896
26.391 1.776576
27.405 1.6416
28.415 1.22432
29.455 1.324224
30.48 0.941184
31.485 1.552568
32.496 1.900088
33.498 2.111304
34.506 2.249688
35.525 2.888112
36.655 2.4624
37.656 1.817064
38.665 0.733248
39.685 0.49248
40.705 0.5472
41.724 0.131072
42.727 0.416712
43.785 0.43776
44.825 0.240768
45.837 1.9184
47.015 2.210688
48.016 1.071736
49.025 0.60192
50.045 0.974016
51.065 0.933648
52.075 0.98496
53.085 0.919296
54.087 0.43776
55.125 0.38304
56.136 0.426816
57.154 0.536256
58.164 0.755136
59.174 0.238088
60.223 0.186048
61.256 1.006848
62.263 0.60192
63.295 0.569088
64.554 0.470592
65.573 0.196992
66.584 0.415456
67.594 1.849536
68.614 1.25656
69.793 0.809856
70.794 1.127232
71.795 0.78168
72.823 0.426816
73.853 0.317376
74.872 0.514368
75.873 1.0576
76.892 1.564992
77.902 1.362848
78.911 1.471
79.912 1.47744
80.931 1.304464
81.941 1.461216
82.961 1.653768
84.08 1.86048
85.081 1.588832
86.09 0.997184
87.101 1.31328
88.11 0.8836
89.12 1.433664
90.131 1.20044
91.132 1.223504
92.151 1.189312
93.16 1.685376
94.17 1.494936
95.171 1.005888
96.179 0.875416
97.319 1.160064
98.329 1.116528
99.339 1.157552
100.349 1.059336
101.35 1.247616
102.359 1.346112
103.368 0.463888
104.37 1.31328
105.393 1.37948
106.408 2.07936
107.409 1.796776
108.41 1.050624
109.418 0.481536
110.438 0.799976
111.439 1.280448
112.448 0.689472
114.62 1.48008
115.628 2.703168
116.638 2.232072
117.639 2.086936
118.649 1.761984
119.65 1.80576
120.658 1.058664
121.668 2.506176
122.679 2.332048
123.688 2.495232
124.698 1.925048
125.699 1.568352
126.708 1.772928
127.718 1.581384
128.728 1.94392
129.729 2.371336
130.867 2.385792
131.877 2.02496
132.887 1.998232
133.897 2.813632
134.898 2.976768
135.906 2.481768
136.908 2.351592
137.926 2.247184
138.927 2.389392
139.935 3.112488
141.075 3.0086
142.076 2.570552
143.085 2.874072
144.095 2.901976
145.096 4.17164
146.105 3.327064
147.106 2.765392
148.107 2.463248
149.115 2.779352
150.116 2.429312
151.552 2.061688
152.574 2.637504
153.575 3.246904
154.715 3.516168
155.716 3.343944
156.726 3.62388
157.727 1.998616
158.767 2.474688
159.775 2.208824
160.785 2.42404
161.786 2.267752
162.795 2.192864
163.815 2.613408
164.825 1.99204
165.834 2.081656
166.835 2.39344
167.845 3.053376
168.854 2.795728
169.855 3.042432
170.864 2.644664
171.865 2.917016
172.874 2.907816
173.877 2.81856
174.884 2.523096
176.043 2.112192
177.053 2.182768
178.062 1.742248
179.073 3.042432
180.074 1.700248
181.083 2.24352
182.092 2.41732
183.093 1.714824
184.102 1.171008
185.122 1.61608
186.301 2.199744
187.302 1.771696
188.311 2.249616
189.321 2.29824
190.322 1.588672
191.33 2.528064
192.341 2.151376
193.361 3.359808
194.363 2.51484
195.37 2.171152
196.371 2.988672
197.372 3.65592
198.379 2.57184
199.381 2.766856
200.382 2.992672
201.391 2.895712
202.4 2.702824
203.55 1.96992
204.56 1.396584
205.561 1.584936
206.57 2.167056
207.58 2.101248
208.581 1.758
209.59 1.652544
