0 1.597824
1.012 1.668024
2.059 1.75104
3.063 1.52576
4.13 1.827648
5.143 1.624256
6.151 1.937088
7.163 1.68992
8.175 1.816704
9.194 1.755584
10.202 2.199744
11.214 1.974464
12.215 1.919744
13.227 2.309184
14.234 1.85408
15.238 2.029184
16.366 2.07936
17.378 1.777472
18.379 2.07936
19.39 1.832192
20.398 2.062016
21.478 2.451456
22.482 1.952576
23.49 2.204136
24.503 2.440512
25.51 1.077208
26.514 2.210688
27.515 1.42724
28.523 1.499328
29.534 2.269976
30.542 2.204288
31.558 2.429568
32.559 2.226176
33.566 2.248064
34.586 2.615616
35.599 1.996352
36.615 2.083912
37.618 2.13408
38.619 1.766528
39.631 2.075672
40.65 2.021928
41.658 2.23712
42.67 2.254464
43.682 2.01824
44.69 2.116736
45.703 2.331072
46.715 2.01824
47.722 2.259008
48.734 2.412224
49.822 1.718208
50.835 0.908352
51.855 0.131072
52.867 0.978816
53.886 0.558144
54.894 0.634752
55.906 0.689472
56.926 0.470592
57.946 0.45596
58.966 0.238056
59.99 0.2736
61.038 0.043776
63.25 0.514368
64.27 0.317376
65.271 0.361152
66.322 0.175104
67.331 0.21888
68.355 0.690432
69.362 0.474176
70.546 0.919296
71.566 1.127232
72.567 1.171008
73.578 1.077056
74.586 1.400832
75.587 1.350656
76.615 1.03968
77.738 1.324224
78.746 0.956672
79.758 1.181952
80.77 1.214784
81.79 1.186496
82.791 1.368
83.802 1.109888
84.803 1.116288
85.81 1.20384
86.823 1.066112
87.835 1.346112
88.842 1.510272
89.854 1.328768
90.873 1.357056
91.885 1.186496
92.893 1.181952
93.906 0.700416
94.913 0.415872
95.917 0.361152
96.937 0.120384
98.037 0.146816
106.161 0.459648
107.169 0.842688
108.173 0.98496
109.174 0.989496
110.301 1.171008
111.321 1.225728
112.326 1.164608
113.345 0.87552
114.346 0.864576
115.354 0.98496
116.357 0.891008
117.358 1.269504
118.365 1.335168
119.378 1.098944
120.382 1.280448
121.389 0.937504
122.397 0.566368
123.398 0.744192
124.409 0.974016
125.421 0.131072
126.549 1.832448
127.552 1.247616
128.553 1.017792
129.561 0.880064
130.572 0.93024
131.592 0.667584
132.6 0.350208
133.604 0.153216
134.643 0.087552
136.003 0.387584
137.023 0.93024
138.034 1.017792
139.042 0.71136
140.246 0.48608
141.306 0.196992
142.326 0.153216
143.438 0.087552
144.453 0.043776
178.072 0.043776
179.137 0.087552
180.416 0.087552
181.596 0.131328
182.677 0.120384
183.741 0.16416
184.841 0.16416
186.02 0.153216
187.16 0.153216
188.18 0.185792
191.781 0.21888
192.82 0.372352
193.98 0.153216
195.06 0.175104
196.101 0.175104
197.249 0.142272
198.3 0.16416
199.32 0.10288
201.42 0.118624
202.524 0.194112
203.548 0.194112
204.613 0.21568
205.669 0.172544
206.704 0.194112
207.748 0.021568
209.917 0.289504
