0 1.476368
1.01 1.026424
2.02 0.777968
3.04 0.836568
4.05 0.73636
5.06 0.408744
6.092 0.252376
7.1 0.448104
8.11 0.227896
9.129 0.21888
10.16 0.259728
11.17 0.478416
12.22 0.560208
13.41 0.448704
14.42 0.364992
15.46 0.295488
16.461 0.5518
17.47 0.84496
18.48 0.541656
19.512 0.196992
20.608 0.153048
21.819 0.142272
22.908 0.098496
23.989 0.35672
25.039 0.38304
26.068 0.700728
27.289 0.922088
28.308 0.66676
29.518 0.558144
30.538 0.388952
31.569 0.380128
32.618 0.514296
33.628 0.621136
34.638 0.493656
35.648 0.491912
36.658 0.454048
37.699 0.326432
38.728 0.606216
39.739 0.49516
40.748 0.316856
41.769 0.428736
42.898 0.426816
43.899 0.47556
44.908 0.427168
45.938 0.240712
46.948 0.240768
48.058 0.419792
49.099 0.659016
50.108 0.609816
51.119 0.248496
52.159 0.458
53.288 0.771176
54.289 0.903952
55.318 0.825496
56.339 0.784616
57.349 0.776352
58.538 0.818464
59.548 0.661024
60.558 0.71164
61.568 0.689368
62.579 0.73376
63.58 0.8164
64.588 0.650456
65.608 0.32832
66.648 0.151312
67.708 0.743712
68.718 1.002464
69.728 0.756152
70.738 0.776304
71.748 0.936408
72.758 0.79336
73.768 0.510784
74.828 0.84064
75.898 1.092464
76.899 0.849512
77.908 1.220296
78.918 1.072424
79.919 0.536248
80.928 0.870648
82.008 1.186864
83.018 0.938656
84.028 0.999624
85.038 1.007544
86.378 1.207304
87.738 1.07324
88.858 1.280592
89.979 1.5698
90.987 1.287744
91.997 0.795992
93.167 0.764584
94.177 0.718048
95.197 1.071016
96.396 1.12452
97.585 0.839864
98.586 0.570328
99.605 0.420056
100.606 0.787368
101.655 0.664816
102.676 0.626312
103.685 0.4522
104.765 1.05284
105.845 1.23532
107.115 1.032944
108.125 1.080248
109.245 1.089528
110.255 0.832432
111.265 0.794
112.275 1.26728
113.295 0.951
114.304 1.092208
115.305 0.947368
116.414 1.092984
117.435 0.707776
118.461 0.700776
119.524 0.8246
120.536 0.86964
121.704 0.582752
122.874 0.62908
123.894 0.56864
125.274 0.44888
126.404 0.713368
127.424 0.81252
128.444 0.777744
129.445 0.835392
130.462 0.554072
131.554 0.837296
132.563 0.848888
133.577 0.864416
134.595 1.016504
135.634 1.017416
136.643 0.902976
137.663 0.638912
138.683 0.386392
139.703 0.306432
140.753 0.854464
141.784 0.937944
142.794 0.939488
143.813 0.985328
144.823 0.98552
145.904 1.142312
146.923 1.100264
147.933 0.799808
148.934 0.879056
150.073 0.66096
151.153 0.824976
152.173 0.603456
153.203 0.443832
154.246 0.850096
155.253 0.973608
156.254 0.870376
157.263 0.578056
158.273 0.674832
159.293 0.459648
160.333 0.287504
161.363 0.339264
162.642 0.554664
163.694 0.695336
164.718 0.749464
165.721 0.79596
166.722 0.644888
167.762 0.816904
168.832 0.908136
170.002 0.921712
171.102 0.99444
172.112 0.893
173.122 0.916288
174.132 0.916432
175.162 0.867224
176.171 0.534872
177.181 0.87424
178.182 0.88376
179.192 0.915848
180.202 0.879904
181.381 0.889376
182.382 0.62296
183.412 1.004128
184.441 0.980584
185.482 0.872608
186.511 1.017296
187.513 1.062384
188.652 1.125768
189.692 1.114392
190.702 1.204656
191.712 1.174096
192.722 1.151992
193.951 1.057128
195.111 0.882832
196.12 0.59112
197.141 0.378312
198.19 0.54872
199.201 0.525256
200.25 0.416928
201.26 0.596096
202.29 0.454864
203.3 0.354088
204.32 0.496296
205.322 0.268328
206.48 0.860168
207.481 0.778712
208.49 0.680728
209.69 0.393984
