0 2.051072
1.009 2.23712
2.01 2.35296
3.019 2.083904
4.029 2.97968
5.03 2.022264
6.039 1.743784
7.049 1.174224
8.061 1.369264
9.063 1.51376
10.161 2.56212
11.339 2.415064
12.45 2.846072
13.451 2.736072
14.452 2.23432
15.569 2.603312
16.69 2.755384
17.71 3.498096
18.712 2.903368
19.714 3.2298
20.72 3.184592
21.841 3.877632
22.842 3.170008
23.9 3.188088
24.901 1.488736
25.902 1.874336
26.94 1.072512
27.942 3.115448
28.945 2.515664
29.946 3.2818
31.3 2.046528
32.311 2.516032
33.312 2.610376
34.411 2.786928
35.42 0.229824
36.431 3.472584
37.442 3.22092
38.6 0.43776
39.601 2.964344
40.612 3.28128
41.613 2.16028
42.621 3.121768
43.761 2.802424
45.031 2.801664
46.061 1.409488
47.063 2.26632
48.064 2.513912
49.162 3.159344
50.163 3.289472
51.164 3.524416
52.166 4.482856
53.167 3.866672
54.303 4.028736
55.304 4.261624
56.306 3.72024
57.413 4.040792
58.415 2.872856
59.422 2.742624
60.522 3.582512
61.523 3.439488
62.524 2.871096
63.534 3.542688
64.544 2.373248
65.546 2.535224
66.832 2.714112
67.835 2.797424
68.842 3.144472
69.844 2.90644
70.854 2.648976
71.855 4.168696
72.856 2.677216
73.863 3.496064
74.864 3.484624
75.865 3.639448
77.033 3.42668
78.035 3.535712
79.045 2.889024
80.054 3.064768
81.055 4.029744
82.057 4.24944
83.058 1.100504
84.063 1.871424
85.064 2.162096
86.065 1.994176
87.103 0.612864
88.114 0.941184
89.124 0.892704
90.823 2.93128
91.834 3.708984
93.004 3.272256
94.005 0.937072
95.024 1.433664
96.086 1.794816
97.104 1.252448
98.254 0.481536
99.274 0.798912
100.284 1.061568
101.295 0.429576
102.304 1.827648
103.334 0.678528
104.354 0.350208
105.364 0.225304
106.394 0.262656
107.755 0.196992
109.015 0.426816
110.134 0.317376
111.435 0.153216
112.465 0.098496
113.765 0.087552
115.165 0.10944
116.245 0.087552
117.865 0.085656
119.065 0.10944
120.265 0.032832
121.355 0.153216
122.776 0.120384
123.825 0.237608
125.047 0.393984
126.065 0.240176
127.255 0.372096
128.266 0.350264
129.276 0.404928
130.316 0.178768
131.336 0.372096
132.356 0.161576
133.376 0.43776
134.436 0.233104
135.596 0.350592
136.626 0.372096
137.676 0.364232
138.716 0.32832
139.736 0.521392
140.737 0.52996
141.738 0.381784
142.747 0.087552
148.067 0.417272
149.277 0.798912
150.943 0.158024
151.947 0.49248
152.967 0.532352
154.087 0.634752
155.097 0.25004
159.438 0.372096
160.517 0.088968
161.641 0.229824
162.943 1.083424
163.949 1.458856
164.951 1.330472
165.953 1.359656
167.011 1.619176
168.021 1.712704
169.023 1.982168
170.031 2.151664
171.032 2.140984
172.052 2.17384
173.053 1.143096
174.061 2.022488
175.172 1.53216
176.182 1.209672
177.241 1.58688
178.242 2.087136
179.243 2.24692
180.262 1.619416
181.272 1.675232
182.273 0.952584
183.287 0.777024
184.292 0.599184
185.312 1.400832
186.322 0.744048
187.492 0.919296
188.502 1.181952
189.503 0.199488
190.522 0.98496
191.532 1.53216
192.542 1.494456
193.543 1.389888
194.552 0.902192
195.562 0.886464
196.583 1.160064
197.592 1.066624
198.593 1.53216
199.603 0.862704
200.674 1.882368
201.683 1.072512
202.693 1.266432
203.703 2.22128
204.813 1.510272
205.823 1.062184
206.833 0.842688
207.853 0.798912
208.873 0.449928
209.874 0.623808
