0 2.029184
1.01 2.412224
2.012 2.357504
3.02 2.342016
4.021 2.160512
5.03 2.488832
6.031 2.83904
7.19 2.95488
8.191 1.427264
9.2 2.269952
10.201 2.582784
11.203 2.532608
12.211 2.740544
13.22 3.11264
14.23 3.0032
15.231 3.025088
16.25 3.068864
17.251 3.44096
18.26 3.233024
19.27 3.430016
20.271 2.642048
21.28 2.90016
22.282 3.025096
23.29 2.7296
24.291 2.456
25.292 1.875968
26.299 2.539008
27.31 2.23712
28.311 1.996352
29.32 1.455552
30.329 1.400832
31.339 1.52576
32.34 2.29184
33.342 2.915648
34.38 3.287744
35.4 3.955328
36.41 2.871872
37.412 2.922048
38.42 2.576384
39.43 2.806208
40.431 2.981312
41.45 2.806208
42.46 2.007296
43.469 1.794816
44.479 1.481984
45.509 1.017792
46.51 0.919296
47.521 0.700416
48.539 0.847232
49.549 1.926144
50.55 1.777472
51.559 1.192896
52.569 1.460024
53.61 2.199744
54.611 1.558664
55.619 1.20384
56.649 0.689472
57.659 0.891008
58.749 1.455552
59.759 1.740096
60.769 1.514816
61.771 1.75104
62.779 1.897856
63.78 1.711808
64.789 2.331072
65.799 1.208384
66.809 1.389888
67.819 1.383488
68.919 1.794816
69.929 1.31328
70.931 1.241216
71.94 1.597824
72.949 1.591424
73.959 2.652992
74.969 2.915648
76.129 3.2768
77.359 3.250368
78.362 2.434112
79.369 2.466944
80.37 2.226176
81.379 2.440512
82.389 1.985408
83.39 2.12768
84.399 2.374848
85.4 2.105792
86.409 2.598272
87.419 1.871424
88.421 2.40128
89.429 2.335616
90.43 2.620152
91.431 1.772928
92.449 1.230272
93.45 2.057472
94.458 1.503872
95.478 0.963072
96.488 1.028736
97.499 0.803456
98.508 1.444608
99.509 2.029184
100.51 2.68128
101.519 2.368448
102.52 1.941632
103.521 2.642048
104.569 2.1888
105.57 2.598272
106.571 2.259008
107.579 2.78432
108.629 1.718208
109.64 1.25856
110.658 0.442304
111.679 1.411776
112.681 1.722752
113.684 2.123136
114.688 2.29184
115.689 2.412224
116.698 2.13408
117.699 2.105792
118.7 2.002752
119.721 3.079808
120.723 1.9088
121.728 2.083904
122.73 2.07936
123.738 2.532608
124.741 3.243968
125.743 1.492928
126.748 4.31648
127.749 4.447808
128.751 3.856832
129.755 3.76288
130.858 3.2768
131.918 3.2768
132.958 3.129984
133.959 2.423168
134.96 2.007296
135.968 2.707712
136.969 2.937536
137.979 3.178304
139.028 3.572136
140.03 3.014296
141.038 3.254912
142.109 4.020992
143.11 4.272704
144.129 4.458752
145.13 3.959872
146.133 3.068872
147.189 5.093504
148.19 4.616512
149.269 4.655744
150.27 4.601024
151.274 3.839488
152.308 3.71456
153.309 2.860928
154.318 4.053824
155.319 5.290496
156.32 1.810304
157.327 1.930688
158.568 2.02464
159.577 1.492928
160.586 1.794816
161.587 1.514792
162.597 2.506176
163.598 3.123608
164.607 2.07296
165.617 2.138624
166.626 2.254464
167.627 1.74464
168.628 2.280896
169.687 2.418624
170.688 2.445048
171.696 4.787072
172.698 4.331968
173.7 4.633856
174.706 3.900608
175.707 3.451904
176.708 3.408128
177.716 3.664384
178.717 4.48064
179.718 3.93344
180.727 3.944384
181.736 3.156416
182.737 3.025088
183.745 3.824
184.756 3.462848
185.757 3.22208
186.758 3.309632
187.766 3.412672
188.776 3.637952
189.786 2.926592
190.796 2.932992
191.797 2.56544
192.805 2.445056
193.806 1.865024
194.885 2.057472
195.886 1.996352
196.896 2.740544
197.906 2.101248
198.915 1.974464
199.917 2.23712
200.935 2.57184
201.936 1.788416
202.945 2.193344
203.955 2.703168
204.957 2.368448
205.965 1.810304
206.966 2.725056
207.967 2.488832
208.977 2.937536
209.978 2.62016
