0 0.067592
1.442 0.009328
2.761 0.033792
5.0 0.022528
6.122 0.033792
8.983 0.033792
11.143 0.022528
15.723 0.045056
16.886 0.078848
17.944 0.067584
19.047 0.078848
20.345 0.067584
21.467 0.05632
22.769 0.067584
23.825 0.043432
24.827 0.101376
25.846 0.101376
26.849 0.11264
28.31 0.090112
29.467 0.078848
30.666 0.078848
31.711 0.044448
32.808 0.078848
34.027 0.05632
35.072 0.101376
36.168 0.078848
37.387 0.101376
38.467 0.078848
39.51 0.066336
40.568 0.135168
41.587 0.123904
42.666 0.135168
43.909 0.06856
45.127 0.123904
46.13 0.101376
56.479 0.677184
57.509 1.091472
58.589 0.824664
59.609 1.0816
60.709 0.75116
61.739 0.729872
62.74 0.689752
63.741 0.727592
64.75 1.03088
65.751 1.0264
66.76 0.873304
67.762 0.783832
68.77 1.185312
69.781 0.719984
70.804 1.116432
71.81 0.88188
72.821 1.36884
73.822 1.418304
74.841 1.257624
75.851 1.32896
77.011 1.499472
78.022 1.263872
79.032 1.096528
80.042 1.235688
81.044 1.260552
82.072 1.13224
83.092 1.436416
84.232 1.580208
85.263 1.457072
86.353 1.263672
87.483 1.266896
88.694 1.879568
89.704 1.115136
90.723 0.878568
91.725 2.173952
92.733 1.464552
93.743 1.374208
94.774 0.944776
95.936 2.541088
96.937 1.542256
97.974 1.74592
98.994 0.810752
100.004 1.766144
101.005 1.340416
102.014 0.783808
103.024 0.968704
104.036 0.83016
105.045 0.973096
106.265 1.417368
107.365 1.047552
108.385 1.2164
109.388 1.417136
110.406 1.711304
111.636 1.329152
112.656 0.626056
113.816 0.946176
114.836 0.677528
115.986 0.540672
118.198 1.306624
119.216 0.28496
120.218 0.45056
121.247 0.315392
122.257 0.326656
123.317 0.687104
124.327 0.649712
125.447 0.518144
126.458 0.045056
127.638 0.962368
129.308 0.270336
130.328 0.484352
131.329 0.596992
132.358 0.417224
133.538 0.5632
134.779 1.089208
135.86 0.416768
136.959 0.45108
137.969 0.853888
138.979 1.121376
140.18 1.065192
141.181 0.537424
142.39 0.496744
143.53 0.135168
145.31 0.991048
146.321 0.157696
148.591 0.756672
149.6 1.004432
150.651 1.129728
151.653 0.426048
152.69 0.22528
155.033 0.48024
156.068 0.504984
157.541 0.451
158.632 0.4456
160.062 0.259072
161.092 0.188208
162.142 0.009336
163.442 0.667488
164.444 0.549536
165.454 0.807232
166.463 0.54648
167.464 0.474112
168.483 0.471456
169.513 0.336736
170.595 0.33792
205.576 0.022528
206.639 0.09132
208.895 0.11264
209.915 0.157696
