0 0.881376
1.019 1.259512
2.049 0.771872
3.069 0.872848
4.078 0.571528
5.079 0.896408
6.089 1.13944
7.109 0.667072
8.299 0.597776
9.318 0.595968
10.339 0.470976
11.359 0.30088
12.389 0.588496
13.459 0.481536
14.468 0.386616
15.478 0.470152
16.499 0.520664
17.539 0.539008
18.658 0.573312
19.659 0.457712
20.689 0.31192
21.698 0.286048
22.718 0.525312
23.728 0.366664
24.768 0.30016
25.948 0.372096
26.978 0.237136
27.998 0.520472
29.018 0.740696
30.059 1.142928
31.269 1.183408
32.278 1.117248
33.308 1.251392
34.309 1.191544
35.31 1.06908
36.389 1.261504
37.398 1.294984
38.4 1.377368
39.408 1.357128
40.478 1.227384
41.479 1.039576
42.489 1.058256
43.589 1.140672
44.598 0.9986
45.599 0.947512
46.608 1.028784
47.738 1.04144
48.748 1.229432
49.758 1.147544
50.759 1.13608
51.918 1.068952
52.919 0.977912
53.928 1.081944
54.929 1.115528
55.938 1.038256
56.939 1.093576
57.948 0.992304
59.138 0.984424
60.298 1.053512
61.433 1.175568
62.588 1.128528
63.598 0.770584
64.608 0.879048
65.628 0.892888
66.647 1.02096
67.648 0.86788
68.658 0.931536
69.668 0.851936
70.828 0.773888
71.838 1.018776
73.028 0.955136
74.029 0.613672
75.075 0.67656
76.078 0.85276
77.088 0.833024
78.108 0.481088
79.109 0.418704
80.118 0.610968
81.128 0.684184
82.177 1.037848
83.188 0.829928
84.258 0.78968
85.268 0.810104
86.287 0.876104
87.467 1.00708
88.478 1.107544
89.487 0.886672
90.498 0.959384
91.499 0.883728
92.507 0.73236
93.588 0.571528
94.797 0.653408
95.798 0.76608
96.807 0.42336
97.808 0.5288
98.827 0.652824
99.837 0.51024
100.848 0.839744
101.858 0.636288
102.867 0.705464
104.007 1.12248
105.027 1.059
106.148 1.224824
107.157 0.966056
108.167 1.170032
109.168 0.998512
110.257 1.020712
111.258 1.056776
112.267 1.021312
113.268 0.887016
114.269 0.663504
115.307 0.715968
116.317 0.904808
117.318 1.300392
118.507 1.115192
119.517 1.149512
120.647 1.257568
121.657 0.98212
122.658 1.117744
123.677 1.1138
124.687 1.237248
125.698 1.217112
126.717 0.702928
127.817 1.098112
128.888 1.325976
129.897 1.140864
130.906 0.842968
131.916 0.603392
132.946 0.722304
133.996 0.567136
135.056 0.708264
136.065 0.726432
137.076 0.906096
138.086 0.954112
139.087 0.8928
140.096 0.912512
141.106 0.904704
142.256 0.908632
143.366 0.735272
144.385 0.601624
145.745 0.73256
146.935 0.715144
147.945 1.047424
149.125 1.143072
150.205 0.8686
151.306 0.985416
152.505 0.842552
153.514 1.0354
154.515 0.579144
155.525 0.631528
156.545 0.484704
157.564 0.651536
158.575 0.67564
159.584 0.834016
160.585 0.770424
161.665 0.66472
162.674 0.361528
163.675 0.372096
164.705 0.179272
165.714 0.16416
166.784 0.2024
167.804 0.448704
168.844 0.398816
169.874 0.412784
170.894 0.236136
171.914 0.479664
173.084 0.503424
174.134 0.529072
175.144 0.539904
176.154 0.812408
177.315 0.869096
178.325 0.696928
179.335 0.919352
180.344 0.654248
181.364 0.988616
182.375 0.780752
183.394 0.872488
184.595 0.563496
185.613 0.784224
186.63 0.722552
187.633 0.737264
188.634 0.599224
189.646 0.714008
190.663 0.415896
191.673 0.692768
192.674 0.68832
193.873 0.749056
194.883 0.505816
195.893 0.286056
196.913 0.49288
197.943 0.656632
198.953 0.499488
199.973 0.599184
200.993 0.480248
202.183 0.842688
203.193 0.82952
204.203 0.519352
205.223 0.525312
206.243 0.50172
207.263 0.42688
208.293 0.525312
209.303 0.399288
