0 0.655968
1.082 0.131072
6.593 3.3416
7.67 0.08512
8.819 0.584112
9.92 1.148728
10.981 0.982912
12.01 1.163536
13.02 0.93136
14.031 0.906608
15.07 0.940192
16.099 1.014104
17.2 1.072152
18.289 1.329888
19.3 0.956704
20.309 0.916352
21.32 0.99632
22.321 1.292272
23.49 0.926224
24.719 0.983096
25.739 1.175904
26.83 1.133136
27.95 1.13372
28.969 1.111128
30.08 1.14452
31.27 1.1166
32.409 1.021344
33.498 1.208168
34.679 1.069528
35.798 1.02724
36.918 0.858408
37.937 0.987368
38.977 0.954288
39.997 1.02468
41.037 1.05092
42.167 1.067864
43.186 1.09908
44.196 1.032184
45.197 1.177552
46.207 1.281792
47.216 1.422048
48.225 1.282496
49.235 1.390064
50.245 1.364112
51.246 1.16292
52.364 1.571072
53.366 1.163256
54.586 1.0498
55.587 1.049168
56.686 1.515584
57.966 1.395816
59.055 1.131704
60.056 1.477352
61.135 0.711352
62.165 0.925368
63.405 1.11148
64.425 1.06876
65.445 1.360776
66.465 1.117368
67.655 1.389048
68.665 1.39328
69.675 1.084856
70.676 1.325128
71.677 1.400576
72.685 1.028704
73.774 1.393192
74.775 1.363304
76.005 1.147536
77.015 1.21844
78.024 0.819896
79.275 0.668152
80.284 0.9994
81.285 0.99812
82.295 0.907
83.305 1.229936
84.315 0.992696
85.325 1.124664
86.335 1.061568
87.345 1.162256
88.355 1.16988
89.475 1.103152
90.495 0.733616
91.504 1.078328
92.515 0.990904
93.535 0.843048
94.544 0.93404
95.554 0.7602
96.795 0.856352
97.804 0.497752
98.975 0.557696
99.999 0.459824
101.014 0.505432
102.034 0.4142
103.044 0.571496
104.054 0.549848
105.057 0.6384
106.096 0.39352
107.104 0.696808
108.114 1.0186
109.304 1.1414
110.314 0.831696
111.315 0.816264
112.554 0.55768
113.564 0.508992
114.714 0.617024
115.794 0.670936
116.834 0.936624
117.847 0.874064
118.854 0.830496
119.864 0.670744
120.883 0.674992
121.884 0.702192
122.885 0.877344
124.074 0.993328
125.184 0.896408
126.185 1.02752
127.254 1.129752
128.674 0.649872
129.684 1.320888
130.824 1.18124
131.864 1.096968
132.974 1.55932
134.113 1.520696
135.233 1.521408
136.413 1.177072
137.414 0.733576
138.443 1.357608
139.453 0.902488
140.454 0.8128
141.463 1.295856
142.593 1.139704
143.613 1.14644
144.623 1.244952
145.633 1.288688
146.713 1.218152
147.723 1.160544
148.733 1.345264
149.734 1.093848
150.903 1.062888
151.904 1.074984
152.905 0.669336
153.913 0.64196
155.103 0.746984
156.253 0.58672
157.263 0.557208
158.273 0.6134
159.472 0.504672
160.494 0.435832
161.512 0.459304
162.542 0.360656
163.552 0.40692
164.582 0.558144
165.612 0.506704
166.642 0.494008
167.672 0.362232
168.692 0.399408
169.702 0.514368
170.712 0.445072
171.722 0.448848
172.732 0.50964
173.742 0.701936
174.752 0.471592
175.792 0.399104
177.022 0.454864
178.042 0.474472
179.053 0.441576
180.084 0.487208
181.195 0.361152
182.233 0.356744
183.272 0.456488
184.292 0.409776
185.301 0.506992
186.302 0.513
187.322 0.454728
188.332 0.474456
189.342 0.489224
190.352 0.576704
191.372 0.50376
192.402 0.527432
193.632 0.426816
194.642 0.434432
195.661 0.31376
196.692 0.470592
197.697 0.310736
198.722 0.358912
199.742 0.459648
200.752 0.35364
201.792 0.391752
202.801 0.363112
203.861 0.490576
204.912 0.519088
205.952 0.623808
206.971 0.450752
207.972 0.452336
209.042 0.509488
