0 0.977216
1.01 1.083112
2.04 1.441568
3.041 1.093648
4.051 1.05348
5.06 1.23148
6.061 1.00764
7.07 0.714352
8.071 0.856784
9.08 0.469912
10.32 0.66336
11.33 0.644112
12.36 0.426608
13.369 0.667568
14.38 0.618624
15.39 0.738664
16.391 0.646544
17.56 0.459872
18.58 0.795176
19.6 0.742464
20.76 0.784928
21.77 0.792888
22.779 0.740944
23.78 0.65928
24.88 0.82228
25.89 0.637552
26.9 0.886672
28.111 0.885624
29.27 0.922736
30.46 0.996896
31.659 0.904792
32.669 0.73788
33.678 0.949
34.689 0.753904
35.759 0.865528
36.768 0.901896
37.988 0.965392
38.989 0.601712
40.008 0.927192
41.028 0.789024
42.188 0.74616
43.192 0.38304
44.227 0.362056
45.238 0.666576
46.257 0.631672
47.267 0.5854
48.287 0.49316
49.288 0.53536
50.297 0.72948
51.307 0.38304
52.317 0.403912
53.327 0.747472
54.337 0.774552
55.347 0.666432
56.357 0.486888
57.378 0.892504
58.387 0.614
59.397 0.579416
60.407 0.693656
61.417 0.710464
62.527 0.740384
63.537 0.769728
64.548 0.614
65.637 0.512408
66.648 0.696936
67.657 0.793304
68.667 0.691504
69.677 0.546664
70.697 0.721392
71.717 0.617768
72.738 0.690312
73.757 0.571784
75.088 0.470592
76.097 0.45716
77.108 0.555216
78.207 0.626072
79.217 0.479856
80.647 0.511128
81.677 0.009016
88.43 0.682288
89.44 0.785368
90.72 0.2736
91.75 0.175104
92.771 0.190288
93.8 0.251712
94.84 0.350208
95.88 0.18296
97.012 0.175104
98.27 0.415872
99.299 0.403576
100.309 0.283152
101.329 0.260984
102.349 0.295488
103.369 0.272024
104.388 0.251712
105.418 0.175912
106.428 0.186048
107.458 0.158304
108.478 0.131328
109.538 0.21888
110.708 0.24532
111.738 0.872112
112.758 0.711872
113.768 0.514368
114.785 0.100344
115.868 0.320144
116.968 0.462656
118.168 0.459648
119.182 0.409464
120.198 0.536256
121.209 0.340128
122.358 0.361152
123.378 0.372096
124.387 0.321576
125.408 0.43776
126.409 0.35468
127.438 0.328176
128.508 0.372096
129.558 0.302
130.588 0.38304
131.617 0.30736
132.638 0.38304
133.647 0.234688
134.687 0.324856
135.707 0.372096
136.717 0.336608
137.727 0.374312
138.728 0.443472
139.746 0.506896
140.757 0.602008
141.768 0.657008
142.897 0.625328
144.086 0.620032
145.097 0.5684
146.106 0.602056
147.107 0.579472
148.117 0.612192
149.137 0.63724
150.146 0.65676
151.346 0.687264
152.357 0.131072
153.461 0.97572
154.466 0.641888
155.488 0.610352
156.496 0.67304
157.547 0.674904
158.556 0.734808
159.566 0.64984
160.567 0.676504
161.586 0.677728
162.596 0.66124
163.827 0.759048
164.936 0.664272
165.938 0.478984
166.947 0.476152
168.036 0.543088
169.116 0.578832
170.127 0.317376
171.136 0.076608
172.307 0.157032
173.436 0.295488
174.476 0.25964
175.516 0.415872
176.546 0.538224
177.556 0.620824
178.577 0.434768
179.586 0.272752
180.616 0.269432
181.617 0.317376
182.646 0.339328
183.656 0.425736
184.666 0.477048
185.667 0.2736
186.696 0.234896
187.746 0.361152
188.796 0.210616
189.836 0.175104
190.876 0.153216
191.956 0.10944
193.026 0.095848
194.111 0.153216
195.179 0.392416
196.196 0.70252
197.206 0.563528
198.207 0.58768
199.235 0.44644
200.375 0.590976
201.376 0.440248
202.406 0.458608
203.435 0.484888
204.506 0.488912
205.527 0.56708
206.536 0.801
207.556 0.4414
208.626 0.612864
209.635 0.399496
