0 0.78852
1.001 1.0134
2.002 1.115328
3.01 0.344232
4.022 1.030488
5.03 0.918704
6.23 0.902472
7.262 0.736824
8.27 0.878696
9.271 0.760064
10.29 0.398736
11.33 0.434976
12.37 0.381408
13.73 0.350208
14.75 0.3778
15.751 0.36204
16.76 0.541224
17.77 0.362696
18.78 0.274264
19.811 0.339264
21.08 0.331368
22.089 0.671504
23.27 1.256016
24.288 0.8822
25.289 0.543224
26.518 0.513152
27.548 0.818824
28.568 1.099464
29.889 1.132304
30.978 1.008976
31.988 0.918024
33.228 0.703032
34.238 0.741496
35.248 0.818856
36.258 0.579096
37.278 0.977504
38.279 0.622856
39.307 0.557424
40.388 0.527952
41.398 0.536256
42.408 0.331584
43.428 0.508408
44.448 0.354224
45.488 0.295488
46.507 0.439808
47.518 0.38304
48.538 0.372096
49.547 0.361896
50.548 0.470592
51.558 0.339888
52.578 0.326016
53.678 0.404928
54.698 0.541264
55.718 0.370464
56.798 0.426816
57.838 0.142272
58.897 0.076608
59.987 0.061552
61.037 0.16416
62.057 0.306432
63.077 0.17872
64.267 0.098496
65.327 0.153216
66.528 0.4254
67.538 0.587352
68.688 1.13548
69.699 0.983496
70.707 1.343864
71.947 1.200408
73.057 1.239424
74.218 1.092496
75.307 0.99748
76.317 1.097128
77.427 1.102536
78.527 1.171432
79.607 1.084944
80.627 1.078984
81.687 1.102264
82.696 1.291216
83.767 1.211592
84.777 1.122352
85.778 1.442792
86.786 1.13576
87.787 1.146464
88.866 1.09864
89.872 1.119472
90.876 1.460208
92.026 1.580832
93.426 1.003512
94.427 1.03816
95.526 1.342752
96.637 1.325408
97.777 1.281768
98.977 1.23148
100.156 1.253064
101.326 1.168192
102.405 1.356608
103.624 1.235864
104.774 1.315584
105.984 1.362496
106.985 1.294608
107.994 1.39264
108.995 1.367176
110.015 1.76136
111.404 1.325672
112.594 1.369848
113.605 1.182152
114.774 1.392872
115.776 1.470184
116.777 1.018296
117.794 1.07556
118.944 1.024552
119.954 0.952448
120.964 1.014568
121.984 0.82524
122.994 1.007968
124.004 0.776072
125.015 0.727576
126.024 0.777152
127.044 0.858
128.064 0.7884
129.094 0.897736
130.095 0.870216
131.135 0.956432
132.144 0.83784
133.344 0.957528
134.345 0.910808
135.354 0.805272
136.364 0.844336
137.394 0.910528
138.403 0.873432
139.464 0.939224
140.494 0.481904
141.504 0.992384
142.514 1.276432
143.524 1.065384
144.525 1.12864
145.884 0.942224
146.894 1.041792
147.904 1.000632
148.911 1.095504
150.113 1.06924
151.173 1.128232
152.184 1.320704
153.403 1.181616
154.414 1.267448
155.415 1.205408
156.583 1.239192
157.584 1.032512
158.682 1.389448
159.743 1.149352
160.753 0.974672
161.763 1.19984
162.772 0.885216
163.774 1.190744
164.933 0.655688
165.942 1.191512
167.082 1.167544
168.092 0.759232
169.241 0.926816
170.252 1.000752
171.362 1.158088
172.37 0.742624
173.371 0.73216
174.43 1.041848
175.551 1.063256
176.56 0.872576
177.6 0.923672
178.61 0.776784
179.611 0.549328
180.63 0.233408
181.64 0.599304
182.851 0.886464
183.867 0.736216
184.878 0.740912
185.879 0.55856
186.887 0.603032
187.888 0.62708
188.906 0.623008
189.907 0.51476
190.917 0.387512
191.927 0.259288
192.996 0.350208
194.017 0.22156
195.018 0.45524
196.026 0.631824
197.037 0.633832
198.057 0.441704
199.066 0.31932
200.067 0.507376
201.077 0.513584
202.267 0.481536
203.277 0.209728
204.296 0.284544
205.306 0.19328
206.327 0.262656
207.346 0.422
208.347 0.196992
209.397 0.203232
