0 0.207936
1.03 0.16416
2.09 0.16416
3.11 0.153216
39.317 0.2672
40.337 0.689472
41.347 1.017792
42.367 0.755136
43.377 0.65664
44.397 0.43136
45.437 0.558144
46.467 0.49248
47.477 0.38304
48.487 0.284544
49.497 0.251712
50.527 0.229824
51.528 0.2736
52.537 0.350208
53.547 0.37664
54.567 0.459648
55.597 0.448704
56.637 0.459648
57.647 0.481536
58.677 0.361152
59.697 0.372096
60.707 0.354752
61.803 0.306432
62.837 0.339264
63.867 0.284544
64.907 0.186048
65.917 0.229824
66.957 0.251712
67.996 0.284544
68.997 0.350208
70.037 0.284544
71.077 0.284544
72.126 0.295488
73.156 0.223424
74.176 0.21888
75.196 0.16416
76.206 0.186048
77.257 0.153216
78.306 0.10944
79.376 0.131328
80.426 0.10944
81.496 0.076608
82.546 0.10944
83.586 0.175104
84.636 0.142272
85.646 0.087552
87.236 0.065664
88.446 0.05472
89.486 0.109568
90.506 0.120256
91.596 0.153216
92.636 0.131328
93.736 0.043776
95.883 0.087552
113.853 0.131328
114.881 0.087552
115.901 0.065664
117.061 0.065664
118.212 0.065664
119.371 0.065664
120.541 0.065664
121.691 0.065664
122.791 0.065664
123.961 0.05472
124.981 0.043776
126.011 0.081152
127.251 0.295488
128.281 0.2736
129.552 0.49248
130.572 0.700416
131.581 0.87552
132.59 0.934784
133.599 1.028736
134.609 0.886464
135.619 0.700416
136.63 0.628352
137.639 0.580032
138.658 0.678528
139.668 0.87552
140.686 0.912896
141.698 0.908352
142.718 0.667584
143.738 0.71136
144.739 0.853632
145.748 1.186496
146.768 1.072512
147.778 1.274048
148.788 1.499328
149.798 0.87552
150.808 0.847232
151.809 1.499328
152.818 1.236672
153.819 0.989504
154.828 1.575936
155.848 0.744192
156.878 0.836288
157.898 0.612864
158.918 0.404928
159.947 0.339264
160.977 0.295488
162.037 0.142272
163.087 0.098496
164.467 0.16416
165.536 0.175104
166.586 0.076608
183.761 0.803456
184.764 2.703168
185.765 2.609216
186.766 2.204288
187.767 1.996352
188.825 2.320128
189.834 2.335624
190.843 1.543104
191.852 1.438208
192.853 1.893312
193.862 0.912896
194.863 1.006848
195.872 1.510272
196.882 1.241216
197.893 1.904256
198.894 1.96352
199.902 2.193344
200.903 2.685824
201.993 2.736
203.002 2.576384
204.003 2.193344
205.012 2.313728
206.021 2.51712
207.022 2.477888
208.032 1.952576
209.034 2.166912
