0 2.051008
1.001 2.596192
2.002 2.020992
3.01 2.042056
4.129 2.775576
5.33 3.306904
6.71 3.099128
7.831 2.790808
8.91 3.00616
10.04 3.108096
11.041 2.704016
12.043 3.315608
13.05 3.374712
14.053 2.321984
15.14 2.818232
16.27 2.703168
17.281 2.268552
18.29 2.73108
19.291 2.90484
20.48 1.929688
21.481 2.058816
22.49 2.022776
23.491 2.084776
24.492 1.96132
25.51 1.919264
26.52 2.066208
27.521 2.079592
28.61 2.289592
29.78 2.418624
30.79 1.649248
31.799 0.131072
33.56 4.941008
34.57 2.057472
35.584 1.816704
36.599 0.17132
39.228 5.248088
40.229 1.871424
41.239 1.561704
42.248 2.068416
43.249 1.570944
44.259 1.581912
45.268 2.090304
46.273 1.427632
47.274 1.950184
48.433 2.101248
49.443 2.11612
50.643 2.07936
51.653 1.749736
52.663 1.772928
53.674 1.638216
54.683 1.882368
55.693 1.419088
56.695 1.937088
57.696 1.61848
58.706 1.779024
59.845 2.13408
60.855 2.015488
62.005 1.816704
63.006 2.337424
64.181 2.615616
65.182 1.726872
66.192 0.963072
67.241 0.886464
68.242 1.744336
69.264 1.0944
70.324 0.831744
71.356 1.467456
72.575 1.127232
73.584 1.1974
74.605 1.466496
75.614 0.9836
76.615 1.14912
77.624 1.253192
78.824 1.608768
79.825 0.951728
80.844 1.47744
81.845 0.932008
82.864 1.160064
83.874 1.028736
84.875 0.65868
85.915 1.050624
86.924 0.765216
88.024 0.864576
89.034 0.995904
90.045 0.709144
91.047 1.280448
92.055 0.920944
93.075 0.131072
94.481 3.17492
95.487 1.060592
96.488 0.984352
97.497 0.8096
98.559 0.817064
99.686 0.700416
100.706 0.700416
101.716 0.636112
102.726 0.5472
103.746 0.323256
104.766 0.612864
105.776 0.525312
106.806 0.312584
107.836 0.251712
108.856 0.914472
109.859 1.403632
110.867 1.370288
111.876 1.203968
113.016 1.533728
114.026 1.65408
115.256 1.751264
116.257 1.379168
117.266 1.70532
118.267 1.401544
119.276 1.62576
120.277 1.794752
121.285 1.620352
122.296 1.499832
123.297 1.660016
124.306 1.71124
125.315 1.691096
126.505 1.659424
127.705 1.7334
128.845 1.831368
129.985 2.057472
130.995 1.535424
131.996 1.991808
133.005 1.259248
134.006 1.433664
135.015 1.357056
136.025 0.973152
137.055 1.160064
138.065 1.193696
139.066 0.961128
140.075 1.20384
141.095 0.889248
142.108 1.219928
143.305 1.247616
144.306 1.064512
145.316 1.291392
146.326 1.055656
147.335 1.186504
148.346 1.374216
149.347 1.14884
150.525 1.41692
151.597 1.613112
152.977 1.269504
153.986 1.265584
154.987 1.663488
155.996 1.263136
156.997 1.255976
158.017 1.466496
159.026 1.158824
160.027 1.707264
161.028 1.158792
162.037 1.29188
163.207 1.269504
164.218 1.162752
165.227 1.214528
166.525 0.8302
167.528 0.569088
172.885 0.508912
173.935 0.981608
174.936 1.519384
175.965 1.747896
177.145 1.966952
178.155 1.55824
179.355 1.130512
180.365 0.867536
181.367 1.342616
182.415 1.433664
183.425 0.933744
184.435 1.138176
185.44 0.981472
186.615 1.31328
187.635 0.762384
188.655 1.247616
189.656 1.357056
190.665 1.227072
191.685 1.58688
192.695 1.125136
193.696 1.521216
194.705 1.133552
195.706 1.466496
196.726 1.185064
197.735 1.520816
198.803 1.718208
199.813 1.234144
200.824 1.611192
201.984 1.905112
203.224 1.943496
204.234 1.918744
205.235 2.139904
206.244 2.108952
207.253 1.978968
208.254 1.948032
209.265 2.056616
