0 1.204824
1.007 0.196992
2.637 0.32232
3.667 0.184112
4.707 0.394792
5.826 0.350208
6.856 0.246712
7.886 0.484568
8.956 0.611992
10.106 0.734528
11.107 0.689024
12.116 0.66852
13.266 0.64476
14.294 0.608512
15.304 0.840856
16.305 0.902808
17.314 0.594704
18.324 0.362864
19.383 0.284544
20.385 0.131072
21.592 0.6462
22.594 0.722888
23.602 0.831976
24.603 0.777024
25.604 0.790168
26.614 0.937704
27.804 1.047888
28.814 1.00596
29.824 1.45476
30.834 1.488416
31.845 1.009848
32.846 1.1696
33.914 1.165112
35.003 1.12248
36.113 1.048056
37.203 1.423936
38.313 0.9634
39.314 0.600216
40.362 0.480872
41.364 0.808864
42.373 0.588112
43.392 0.832112
44.393 0.7394
45.403 0.7696
46.422 0.38304
47.482 0.51492
48.491 0.353448
49.582 0.736872
50.591 0.661248
51.592 0.806312
52.602 0.77224
53.712 0.889304
54.731 0.502328
55.761 0.918592
56.921 0.948792
58.031 1.057336
59.402 0.858464
60.411 0.87888
61.421 0.70624
62.431 0.956744
63.551 0.970704
64.561 0.724784
65.571 0.6122
66.601 0.53928
67.611 0.683744
68.622 0.933496
69.623 1.027352
70.761 0.9814
71.871 1.199272
73.061 1.126608
74.062 0.7726
75.071 1.218784
76.281 0.964352
77.282 1.151712
78.291 1.069288
79.292 1.003888
80.302 0.7846
81.311 0.933984
82.312 1.26852
83.501 1.179976
84.651 1.14624
85.691 1.185368
86.941 0.828784
87.951 0.45212
89.061 0.284544
90.211 0.765944
91.23 0.887192
92.25 0.943008
93.37 0.91152
94.384 1.023632
95.4 0.642808
96.41 0.62608
97.429 0.372096
98.43 0.54868
99.44 0.678904
100.449 0.496648
101.461 0.519776
102.462 0.595808
103.47 0.572312
104.704 0.52344
105.721 0.38304
106.729 0.3868
107.73 0.473576
108.75 0.515032
109.76 0.544456
110.769 0.535128
111.901 0.710568
112.909 0.796216
113.91 0.65804
114.96 0.828008
115.969 0.763024
117.05 0.973512
118.06 0.894376
119.061 0.767688
120.08 0.865216
121.09 0.890088
122.1 1.083408
123.279 1.032056
124.47 0.956952
125.48 0.535144
126.498 0.945088
127.568 0.985352
128.648 0.923568
129.936 0.788312
130.937 1.07088
131.946 0.851408
132.966 0.944464
134.096 1.493752
135.277 0.849072
136.285 0.954976
137.286 1.077144
138.295 1.2696
139.297 1.20976
140.306 1.209592
141.315 1.212504
142.316 1.186856
143.477 1.255928
144.486 1.02612
145.595 1.381728
146.605 0.940296
147.626 0.92492
148.855 0.838168
149.858 0.807976
150.865 0.82216
151.875 1.010632
153.065 1.101832
154.066 0.661848
155.095 0.692624
156.326 1.313728
157.536 1.068696
158.537 1.269992
159.545 1.38848
160.546 1.182152
161.715 1.238048
162.725 1.108648
163.776 1.190168
164.885 0.996968
165.905 0.472456
166.924 0.21888
168.735 0.356712
169.765 0.69356
170.766 1.024928
171.775 1.267784
172.855 1.135544
173.945 0.965368
175.045 0.723728
176.064 0.407608
177.175 1.240048
178.38 0.741584
179.382 1.345488
180.545 1.424768
181.546 1.255488
182.555 0.966776
183.565 1.050712
184.566 1.272824
185.575 1.23892
186.755 1.25748
187.757 1.313984
188.765 1.2318
189.835 1.407344
190.846 1.139928
192.404 0.485904
193.405 0.731
194.413 0.715208
195.444 0.302944
196.454 0.796928
197.464 0.659584
198.542 0.974944
199.644 1.092952
200.654 0.56528
201.664 0.845808
202.674 0.609168
203.683 0.684304
204.685 0.682488
205.713 0.907464
206.714 0.754576
207.754 0.60732
208.784 0.538816
209.843 0.582808
