0 1.201776
1.008 1.214784
2.018 1.126368
3.028 1.606568
4.03 1.520752
5.188 1.49568
6.308 1.693408
7.309 1.39288
8.318 1.2332
9.32 1.25856
10.338 0.89044
11.34 1.236672
12.348 1.001472
13.368 1.335168
14.378 0.35724
15.396 1.368
16.404 0.945432
17.414 0.912072
18.664 0.612864
19.684 0.32832
20.694 0.142272
21.945 0.186048
23.014 0.120384
24.084 0.131328
25.155 0.131328
26.166 0.021888
28.595 0.207936
32.255 0.065664
34.016 0.240768
35.025 0.49248
36.045 0.57236
37.075 0.707744
38.095 1.039728
39.285 1.2376
40.325 1.061208
41.335 0.701656
42.345 0.72308
43.355 0.378952
44.385 0.399576
45.435 0.262656
46.505 0.196992
47.546 0.94392
48.685 1.229592
49.865 1.237592
50.945 1.014504
51.965 0.951088
52.976 1.209216
53.977 1.124088
54.986 0.748888
55.989 1.612208
57.215 1.640592
58.296 1.357056
59.305 0.936968
60.32 0.948056
61.365 0.981296
62.574 0.908352
63.594 0.716968
64.604 1.291392
65.605 0.9158
66.614 1.36056
67.624 1.357056
68.625 0.744776
69.644 0.98496
70.665 0.853168
71.674 1.433664
72.684 0.742712
73.694 0.952128
74.704 0.481536
75.734 0.131072
76.868 0.104304
78.108 0.864576
79.117 1.184
80.122 1.467728
81.127 1.212384
82.137 1.15004
83.147 1.118384
84.168 1.048544
85.177 0.512584
86.178 0.348264
87.376 1.243176
88.377 0.959464
89.386 1.017224
90.396 1.299376
91.406 1.04608
92.407 1.245768
93.547 1.220272
94.697 1.162048
95.736 1.521216
96.746 0.807888
97.757 0.490536
98.767 1.14912
99.787 0.787968
100.807 0.798912
101.828 1.35324
102.829 1.957536
103.839 1.015136
104.849 0.93252
106.059 0.963072
107.068 0.767488
108.158 0.831744
109.168 1.050624
110.178 0.870112
111.189 0.38304
112.201 0.349952
113.296 0.732616
114.305 1.58688
115.315 1.084344
116.515 1.134864
117.525 1.141056
118.535 0.936416
119.545 1.3442
120.725 1.47744
121.735 1.112088
122.745 1.31424
123.755 1.958976
124.765 1.45824
125.766 1.75104
126.775 1.402768
127.785 1.904256
128.795 1.572016
129.805 1.198944
130.815 1.379968
131.816 1.062096
132.825 1.335168
133.834 1.30108
134.835 1.451936
135.845 1.530576
136.855 1.181952
137.864 0.92088
138.884 1.116288
139.885 0.611304
141.044 0.908352
142.054 0.777024
143.055 0.615864
144.074 0.809856
145.095 0.87552
146.104 0.730768
147.115 0.81544
148.155 1.291392
149.175 0.579512
150.205 0.503424
151.216 0.306432
152.246 0.440464
153.296 0.393984
154.306 0.153216
155.816 0.317376
156.825 0.50256
157.835 0.678528
158.855 0.438808
159.865 0.770352
160.875 0.712808
161.885 0.962888
162.886 0.939232
163.895 1.100888
164.905 0.989344
165.915 0.78352
166.925 0.905608
167.945 1.05768
169.155 1.400832
170.165 1.22848
171.186 1.142904
172.196 1.148064
173.335 0.963072
174.346 0.93816
175.359 1.138176
176.376 0.804608
177.386 1.160064
178.396 0.826656
179.417 0.815528
180.426 1.0944
181.436 0.60044
182.597 0.787968
183.627 0.420648
184.637 0.481536
185.656 0.32832
186.686 0.251712
187.716 0.142272
188.768 0.168808
200.732 0.470592
201.767 0.415872
202.787 0.287736
203.807 0.393984
204.817 0.326688
205.827 0.312136
206.847 0.405816
207.927 0.098496
