0 1.16176
1.04 1.080064
2.05 1.314424
3.059 0.937592
4.06 0.97116
5.09 0.988456
6.109 0.9316
7.12 0.561864
8.17 0.592568
9.179 0.49248
10.199 0.41624
11.208 0.446376
12.218 0.612864
13.219 0.691216
14.249 0.710992
15.259 0.664216
16.279 0.466976
17.378 0.569088
18.398 0.408992
19.399 0.5472
20.419 0.367376
21.438 0.46012
22.468 0.439752
23.477 0.586568
24.548 0.748312
25.557 0.33468
26.587 0.459952
27.608 0.627624
28.617 0.728728
29.628 0.915552
30.637 0.566064
31.638 0.747824
32.648 0.741208
33.657 0.867576
34.667 0.853168
35.668 1.10504
36.847 0.906152
37.857 0.655008
38.937 0.8514
39.948 0.65928
40.957 0.678016
41.967 0.712488
43.037 0.522808
44.074 0.76244
45.077 0.629008
46.107 0.544792
47.108 0.69344
48.117 0.643248
49.197 1.137104
50.378 0.947928
51.387 1.005096
52.487 0.828976
53.497 0.776624
54.501 0.743392
55.507 0.996088
56.517 0.843216
57.677 0.9934
58.687 0.73796
59.697 0.700264
60.711 0.64524
61.737 0.385184
62.747 0.439632
63.756 0.361792
64.767 0.361152
65.797 0.206392
66.817 0.306432
67.847 0.217856
68.887 0.359728
69.917 0.415872
70.927 0.281576
71.956 0.21888
72.967 0.083552
74.067 0.153216
75.137 0.10944
76.328 0.228736
81.776 0.404928
82.787 0.3066
83.797 0.22648
98.164 0.855432
99.391 1.065624
100.402 0.175104
101.721 0.243792
102.832 0.916096
103.922 0.911672
104.981 0.947464
106.051 0.831784
107.052 1.140456
108.243 1.051072
110.731 0.691376
111.732 0.92716
112.741 0.572576
113.751 0.899896
114.761 0.373832
117.081 1.036392
118.082 0.91544
119.083 0.925352
120.091 1.209152
121.231 1.072768
122.36 0.950456
123.42 1.138136
124.48 1.107408
125.61 0.829536
126.651 1.0086
127.661 0.972576
128.77 1.015312
129.83 0.926344
130.85 0.943808
131.86 0.841728
132.89 0.787344
133.9 1.024584
135.04 1.09436
136.05 0.831144
137.059 1.101264
138.069 0.450424
139.089 0.420304
140.129 0.504008
141.349 0.580512
142.359 0.490544
143.378 0.519808
144.379 0.560664
145.389 0.559416
146.409 0.425368
147.609 0.535128
148.729 0.569472
149.749 0.64956
150.779 0.562824
151.789 0.666688
152.799 0.58848
153.818 0.444608
154.828 0.482768
155.869 0.54716
156.878 0.567904
157.879 0.589168
158.898 0.534984
159.908 0.447632
160.949 0.426816
161.968 0.27628
162.978 0.426072
164.188 0.426816
165.207 0.380328
166.217 0.448112
167.237 0.523232
168.267 0.603464
169.277 0.676624
170.278 0.350208
171.317 0.648496
172.457 0.580032
173.467 0.499256
174.477 0.47536
175.547 0.426816
176.567 0.403928
177.599 0.250336
178.607 0.175104
179.687 0.175104
180.777 0.186048
181.807 0.111496
182.927 0.098496
183.967 0.372096
184.987 0.219424
186.037 0.317376
187.087 0.274016
188.277 0.32832
189.327 0.316016
190.338 0.448704
191.357 0.378576
192.367 0.346048
193.387 0.459648
194.407 0.344192
195.427 0.503424
196.447 0.318048
197.457 0.317376
198.478 0.181952
199.517 0.076608
200.997 0.679928
202.057 0.634752
203.067 0.625352
204.116 0.675952
205.126 0.265672
206.187 0.186048
207.307 0.50916
208.327 0.401784
209.337 0.2298
