0 0.560472
1.011 0.53112
2.18 0.558144
3.191 0.428376
4.21 0.338128
5.231 0.4498
6.241 0.229824
9.702 0.766472
10.712 0.482544
11.922 0.748576
12.932 1.004848
13.942 0.733072
14.952 0.860568
17.93 0.416688
18.96 0.635304
19.988 0.694984
21.0 0.687656
22.01 0.883488
23.03 0.4602
24.04 0.76608
25.08 0.888648
26.099 0.958552
27.299 0.722632
28.309 0.793624
29.319 0.926328
30.329 1.116288
31.33 0.796704
32.349 0.612864
33.469 0.495592
34.649 0.361152
35.86 0.963072
36.865 0.675544
37.885 0.393984
38.907 0.372096
40.516 0.503424
41.525 0.968584
42.535 0.918816
43.536 0.968584
44.646 1.309696
45.856 1.301344
47.086 1.088072
48.276 0.713232
49.286 1.0936
50.527 1.227832
51.546 1.015136
52.726 1.069176
53.728 1.102016
54.736 1.109704
55.747 1.325896
56.756 1.162136
57.757 1.162856
58.766 1.261832
59.767 1.250568
60.776 0.94016
61.787 0.652368
62.796 0.732272
63.806 1.00408
64.937 1.06168
66.027 1.362552
67.028 0.814416
68.166 0.39204
69.167 0.623808
70.208 0.674112
71.226 0.941184
72.228 0.876416
73.233 1.006848
74.243 0.841216
75.253 1.148336
76.263 1.004904
77.283 1.186504
78.287 1.25856
79.297 1.237304
80.308 1.729152
81.319 1.202696
82.32 1.608768
83.338 1.619712
84.339 1.323688
85.348 1.25856
86.368 0.8772
87.388 1.346112
88.398 0.462424
89.498 0.49248
90.518 0.828752
91.528 0.317376
92.727 0.65664
93.757 0.625152
94.767 0.415872
95.778 0.6642
96.837 1.050624
98.247 0.754448
99.267 0.700416
100.297 0.52004
101.487 0.38304
102.507 0.2736
103.527 0.255968
104.536 0.262656
105.566 0.2736
106.586 0.240768
107.616 0.278016
108.636 0.335944
109.676 0.520672
110.696 0.475808
111.726 0.569088
112.736 0.534728
113.766 0.509888
114.786 0.514368
115.796 0.300472
116.797 0.372096
117.806 0.431824
118.807 0.578072
119.816 0.422632
120.836 0.131328
132.249 0.27556
133.438 0.339264
134.459 0.414232
135.509 0.609856
136.51 0.817928
137.52 0.740344
138.59 1.01796
139.661 1.209112
140.88 1.07264
141.89 0.945552
142.9 0.755544
144.001 1.080528
145.01 0.824552
146.07 1.110312
147.09 0.852904
148.15 0.470592
149.16 0.153216
150.28 0.098496
151.308 0.119328
152.358 0.142272
153.548 0.142272
154.578 0.21888
155.618 0.19616
156.648 0.28552
157.748 0.406736
158.798 0.539848
159.97 0.768536
160.978 0.536376
161.988 0.531552
163.008 0.105352
164.038 0.432552
165.048 0.703184
166.058 0.557552
167.066 0.503832
168.086 0.468096
169.096 0.832088
170.116 0.67124
171.117 0.68036
172.125 0.838656
173.325 0.970976
174.345 0.941184
175.355 0.85148
176.366 1.008656
177.382 1.05056
178.392 1.118168
179.396 1.277088
180.401 0.93244
181.402 1.25968
182.55 1.808768
183.73 1.707736
184.731 1.914368
185.75 1.655872
186.759 1.715568
187.76 1.834872
188.77 1.911256
189.78 1.768976
190.84 1.604856
191.85 1.502016
192.941 1.481256
193.971 1.753328
195.111 2.154168
196.241 2.02464
197.251 2.05396
198.253 1.236208
199.263 1.413568
200.273 1.738496
201.283 2.165136
202.483 1.685376
203.487 1.285688
204.493 1.885192
205.623 1.959504
206.773 1.885488
207.963 1.838592
208.973 1.261784
209.974 1.181952
