0 2.281696
1.139 2.025032
2.14 1.620592
3.32 1.760528
4.322 1.633656
5.33 1.736296
6.331 1.827632
7.332 1.876216
8.441 2.04288
9.442 1.5226
10.444 1.563528
11.61 1.8956
12.79 2.162712
14.001 1.915056
15.002 1.799248
16.189 1.934176
17.191 1.523944
18.192 1.359576
19.29 1.791904
20.451 1.825752
21.46 1.446736
22.49 2.087584
23.5 1.910712
24.69 2.213952
25.891 2.1498
26.892 1.412576
27.899 1.720728
28.92 1.151776
29.96 1.515352
31.071 1.788216
32.079 1.45968
33.081 1.713456
34.089 1.700136
35.166 1.650056
36.167 1.6974
37.168 1.512744
38.169 1.449536
39.177 1.510488
40.366 1.44568
41.486 1.094824
42.506 1.571928
43.646 1.870816
44.717 1.569272
45.726 1.5066
46.727 1.078992
47.786 1.836024
48.787 1.992992
49.788 1.732656
50.827 1.542424
51.847 2.084352
52.848 2.067112
54.036 1.918168
55.047 2.1284
56.057 1.947688
57.058 1.774512
58.177 1.833824
59.206 1.780208
60.207 2.03128
61.376 1.989936
62.377 1.161816
63.378 1.623248
64.656 1.232248
65.686 1.876792
66.876 1.53332
67.877 1.991608
68.976 1.549408
69.977 1.487888
70.986 1.890416
71.995 0.948808
72.996 1.372536
74.075 0.799776
75.085 1.092128
76.106 1.319648
77.107 1.523544
78.296 1.214344
79.315 0.875688
80.316 0.917824
81.396 1.442352
82.536 1.498776
83.537 1.139432
84.546 1.718328
85.556 1.593256
86.666 1.57888
87.784 1.567072
88.884 1.791992
89.885 1.50784
90.886 1.586576
91.913 1.672936
93.024 1.681344
94.054 1.392824
95.144 1.5376
96.193 1.591984
97.294 1.724128
98.304 1.89024
99.464 1.523528
100.465 1.419232
101.584 1.694528
102.585 1.230616
103.586 0.964032
104.593 0.965984
105.654 0.935816
106.655 1.295584
107.662 1.304592
108.663 1.888768
109.833 1.690696
110.834 1.311736
111.913 1.611352
113.062 1.718176
114.192 1.591776
115.193 1.302152
116.221 1.531272
117.231 1.271912
118.232 1.638232
119.292 1.874864
120.301 1.490848
121.381 1.305464
122.492 1.235016
123.621 1.486128
124.822 1.761944
125.833 1.66324
126.84 1.502576
128.02 1.545376
129.021 1.374016
130.18 1.394672
131.181 1.231352
132.19 0.921528
133.191 0.62944
134.22 0.417112
135.23 0.928712
136.24 1.218568
137.381 1.070944
138.391 0.683936
139.6 0.459648
140.62 0.17516
141.722 1.246912
142.74 0.957336
143.751 1.021056
144.76 0.806544
145.77 1.051032
146.78 1.010136
147.86 1.06944
148.861 1.182048
149.87 0.945992
151.06 0.975376
152.085 0.650872
153.18 0.662352
154.19 0.747464
155.2 0.577864
156.33 0.438088
157.379 0.350208
158.39 0.214544
159.499 0.630312
160.619 0.513456
161.649 0.38304
162.659 0.28064
163.689 0.584696
164.709 0.558208
165.73 0.58736
166.799 0.536256
167.839 0.238688
168.859 0.558144
169.86 0.396112
170.879 0.674664
171.899 0.650488
172.909 0.590616
174.049 0.581272
175.059 0.602696
176.099 0.510288
177.119 0.517064
178.129 0.452792
179.149 0.6376
180.15 0.697664
181.151 0.663256
182.179 0.473256
183.189 0.381296
184.199 0.478248
185.239 0.306432
186.259 0.214256
187.279 0.459648
188.299 0.408512
189.309 0.489464
190.329 0.457104
191.352 0.251712
193.199 0.190936
194.23 0.362912
195.233 0.3956
196.25 0.361152
197.253 0.327656
198.259 0.44052
199.279 0.450472
200.359 0.51696
201.43 0.47024
202.455 0.42088
203.638 0.251712
204.648 0.251712
205.658 0.354128
206.678 0.674256
207.698 0.525424
208.707 0.630008
209.708 0.8376
