0 1.75024
1.001 1.336328
2.002 1.423296
3.01 0.737752
4.169 0.806136
5.17 0.986272
6.189 0.667584
7.19 0.801264
8.198 0.93792
9.199 1.280448
10.2 0.870056
11.219 0.893264
12.238 1.043384
13.268 0.43776
14.317 0.131072
16.022 0.53676
17.318 0.867192
18.327 0.65664
19.346 0.505008
20.347 0.80536
21.377 0.689472
22.398 0.516408
23.416 0.678528
24.456 0.178552
25.997 0.251712
27.019 0.678528
28.026 0.928048
29.027 0.893136
30.034 0.831744
31.047 0.507832
32.195 0.448704
33.215 0.43776
34.225 0.459648
35.265 0.306432
36.405 0.087552
37.816 0.685688
38.825 0.8208
39.836 0.492432
40.855 0.71332
41.861 0.721568
42.875 0.563776
43.876 0.80828
45.105 0.722304
46.125 0.722192
47.135 0.5764
48.325 1.218824
49.326 1.029576
50.335 1.121928
51.585 0.612864
52.594 0.444056
53.614 0.623808
54.654 0.287048
56.404 0.65664
57.413 0.450344
58.474 0.306432
59.634 1.07652
60.825 0.71136
61.934 0.609888
62.974 0.60192
64.274 0.623808
65.284 0.271072
66.304 0.590976
67.305 1.08476
68.314 1.18944
69.315 1.152424
70.334 1.173744
71.344 1.184856
72.354 1.22188
73.359 1.450576
74.369 1.233496
75.379 1.58368
76.389 1.3368
77.469 1.488112
78.47 1.060928
79.52 1.394904
80.529 1.415048
81.638 1.513296
82.659 1.2054
83.688 1.791216
84.689 1.110184
85.758 1.389704
86.809 1.220328
87.829 1.166608
88.899 1.306368
89.919 0.38304
90.931 0.530744
91.988 1.159048
93.009 1.363584
94.019 1.262248
95.028 1.424216
96.029 1.107104
97.118 1.175688
98.119 0.763272
99.128 1.329272
100.138 1.355936
101.308 1.517576
102.317 1.189176
103.377 1.678624
104.511 2.004168
105.517 1.580296
106.577 1.80012
108.097 1.79896
109.098 1.676144
110.108 2.061368
111.117 1.438608
112.129 1.588608
113.308 1.525552
114.318 1.335232
115.328 1.43176
116.518 1.68568
117.527 1.238136
118.528 1.424808
119.637 1.420056
120.648 1.191976
121.667 1.309728
122.677 1.25344
124.166 1.105344
125.167 1.359464
126.174 1.442136
127.365 1.36612
128.375 1.038448
129.385 1.081048
130.395 0.794864
131.404 0.864576
132.415 0.655512
133.424 0.98496
134.425 0.497352
135.435 0.404928
136.445 0.65664
137.446 0.406856
138.455 0.503424
139.465 0.580032
140.485 0.459648
141.493 0.515136
142.515 0.645696
143.534 0.47708
144.544 0.700416
145.553 0.674072
146.622 0.60192
147.632 0.483928
148.652 0.676312
149.843 0.8208
150.853 0.5518
151.861 0.828672
152.882 0.52208
153.891 0.723448
155.111 0.668904
156.112 0.435824
157.12 0.355064
158.221 0.415872
159.24 0.361152
160.25 0.267592
161.29 0.426816
162.32 0.432592
163.33 0.525312
164.341 0.393984
165.35 0.393984
166.36 0.300568
167.38 0.426816
168.41 0.514368
169.43 0.52736
170.6 0.569088
171.62 0.56912
172.64 0.814184
173.779 0.897408
174.789 0.322864
175.809 0.667584
176.829 0.515832
177.848 0.809856
178.868 0.432768
179.888 0.678528
180.919 0.388088
181.948 0.021888
182.998 0.196992
184.028 0.43776
185.08 0.435512
186.108 0.295488
187.309 0.634752
188.328 0.37056
189.338 0.415872
190.358 0.32832
191.378 0.29956
192.588 0.175104
193.607 0.295488
194.628 0.350208
195.718 0.175104
196.727 0.175104
197.749 0.1082
198.758 0.186048
199.787 0.558144
200.788 0.369336
201.798 0.87552
202.819 0.55324
203.828 0.582056
204.858 0.60192
205.868 0.495872
206.878 0.710432
208.078 0.634752
209.087 0.386584
