0 0.350208
1.01 0.258544
2.031 0.361152
3.041 0.305232
4.07 0.3978
5.23 0.361152
6.25 0.25964
7.26 0.317376
8.27 0.188016
9.309 0.120384
10.929 0.043776
12.349 0.043776
13.629 0.05472
14.649 0.142272
15.669 0.150232
17.169 0.196992
18.249 0.153216
19.259 0.142272
20.319 0.13928
21.369 0.076608
23.429 0.021888
24.589 0.021888
86.893 0.05472
88.053 0.065664
89.413 0.032832
90.813 0.032832
92.213 0.031984
94.493 0.032832
95.753 0.021888
96.773 0.032832
98.053 0.010944
120.945 0.010944
130.719 0.010944
131.98 0.065664
133.101 0.05472
134.139 0.065664
135.58 0.065664
136.842 0.039608
138.34 0.05472
139.36 0.065664
140.78 0.065664
141.818 0.021888
145.749 0.098496
147.19 0.142336
148.93 0.142272
150.132 0.175104
151.21 0.098496
152.289 0.097416
153.585 0.087552
154.693 0.120384
155.745 0.032832
164.499 0.706872
165.509 1.732688
166.552 1.77712
167.622 2.036704
168.623 1.267352
169.632 1.780552
170.633 2.13644
171.642 1.871856
172.652 1.997552
173.661 2.22804
174.662 1.917704
175.663 2.152536
176.673 2.298424
177.674 2.263648
178.694 2.531488
179.703 2.749664
180.704 2.6112
181.712 2.786792
182.713 2.804464
183.714 3.237024
184.722 2.29468
185.781 3.625416
186.796 2.963792
187.797 3.014128
188.806 3.7622
189.817 3.371776
190.826 3.039912
191.835 2.767464
192.845 2.925712
193.854 2.608272
194.855 2.827944
195.864 2.231576
196.952 3.347576
197.962 2.34876
198.963 3.383512
199.971 2.880248
200.982 3.217624
201.998 3.268816
203.009 3.054224
204.01 3.40316
205.029 3.713976
206.039 3.635264
207.04 3.71564
208.041 3.98676
209.049 3.006096
