0 0.032352
3.36 0.021568
4.56 0.032352
6.16 0.021568
7.344 0.021568
8.52 0.032352
9.96 0.032352
10.961 0.032352
12.72 0.032352
13.86 0.032352
15.24 0.032352
16.561 0.032352
17.844 0.032352
19.78 0.032352
20.92 0.010784
22.644 0.021568
24.384 0.010784
25.56 0.032352
26.804 0.021568
28.244 0.021568
29.685 0.021568
30.925 0.021568
32.76 0.032352
34.5 0.010784
35.76 0.021568
36.825 0.021568
37.885 0.021568
39.06 0.010784
40.765 0.021568
42.284 0.021568
43.5 0.032352
44.58 0.010784
46.585 0.032352
48.204 0.021568
49.605 0.032352
52.26 0.021568
53.304 0.043136
54.945 0.021568
57.104 0.021568
58.484 0.021568
59.924 0.032352
62.1 0.032352
63.48 0.021568
65.184 0.032352
67.664 0.01696
72.984 0.021568
76.344 0.047744
79.364 0.021568
81.3 0.021568
82.664 0.010784
84.885 0.021568
87.12 0.010784
88.681 0.021568
90.12 0.010784
96.043 0.010784
131.667 0.010784
133.483 0.021568
135.023 0.027744
136.108 0.032352
137.827 0.026176
138.927 0.194112
140.407 0.043136
141.847 0.280384
142.927 0.032352
143.983 0.043136
145.243 0.021568
146.707 0.064704
147.884 0.021568
153.267 0.043136
154.363 0.097056
155.527 0.075488
156.608 0.075488
157.627 0.086272
158.767 0.097056
160.047 0.086272
161.247 0.05392
162.308 0.140192
163.363 0.118624
164.407 0.05392
165.848 0.064704
166.947 0.086272
167.963 0.0416
172.707 0.075488
173.727 0.086272
174.764 0.086272
175.767 0.086272
176.803 0.086272
177.807 0.086272
178.888 0.097056
179.923 0.097056
180.987 0.064704
182.004 0.075488
183.507 0.075488
184.543 2.02464
185.553 2.07296
186.554 2.456
187.562 2.659392
188.563 2.609216
189.564 2.707712
190.573 2.7296
191.584 2.970368
192.592 2.860928
193.613 2.670336
194.614 2.40128
195.622 2.488832
196.632 2.313728
197.633 2.79072
198.634 2.718656
199.643 2.631104
200.652 2.817152
201.653 2.685824
202.662 2.543552
203.692 2.834496
204.693 2.521664
205.694 2.696768
206.702 2.773376
207.712 2.94848
208.713 2.663936
209.722 2.987712
