0 2.67676
1.001 2.717872
2.002 2.254152
3.01 3.458304
4.011 2.779032
5.012 3.198296
6.02 2.507648
7.05 2.889216
8.06 2.203832
9.061 1.848368
10.07 1.85248
11.08 2.26584
12.09 2.24056
13.151 2.112192
14.16 1.932536
15.171 1.832376
16.172 2.221632
17.18 1.868472
18.181 2.385792
19.191 2.089352
20.192 2.79072
21.321 2.064008
22.332 3.206592
23.333 2.814608
24.351 2.743936
25.352 3.295544
26.353 2.687248
27.361 2.646296
28.371 2.361168
29.372 2.254464
30.391 1.7084
31.401 2.122776
32.411 2.659392
33.421 1.072104
34.431 1.466496
35.441 0.966768
36.461 1.31328
37.471 1.028736
38.481 0.692456
39.501 0.952128
40.512 1.324224
41.522 1.94768
42.532 1.840872
43.533 2.51712
44.534 2.020296
45.542 2.276352
46.552 1.847992
47.553 2.221632
48.562 1.949592
49.573 2.074624
50.574 2.68128
51.583 2.178712
52.594 1.832568
53.603 2.342016
54.623 1.997656
55.624 2.342656
56.633 3.278296
57.703 3.5568
58.715 2.055856
59.724 2.381376
60.744 2.155968
61.754 1.812608
62.762 1.895376
63.854 2.287296
64.864 1.959408
65.874 1.963264
66.883 1.78904
67.894 1.748112
68.895 2.604672
69.904 2.032928
70.914 2.331072
71.916 1.77052
72.924 1.324224
73.934 2.287688
74.994 2.057472
75.995 1.806864
77.065 1.80576
78.074 1.882368
79.075 2.037896
80.076 2.221632
81.077 1.729152
82.085 1.56808
83.106 1.564992
84.115 1.433664
85.125 0.991128
86.146 1.236672
87.156 1.171008
88.179 1.024048
89.186 1.127232
90.195 0.974016
91.196 0.545544
92.197 0.459648
93.236 0.536256
94.246 0.536256
95.247 0.76608
96.256 0.74936
97.297 0.317376
98.308 0.558144
99.316 0.448704
100.317 0.65664
101.357 0.393984
102.383 0.186696
110.365 1.827648
111.366 1.906176
112.367 2.2874
113.546 2.648448
114.556 2.040568
115.557 1.859232
116.565 2.006752
117.566 2.143384
118.576 2.494648
119.715 2.112056
120.765 2.410952
121.936 2.182048
122.965 2.604672
123.966 2.107
124.975 2.189336
125.985 1.96324
126.995 2.11796
127.996 2.35296
129.005 1.91056
130.014 2.582784
131.015 2.582784
132.044 2.060056
133.046 2.48656
134.233 2.51712
135.243 1.8252
136.244 1.915376
137.323 2.199744
138.324 1.841368
139.343 1.870584
140.345 1.997472
141.382 2.582784
142.383 2.17556
143.392 2.582784
144.393 0.824368
145.402 2.363904
146.411 2.026584
147.412 2.539008
148.421 2.238408
149.422 2.031496
150.431 2.037856
151.432 2.09476
152.441 2.112968
153.461 2.05748
154.471 2.631176
155.681 2.604672
156.701 2.11216
157.702 2.107272
158.71 2.145248
159.732 2.615616
160.733 1.982376
161.74 1.758896
162.741 2.109536
163.749 2.091968
164.761 2.451456
165.769 2.007104
166.78 2.001656
167.781 2.068152
168.789 2.648448
169.798 2.21728
170.808 1.727544
171.937 1.96992
172.938 2.32904
173.947 2.582784
174.948 1.188544
175.957 2.429568
176.977 1.964136
177.978 2.000952
178.988 2.292616
179.997 2.68128
181.017 2.265104
182.026 2.642416
183.028 2.132136
184.036 1.904256
185.038 1.90848
186.046 2.1888
187.057 1.979904
188.066 1.816704
189.086 1.213624
190.096 1.389888
191.115 0.514368
192.755 1.570128
193.765 1.25856
194.784 1.455552
195.794 1.132952
196.804 1.171008
197.814 0.924296
198.823 2.102096
199.824 2.316208
200.973 2.430168
201.974 2.262664
203.393 2.55956
204.404 2.384744
205.405 2.73948
206.406 2.205768
207.413 1.878672
208.414 2.232576
209.415 1.81612
