0 0.952512
1.009 0.4016
2.019 0.262656
3.02 0.640216
4.029 1.04208
5.04 1.008272
6.041 1.120888
7.049 1.065168
8.05 1.157488
9.179 1.048576
10.279 1.299928
11.441 1.32724
12.449 0.654008
13.459 0.57556
14.469 0.883712
15.549 0.943864
16.559 0.825536
17.561 0.718336
18.968 0.05472
20.368 0.755168
21.378 0.732592
22.399 0.645696
23.4 1.052672
24.401 1.028456
25.458 1.157432
26.549 1.070704
27.578 0.917112
28.588 0.736416
29.599 0.885544
30.618 0.808776
31.758 0.651544
32.759 0.651496
33.799 0.700416
34.808 0.560016
35.818 0.538168
36.839 0.556
37.848 0.59256
38.858 0.746328
39.878 0.578064
40.887 0.551568
41.898 0.479288
42.907 0.485384
43.908 0.543712
44.919 0.55616
45.938 0.534304
46.958 0.541152
47.967 0.570016
49.078 0.764632
50.079 0.784712
51.088 0.623256
52.098 0.780144
53.107 0.746272
54.118 0.82476
55.119 0.95124
56.127 0.743632
57.128 0.8262
58.138 0.784296
59.142 0.67532
60.147 0.95548
61.172 0.594232
62.198 0.6634
63.307 0.816224
64.487 0.778376
65.498 0.85876
66.519 1.24028
67.527 1.082848
68.528 1.208656
69.598 1.447376
70.608 1.48088
71.787 1.237608
72.788 1.438168
73.798 1.561496
74.799 1.384736
75.807 1.268248
76.808 0.977744
77.818 1.017672
79.007 1.017344
80.017 1.020056
81.018 1.084424
82.027 0.903968
83.047 0.76392
84.048 0.803888
85.057 1.246184
86.247 1.03744
87.317 0.974672
88.417 0.581392
89.427 0.922456
90.439 0.7964
91.447 1.038392
92.448 0.960192
93.457 1.019488
94.467 1.003456
95.478 1.040824
96.647 0.577104
97.677 0.710696
98.678 0.894552
99.839 0.924984
100.847 0.754304
101.857 0.813576
102.987 0.73484
104.007 0.613232
105.017 1.092072
106.037 1.030112
107.047 1.233304
108.048 1.204288
109.227 1.155344
110.238 0.991064
111.417 0.926312
112.418 1.079176
113.427 1.235968
114.437 1.43784
115.438 1.270152
116.537 1.271256
117.717 1.193792
118.797 1.223112
119.887 1.202208
120.888 1.034088
121.897 1.02328
122.907 0.833024
123.917 0.80356
124.927 0.869776
125.947 0.888024
126.957 1.070064
127.987 1.279376
128.997 1.109248
130.046 1.169328
131.077 1.192496
132.087 1.323608
133.097 1.204368
134.107 1.321368
135.127 1.197808
136.128 1.174568
137.237 1.410872
138.238 1.099928
139.317 1.351968
140.318 1.069552
141.319 1.307976
142.427 1.457304
143.428 0.759592
144.437 1.042896
145.446 1.061608
146.456 1.26084
147.457 1.07296
148.467 1.014152
149.468 1.078464
150.476 1.053112
151.478 1.081904
152.486 0.981136
153.597 1.242696
154.598 0.95744
155.606 1.094656
156.616 1.01612
157.617 0.886424
158.646 1.107408
159.746 1.191048
160.816 0.866816
161.906 1.212496
162.926 0.967592
164.076 1.0642
165.086 0.973096
166.096 1.039056
167.097 1.035528
168.206 1.15132
169.366 1.393912
170.555 1.264712
171.625 1.18108
172.725 1.233688
173.735 1.161488
174.745 0.905624
175.755 0.934488
176.756 1.076296
177.775 1.186304
178.955 1.0628
179.956 0.786744
180.975 0.970936
181.985 1.227336
182.986 1.014336
184.005 1.06984
185.035 1.192536
186.065 1.611568
187.071 1.248216
188.075 0.938808
189.085 1.162664
190.205 1.115344
191.245 1.293712
192.345 1.044608
193.356 0.482208
194.504 0.569088
195.535 0.225728
196.555 0.668984
197.584 0.678528
198.595 0.271648
199.624 0.309928
200.704 0.413296
201.974 0.120384
202.984 0.34228
204.04 0.32832
205.064 0.169896
206.096 0.284544
207.104 0.10944
207.601 0.800136
208.611 0.131072
209.714 2.138192
