0 2.134432
1.09 2.15888
2.23 1.630656
3.231 1.134584
4.232 1.983792
5.241 1.92176
6.242 2.19396
7.311 2.160376
8.32 2.05884
9.321 2.385248
10.33 2.686816
11.34 2.608008
12.341 2.389176
13.35 2.690744
14.361 2.712192
15.362 2.805976
16.37 2.714112
17.38 2.27908
18.383 1.86124
19.39 2.199744
20.392 1.912912
21.4 1.927056
22.415 2.032376
23.55 2.637504
24.551 1.966448
25.56 2.118464
26.57 2.243968
27.79 2.451456
28.8 1.911016
29.81 1.813152
30.82 2.1888
31.821 1.681424
32.83 2.090304
33.84 1.861824
34.85 2.269816
35.86 2.473312
36.87 2.910416
37.871 2.363904
38.88 1.479896
39.881 1.855064
40.89 2.385792
41.9 1.495008
42.91 1.827648
43.92 1.514096
44.921 1.816704
45.923 1.633728
46.929 1.192896
48.071 1.798584
49.08 3.258144
50.081 2.493632
51.09 2.600888
52.109 3.22848
53.11 2.381552
54.111 2.137624
55.12 2.418624
56.122 2.14036
57.13 1.981392
58.14 1.958008
59.19 2.363904
60.2 1.856416
61.21 2.11712
62.211 2.357392
63.41 2.867328
64.417 1.74468
65.42 2.135536
66.51 1.192896
67.519 1.172216
68.52 1.324224
69.53 1.007648
70.54 0.886464
71.55 0.569088
72.569 0.962072
73.639 0.755136
74.669 0.798912
75.699 0.514368
76.709 0.493288
77.739 0.623808
78.749 0.580032
79.769 0.495944
80.78 0.65664
81.799 0.569088
82.809 0.21988
83.829 0.186048
84.849 0.175104
85.869 0.16416
86.889 0.021888
88.25 0.010944
142.334 0.87552
143.345 0.57388
144.385 1.322176
145.394 1.111272
146.415 1.263032
147.425 1.379008
148.436 1.30824
149.575 2.026992
150.576 1.862696
151.755 2.12696
152.765 1.723184
153.774 1.369744
154.965 0.787968
156.104 0.979632
157.114 1.757192
158.115 1.9644
159.134 1.854072
160.364 2.661256
161.375 2.253744
162.395 2.052992
163.404 2.725056
164.414 1.514408
165.415 2.835488
166.655 2.960568
167.986 2.797048
168.995 3.30552
170.105 3.391176
171.106 2.883792
172.224 3.208816
173.225 2.414656
174.234 2.788632
175.394 2.666576
176.484 3.17376
177.485 2.90956
178.486 2.102808
179.495 2.753152
180.665 3.371608
181.795 3.294144
182.805 2.653368
183.806 1.910104
184.814 1.675072
185.815 2.637504
186.816 2.151064
187.824 2.506176
188.825 1.585264
189.834 1.849536
190.844 1.57152
191.855 2.254464
192.856 2.075264
193.874 1.829712
194.884 1.839024
195.894 1.820992
196.904 2.577008
197.905 2.53608
198.914 2.62656
199.915 1.9016
200.924 2.265408
201.925 2.175448
203.074 2.221632
204.075 1.77332
205.076 1.849536
206.084 1.63176
207.104 0.218624
209.024 5.354184
