0 2.066152
1.005 1.787616
2.097 2.131464
3.177 2.100128
4.346 1.956944
5.356 2.246968
6.365 2.007616
7.367 2.058992
8.368 2.079896
9.376 2.007016
10.378 2.107016
11.379 2.539008
12.397 2.260768
13.406 2.604672
14.426 2.670336
15.437 1.731736
16.446 2.070688
17.596 2.232576
18.597 1.836144
19.608 2.178032
20.686 2.604672
21.687 2.071192
22.688 2.100408
23.707 2.030304
24.718 2.5586
31.59 2.057472
32.613 2.159544
33.7 0.739632
36.441 0.994448
38.43 0.452312
40.44 0.463808
42.431 0.464736
44.441 0.467056
46.441 0.48544
48.441 0.51224
50.431 0.528
52.441 0.458784
54.441 0.541256
56.432 0.463016
58.432 0.896408
60.432 0.496872
62.452 0.530648
66.432 0.56744
68.503 0.551368
70.492 0.606096
72.433 0.658176
78.643 0.38304
79.653 0.553272
80.704 0.740656
81.714 0.897
82.724 0.410728
84.434 0.785992
86.444 0.795216
88.474 0.736208
95.001 0.38304
96.02 0.565608
97.031 0.684392
98.061 0.979288
99.062 1.276688
100.063 1.411536
101.071 0.760216
102.482 0.464056
104.491 0.523848
106.502 0.78356
108.461 0.731176
110.492 0.579096
112.492 0.560608
114.502 0.530928
116.492 0.615512
118.492 0.567704
120.493 0.644416
122.743 0.654856
128.474 0.372096
129.494 0.513448
130.543 0.696968
131.544 0.335136
132.613 0.566656
134.453 0.561056
136.504 0.493872
138.464 0.457408
140.534 0.505656
146.177 0.361152
147.187 0.476584
148.197 0.593144
149.198 0.048176
150.438 0.43468
152.498 0.437928
154.448 0.844992
155.458 0.10664
156.459 1.127896
158.528 0.747136
159.598 0.597664
160.599 0.196056
162.739 0.458688
167.974 0.515864
169.084 0.502744
172.494 0.50308
174.484 0.513872
176.554 0.592968
178.474 0.627088
180.434 0.504952
182.484 0.537336
184.514 0.530736
186.465 0.718672
188.495 0.623952
190.445 0.498696
192.495 0.515888
194.485 0.459592
196.541 0.427872
198.436 0.410048
200.526 0.88556
202.436 0.485352
204.496 0.498152
206.456 0.477128
208.497 0.500264
