0 0.897408
1.01 0.584576
2.02 0.580032
3.03 0.755136
4.039 0.700416
5.04 0.667584
6.06 0.131072
7.063 0.16896
8.079 0.809856
9.09 0.733248
10.091 0.831744
11.119 1.098944
12.13 1.521216
13.14 1.400832
14.149 1.274024
15.16 1.247616
16.17 1.055192
17.179 1.247616
18.181 1.302336
19.189 1.055168
20.19 1.42272
21.199 1.263104
22.219 1.510272
23.22 1.554048
24.229 1.427264
25.23 1.740096
26.239 1.481984
27.249 1.630656
28.26 1.153672
29.269 1.302336
30.279 1.116288
31.28 0.86912
32.289 0.76608
33.309 0.689472
34.349 0.569088
35.381 0.5654
36.389 0.5226
37.401 0.700416
38.429 0.733248
39.459 0.503424
40.479 0.43776
41.499 0.387584
42.53 0.459648
43.539 0.569088
44.549 0.38304
45.579 0.404928
46.599 0.306432
63.386 0.634752
64.396 0.59552
65.401 1.31328
66.406 1.575936
67.407 1.547648
68.416 2.040128
69.476 2.287296
70.487 2.248064
71.496 2.07296
72.507 2.232576
73.517 1.52576
74.527 1.444608
75.536 0.131072
76.94 1.733952
77.946 0.744192
78.956 0.262656
79.996 0.175104
81.016 0.262656
82.046 0.317376
83.076 0.120384
85.526 0.240768
86.556 0.295488
87.566 0.142272
89.106 0.065664
90.316 0.081152
91.866 0.295488
92.906 0.306432
93.916 0.284544
94.936 0.207936
95.976 0.240768
96.986 0.339264
98.006 0.372096
99.026 0.448704
100.065 0.317376
101.066 0.295488
102.086 0.332864
103.106 0.689472
104.126 0.601216
105.136 0.92
106.146 0.733248
107.156 1.088
108.166 1.028736
109.186 1.028736
110.196 0.672128
111.225 0.426816
112.226 0.49248
113.235 0.831744
114.245 0.590976
115.266 0.49248
116.275 0.453248
117.305 0.908352
118.326 1.575936
119.327 1.52576
120.336 1.882368
121.346 1.678976
122.356 1.897856
123.374 2.002752
124.376 1.766528
125.385 1.772928
126.416 1.427264
127.426 1.652544
128.435 1.4382
129.436 1.608768
130.445 1.481984
131.446 1.772928
132.455 1.411776
133.466 0.934784
134.475 1.192896
135.495 0.952128
136.505 0.891008
137.515 0.886464
138.535 0.426816
139.555 0.131072
149.881 0.153472
150.888 0.153216
151.928 0.153216
152.958 0.142272
153.978 0.142272
155.018 0.120384
156.468 0.065664
157.486 0.10944
158.518 0.098496
159.528 0.256256
160.558 0.744192
161.568 0.76608
162.578 0.339264
178.908 0.196992
179.918 1.000448
181.078 0.952128
182.08 0.294144
183.14 0.27424
187.633 1.478144
188.634 1.328768
189.643 1.75104
190.644 1.821248
191.653 2.083904
192.654 2.473344
193.663 2.12768
194.664 1.718208
195.673 1.733696
196.683 1.777472
197.693 1.816704
198.703 1.810304
199.713 1.75104
200.723 1.219328
201.733 1.652544
202.734 1.657088
203.743 2.29824
204.744 2.040128
205.753 1.707264
206.763 1.569536
207.773 1.411776
208.774 1.865024
209.793 2.423168
