0 4.045144
1.209 3.545336
2.259 3.343336
3.261 2.578248
4.269 3.52176
5.27 3.03172
6.289 2.990008
7.299 2.798368
8.3 2.55496
9.309 3.206592
10.31 2.272568
12.419 5.751512
13.42 3.170472
14.422 3.059328
15.431 2.709144
16.439 3.003568
17.441 2.97892
18.449 2.816536
19.479 3.369448
20.629 2.943936
21.63 2.262024
22.636 2.535376
23.637 1.913968
24.645 2.873424
25.715 2.24352
26.725 1.510272
27.747 1.851328
28.748 2.342016
29.752 3.398992
30.758 2.9526
31.767 2.094544
32.768 3.207552
33.967 2.856384
34.978 1.434288
35.985 1.006848
37.006 0.733248
38.019 2.537032
39.02 2.533024
40.029 2.867328
41.03 1.724552
42.04 1.575936
43.045 0.678336
44.077 2.35296
45.086 1.94184
46.096 2.385936
47.196 2.648448
48.206 0.400944
49.676 1.783872
50.686 1.695512
51.876 1.926144
52.886 1.480528
53.896 1.96992
54.906 1.557824
55.916 2.221632
56.926 2.288544
57.936 2.09552
58.946 1.706192
59.986 2.309184
60.988 1.751008
61.997 1.780232
63.016 2.40116
64.094 2.418624
65.095 1.553568
66.096 1.608984
67.105 2.035584
68.145 1.584184
69.153 1.636872
70.163 1.980864
71.173 1.58136
72.184 2.269848
73.223 2.881336
74.363 3.185904
75.365 4.501232
76.366 3.92568
77.453 3.890408
78.454 3.508056
79.456 2.982968
80.513 3.7772
81.514 2.576856
82.515 3.19924
83.524 3.174968
84.544 2.876848
85.545 2.78344
86.553 2.984632
87.554 3.22848
88.564 2.217736
89.574 2.615616
90.575 2.428704
91.576 2.276712
92.594 1.499328
93.604 1.76812
94.804 1.499328
95.823 1.048064
96.843 1.291392
97.845 1.335168
98.853 1.268136
99.863 1.45916
101.063 2.363648
102.066 1.583688
103.081 1.40096
104.091 1.476008
105.122 2.227544
106.131 3.097408
107.132 3.040912
108.141 2.246928
109.341 0.98496
110.342 0.886464
111.371 0.372096
112.411 0.393984
113.421 0.809856
114.431 1.142088
115.432 1.083456
116.448 1.2026
117.45 2.483016
118.459 2.848616
119.558 2.13228
120.559 1.192896
121.562 0.251712
123.941 0.076608
125.071 0.114928
126.101 0.580032
127.102 0.689472
128.11 0.43672
129.12 1.028736
130.121 1.496664
131.161 2.211032
132.17 0.309872
142.153 0.350208
143.163 0.470592
144.192 0.426816
145.202 0.317376
146.233 0.360152
147.253 0.428584
148.281 0.790208
149.501 1.000912
150.511 0.732896
151.512 1.188264
152.673 1.100256
153.681 1.379864
154.682 1.410688
155.691 1.158896
156.761 1.182872
157.872 0.974016
158.893 0.372096
159.901 0.240768
160.931 0.065664
162.232 0.349152
163.251 0.722304
164.261 0.249632
165.301 0.689472
166.451 0.6748
167.461 0.509928
168.513 0.926632
169.531 0.645696
170.542 0.305864
171.552 0.142272
172.713 0.667584
173.721 0.982
174.731 1.26248
175.732 1.046264
176.922 1.220896
177.932 1.068328
178.942 1.47744
179.952 1.051288
180.961 1.005408
181.962 1.269504
182.981 0.91664
183.999 0.842688
185.02 0.505704
186.021 0.207936
187.08 0.120384
188.157 0.514368
189.17 0.767488
190.181 1.017792
191.182 0.804544
192.21 0.699896
193.22 1.13144
194.37 0.951176
195.41 1.057688
196.42 1.412312
197.421 1.57184
198.532 1.345424
199.57 1.491384
200.821 2.035584
201.84 1.840744
202.861 1.353136
203.939 1.389888
204.941 1.144224
205.949 1.19392
206.959 1.18248
207.96 1.366744
209.15 1.302336
