0 1.761312
1.001 2.305176
2.209 0.125008
3.299 0.580408
4.31 1.152808
5.51 1.015744
6.591 0.79144
7.6 0.975136
8.82 0.864248
9.84 0.924256
10.85 0.884136
11.97 1.036792
13.038 1.07392
14.287 0.92884
15.288 1.148048
16.368 0.993592
17.388 1.0844
18.416 1.255552
19.477 1.241152
20.478 1.231216
21.479 1.19184
22.497 1.214168
23.647 1.275288
24.648 1.461896
25.649 1.174112
26.797 1.257736
27.798 1.294392
28.807 1.256992
29.997 1.197672
31.007 0.943592
32.017 1.15128
33.018 1.04692
34.216 0.481536
35.236 0.769944
36.247 0.940512
37.267 1.001984
38.347 0.964944
39.567 1.180776
40.568 0.942528
41.577 0.973344
42.776 1.059232
43.778 1.110008
44.787 1.403176
45.807 0.934848
46.817 1.044472
47.856 1.19048
48.866 1.077648
49.876 0.770696
50.886 0.852808
51.895 0.53576
52.997 1.111744
54.106 1.365952
55.107 0.979944
56.146 0.923768
57.216 1.493536
58.226 0.728
59.256 0.969144
60.395 1.206816
61.436 1.268968
62.448 1.1502
63.486 1.306
64.496 1.378104
65.497 1.405624
66.736 1.744904
67.737 1.110712
68.775 1.179464
69.875 1.090144
71.006 1.41028
72.016 1.263968
73.185 1.30776
74.187 1.408408
75.406 1.352112
76.407 1.074728
77.415 1.01644
78.456 1.372208
79.465 0.828536
80.466 1.037112
81.515 0.952128
82.546 1.22792
83.735 1.213704
84.745 0.895168
85.885 0.779328
86.905 0.37016
87.985 0.629624
89.005 0.666168
90.015 0.664
91.016 0.685424
92.025 0.69388
93.035 0.71124
94.195 0.76412
95.197 0.54992
96.205 0.453976
97.215 0.579584
98.235 0.591152
99.245 0.69148
100.255 0.665912
101.265 0.519424
102.295 0.69312
103.345 0.754672
104.355 0.691416
105.574 0.947384
106.575 1.053848
107.584 0.919248
108.605 1.07892
109.606 0.9244
110.622 1.003416
112.075 1.221168
113.085 0.86312
114.093 0.872344
115.094 1.019344
116.103 0.866352
117.114 0.910176
118.115 1.08088
119.123 0.962072
120.143 1.016576
121.144 0.801432
122.324 0.824976
123.334 1.156728
124.463 1.18124
125.602 1.086024
126.662 1.4098
127.664 1.170272
128.672 1.260944
129.852 1.261096
130.962 1.093376
131.972 1.07956
132.973 1.103136
134.192 1.436608
135.193 1.273968
136.203 1.271032
137.212 1.277768
138.213 1.26684
139.233 1.416568
140.453 1.339552
141.463 1.219088
142.472 1.155104
143.642 1.363624
144.651 0.962464
145.781 1.05044
146.782 1.303328
147.881 1.243392
148.882 1.027624
150.061 1.082616
151.071 1.154392
152.121 1.064176
153.131 1.22752
154.181 1.122648
155.24 0.986424
156.241 0.936416
157.242 0.962168
158.261 1.038224
159.271 0.88984
160.273 0.89488
161.291 0.825456
162.301 0.952736
163.422 1.123904
164.442 0.656976
165.451 0.721096
166.461 0.996592
167.581 1.139368
168.701 1.061296
169.88 1.020608
171.061 0.976064
172.07 1.021424
173.08 0.564088
174.09 1.022624
175.11 0.714792
176.15 0.609896
177.209 0.957984
178.219 0.798136
179.22 0.815472
180.359 1.075712
181.37 1.083112
182.479 1.211744
183.48 1.1812
184.539 1.05348
185.918 1.034488
186.958 1.095192
187.968 0.867568
188.977 0.933392
190.077 0.947224
191.166 0.994112
192.357 0.941168
193.367 0.728064
194.368 0.813936
195.369 0.91076
196.596 0.91556
197.607 0.643968
198.706 0.87248
199.715 0.683448
200.724 0.73
201.734 0.703056
202.834 0.680008
203.844 0.416008
204.894 0.251712
205.985 0.079272
207.114 0.48132
208.244 0.032832
209.475 0.828288
