0 2.455976
1.09 2.584832
2.2 2.443968
3.37 2.703168
4.379 1.614424
5.38 1.783872
6.389 1.650544
7.39 1.882648
8.399 2.252576
9.409 1.989944
10.418 2.907272
11.42 2.901568
12.421 3.359808
13.428 2.766216
14.429 2.552648
15.438 2.161848
16.448 2.560896
17.457 1.910208
18.458 2.157696
19.508 2.473344
20.509 1.954248
21.518 2.506176
22.527 1.791944
23.538 2.342016
24.547 1.884792
25.548 2.265408
26.558 1.926112
27.567 2.101248
28.568 1.835304
29.597 0.010944
31.317 5.738816
32.326 2.90016
33.327 2.701032
34.477 3.101696
35.478 3.254008
36.497 3.699224
37.498 2.604512
38.499 2.34792
39.509 2.1888
40.518 1.490576
41.519 1.557408
42.528 1.991808
43.529 1.565408
44.538 2.002752
45.539 1.621232
46.548 2.13408
47.549 1.933056
48.558 2.244896
49.559 2.270944
50.568 0.941184
52.807 1.238696
53.838 2.287296
54.839 2.075896
55.848 1.627272
56.858 1.882368
57.868 1.199336
58.887 1.521216
59.897 1.410736
60.898 1.870944
61.899 1.882368
62.907 1.069664
63.916 0.963072
64.925 0.131072
66.53 1.476976
67.544 0.536256
68.575 0.580032
69.584 0.548376
70.594 0.798912
71.595 0.777024
72.605 0.666768
73.625 0.908352
74.644 0.54884
75.785 0.722304
76.804 0.76608
77.814 0.602648
78.847 0.5472
79.855 0.428448
80.864 0.470592
81.874 0.6688
82.894 0.448704
83.914 0.38304
84.933 0.271192
85.943 0.38304
86.973 0.317376
88.003 0.295488
89.023 0.24676
90.053 0.426816
91.073 0.339264
92.103 0.248736
93.133 0.22264
94.194 0.240768
95.213 0.24464
96.462 0.186048
97.602 0.21888
98.642 0.157688
99.672 0.186048
100.852 0.2736
101.882 0.190288
102.892 0.2736
103.902 0.262656
104.942 0.23768
105.952 0.284544
106.972 0.295488
107.992 0.162808
109.002 0.196992
110.042 0.14088
111.062 0.251712
112.072 0.381368
113.082 0.567512
114.092 0.531208
115.182 0.540808
116.213 0.415872
117.235 0.259248
118.272 0.251712
119.301 0.251712
120.332 0.230336
121.342 0.251712
122.343 0.32832
123.362 0.286392
124.382 0.295488
125.422 0.221648
126.451 0.320384
127.461 0.459648
128.471 0.584568
129.481 0.745056
130.491 0.803112
131.65 0.448704
132.66 0.376568
133.67 0.459648
134.679 0.39384
135.699 0.35672
136.719 0.361152
137.743 0.186976
138.823 0.229824
139.843 0.21888
140.865 0.114304
141.922 0.186048
142.962 0.186048
143.993 0.193528
145.022 0.306432
146.033 0.238112
147.062 0.306432
148.082 0.210152
149.142 0.21888
150.433 0.098496
155.691 0.536424
156.701 0.676584
157.711 0.393984
158.741 0.2736
159.811 0.207936
160.831 0.525312
161.841 0.842688
162.843 0.80772
164.051 0.5472
165.052 0.470592
166.061 0.251712
167.081 0.10944
168.451 0.021888
176.32 0.021888
177.36 0.05472
178.38 0.043776
179.66 0.076608
180.799 0.076608
181.86 0.076608
182.9 0.065664
184.237 0.120384
185.257 0.120384
186.297 0.087552
187.556 0.065664
188.721 0.05472
189.837 0.05472
190.876 0.05472
191.917 0.032832
