0 0.52404
1.151 0.393984
2.16 0.35356
3.17 0.747448
4.22 0.816616
5.34 0.816224
6.37 0.778376
7.38 0.716488
8.57 0.612512
9.59 0.583992
10.6 0.696976
11.61 0.766088
12.63 1.014488
13.85 1.118664
14.851 0.790472
15.86 1.01912
17.07 0.799168
18.09 0.416552
19.1 0.492472
20.11 0.967584
21.12 1.108208
22.13 0.65028
23.14 0.68616
24.161 0.62888
25.26 0.659416
26.27 0.73932
27.33 0.566744
28.34 1.170888
29.527 1.236224
30.529 0.724568
31.569 1.1282
32.581 0.9368
33.589 0.93544
34.669 0.960688
35.679 0.90692
36.898 1.03744
38.118 0.650704
39.134 0.59772
40.137 0.679736
41.138 0.657872
42.228 0.623224
43.237 0.70428
44.256 0.625672
45.267 0.942232
46.276 0.563896
47.287 0.739424
48.477 0.960392
49.485 0.603064
50.547 1.090808
51.657 1.018
52.666 0.834368
53.667 0.8528
54.677 0.901128
55.686 0.745632
56.699 0.536776
57.736 0.884136
58.747 1.095776
59.966 1.036312
60.976 1.222112
61.995 1.120352
62.997 0.940856
64.005 0.581744
65.015 0.773096
66.016 0.915016
67.115 1.043496
68.116 1.009528
69.305 0.795888
70.315 0.62744
71.365 0.653656
72.375 0.65664
73.385 0.38604
74.415 0.207936
75.465 0.590512
76.555 1.017904
77.556 0.829128
78.575 1.038048
79.656 0.979368
80.855 0.957616
82.036 0.964352
83.176 0.894752
84.185 0.495416
85.294 0.42544
86.514 0.45724
87.524 0.47456
88.534 0.610992
89.544 0.42624
90.634 0.582624
91.644 0.893744
92.651 0.685272
93.674 0.686632
94.684 0.570176
95.694 0.56632
96.704 0.452072
97.734 0.717736
98.744 0.941368
99.754 0.539808
100.764 1.113264
101.774 0.982104
102.784 1.088368
103.785 0.877208
104.794 0.910864
105.804 1.11372
106.814 1.17756
107.815 1.056648
108.974 1.047496
109.984 0.839232
110.994 0.909528
112.004 0.937984
113.064 0.911672
114.154 0.995664
115.314 1.26512
116.315 0.647976
117.414 0.393984
118.424 0.45652
119.433 0.71684
120.553 0.541656
121.562 0.339264
122.602 0.494944
123.603 0.58352
124.612 0.549688
125.653 0.745928
126.655 0.783608
127.773 0.708576
128.783 0.772136
129.862 1.1076
130.863 0.933144
131.883 0.280144
132.893 0.782984
133.902 0.85096
134.914 0.90816
135.933 0.674256
136.942 0.597312
137.953 0.534048
138.962 0.735
140.053 1.040528
141.054 1.177184
142.143 1.23536
143.183 1.378024
144.193 0.863952
145.213 1.035528
146.243 1.162264
147.422 1.004008
148.431 0.92616
149.432 0.772232
150.442 1.105928
151.443 0.627792
152.471 1.031256
153.481 1.116112
154.482 1.327344
155.55 1.492168
156.551 1.087808
157.552 1.161256
158.569 0.839696
159.66 1.168664
160.661 1.640824
161.779 1.695192
162.969 0.994
163.98 0.2736
164.076 0.032832
165.12 0.098496
166.425 0.125496
167.876 0.171216
168.905 0.065664
169.915 0.065664
171.366 0.05472
172.475 0.087552
173.606 0.131328
174.665 0.10944
175.685 0.087552
176.755 0.087552
177.775 0.120384
178.795 0.142272
179.845 0.098496
180.865 0.065664
181.946 0.087552
183.006 0.120384
184.215 0.426816
185.216 0.43776
186.227 0.317376
187.28 0.251712
188.575 0.196992
190.195 0.196992
191.204 0.05472
193.116 0.098496
194.175 0.087552
195.254 0.032832
196.374 0.043776
197.425 0.065664
198.564 0.032832
199.714 0.065664
200.794 0.098496
201.874 0.05472
203.094 0.021888
204.184 0.032832
205.514 0.021888
206.564 0.047632
207.574 0.06952
208.684 0.051488
209.817 0.025744
