0 2.276352
1.001 1.795872
2.01 2.568296
3.09 3.342776
4.501 3.3946
5.781 2.932992
6.93 1.966616
7.931 1.91184
8.932 2.725056
9.933 2.511328
10.934 2.71484
11.94 2.885712
12.941 2.808248
13.942 2.915224
15.14 3.075264
16.141 2.721368
17.142 2.439904
18.151 2.378848
19.152 2.363584
20.161 3.22848
21.172 2.850496
22.173 2.442144
23.179 3.359808
24.18 2.835728
25.188 3.139088
26.189 2.384872
27.448 1.827648
28.478 1.491752
29.479 2.4624
30.532 2.757344
31.533 3.33436
32.534 3.548752
33.543 3.691208
34.553 3.749472
35.571 3.651728
36.572 4.091344
37.75 4.311936
38.751 3.746696
39.76 4.147776
40.761 4.552704
41.77 0.34428
43.111 6.21032
44.14 3.699072
45.142 2.77772
46.143 3.526208
47.38 4.158976
48.382 2.523688
49.389 3.020544
50.39 2.809392
51.419 3.305344
52.428 0.814136
54.428 6.567392
56.147 1.433664
57.178 2.287296
58.179 2.166912
59.187 1.619896
60.188 1.985296
61.308 2.615616
62.327 1.923192
63.338 1.872512
64.526 1.740096
65.538 1.302072
66.547 2.013696
67.557 1.488384
68.567 1.135624
69.587 1.759528
70.736 2.127472
71.787 2.276352
72.797 1.877592
73.798 2.354808
74.799 2.90968
75.807 2.306912
76.808 3.940448
77.809 2.550472
78.818 1.565256
79.917 2.385792
80.918 2.313952
81.919 1.734552
82.928 2.237448
83.938 2.408824
85.007 2.796056
86.137 2.897512
87.286 2.506176
88.297 1.972456
89.32 0.131072
90.978 5.076784
91.997 2.156344
93.137 1.893312
94.148 1.827648
95.157 1.593728
96.168 1.488384
97.188 1.267704
98.198 1.948032
99.199 1.5858
100.2 1.794816
101.245 1.35072
102.247 1.652544
103.254 1.495632
104.256 1.480768
105.272 2.013696
106.273 2.123136
107.291 1.224104
108.301 2.07936
109.302 1.980864
110.311 0.099736
112.952 5.01484
113.991 1.948032
115.001 0.977144
116.021 1.105344
117.032 0.526576
118.051 0.32832
120.361 2.374072
121.362 1.69632
122.372 1.14204
123.381 1.324224
124.393 1.540296
125.401 1.572192
126.411 1.53204
127.412 1.05372
128.42 0.707552
129.45 0.350208
130.451 0.21888
131.465 0.186048
132.486 0.043776
134.585 0.747616
135.636 0.142272
136.676 0.240768
137.725 0.120384
139.155 0.076608
141.462 0.175104
143.774 0.066848
144.944 0.229824
145.955 0.203976
147.004 0.196992
148.044 0.109248
149.384 0.120384
150.404 0.076608
179.275 0.010944
180.868 0.021888
182.23 0.043776
183.369 0.032064
184.389 0.051792
185.564 0.009016
186.865 0.05472
188.384 0.05472
189.723 0.043776
190.766 0.043776
191.846 0.065664
192.987 0.065664
194.403 0.03248
195.565 0.05472
196.645 0.065664
197.864 0.043776
198.903 0.05472
200.044 0.05472
201.204 0.05472
202.26 0.05472
203.363 0.05472
204.462 0.047736
205.902 0.043776
207.223 0.076608
208.361 0.05472
209.501 0.05472
