0 0.986408
1.029 1.658576
2.2 1.49652
3.21 0.766504
4.41 0.537352
5.509 0.56948
6.52 0.339264
7.58 0.187056
8.709 0.694936
9.72 0.87244
10.85 1.263056
11.855 0.724568
12.859 0.952944
13.889 0.728368
14.94 0.928424
15.96 0.905376
16.969 0.908912
17.97 0.843968
18.971 0.985264
20.14 1.261744
21.23 1.423264
22.239 1.651088
23.269 0.926424
24.379 1.224208
25.519 1.331808
26.638 1.016
27.658 0.869192
28.659 0.71104
29.858 0.643544
30.878 0.59888
31.968 0.58488
32.978 0.65724
34.028 1.148232
35.037 1.160032
36.047 1.05108
37.062 1.314008
38.107 1.251232
39.117 1.381952
40.297 1.294144
41.307 1.241224
42.327 1.373568
43.337 1.05
44.357 1.336616
45.457 1.580816
46.477 0.96024
47.487 1.441864
48.687 1.569928
49.827 1.487432
50.837 1.582696
52.017 1.035032
53.087 1.36528
54.097 0.916416
55.177 1.206416
56.337 1.097992
57.357 0.993344
58.367 0.914984
59.377 0.807552
60.383 0.67912
61.397 0.918832
62.576 0.731832
63.577 0.785048
64.587 0.924696
65.597 0.987536
66.598 1.113232
67.767 1.480024
68.946 1.385432
69.947 1.04564
70.957 0.989672
71.967 0.879432
73.156 0.988912
74.166 0.692664
75.177 1.038936
76.376 1.08472
77.397 0.657488
78.416 0.617592
79.516 0.708056
80.525 0.606328
81.526 0.670608
82.536 0.724976
83.635 0.72528
84.645 0.447536
85.655 0.356568
86.657 0.32832
87.665 0.286776
88.675 0.359024
89.685 0.426816
90.694 0.308224
91.697 0.295384
92.744 0.173168
93.795 0.240768
94.824 0.20792
95.845 0.186048
96.914 0.186048
97.924 0.142808
98.934 0.21888
99.944 0.205624
101.014 0.251712
102.034 0.098496
103.404 0.10944
104.513 0.069008
105.684 0.076608
106.723 0.098496
107.853 0.065664
109.063 0.087552
110.153 0.05472
111.193 0.021888
112.233 0.031232
115.333 0.05472
116.562 0.087552
117.612 0.142272
118.691 0.142272
119.752 0.201112
120.782 0.251712
121.861 0.10956
122.862 0.142272
123.872 0.16416
124.902 0.117776
125.922 0.16416
126.981 0.142272
128.012 0.115704
129.062 0.131328
130.071 0.120384
131.082 0.131328
132.091 0.175104
133.141 0.13492
134.361 0.131328
135.381 0.142272
136.451 0.153216
137.471 0.175104
138.541 0.116352
139.551 0.16416
140.591 0.16416
141.672 0.131568
142.711 0.186048
143.734 0.240768
144.749 0.262648
145.759 0.207544
146.81 0.175104
147.919 0.087552
148.929 0.010944
151.459 0.187096
152.689 0.032832
154.057 0.032832
155.167 0.076608
156.237 0.032832
157.617 0.021888
159.017 0.131072
169.14 0.466848
176.845 0.912992
177.852 1.417512
178.862 1.364216
179.863 0.874136
181.042 1.282568
182.252 1.297424
183.402 0.988368
184.422 0.946888
185.622 1.130368
186.632 0.961984
187.633 1.052792
188.642 1.198904
189.771 1.354168
190.88 1.172896
191.881 1.358024
192.891 1.630344
194.06 1.369528
195.07 0.966344
196.071 0.875112
197.072 1.30344
198.09 0.939456
199.091 1.079608
200.11 1.126128
201.34 1.336176
202.341 1.354768
203.5 1.300856
204.51 1.38676
205.511 1.324384
206.519 1.251768
207.52 0.917592
208.521 1.123928
209.53 1.23656
