0 1.215736
1.01 0.771872
2.02 0.940952
3.04 1.137176
4.041 1.19416
5.05 0.940672
6.07 0.942032
7.09 0.897792
8.11 0.637664
9.21 0.802488
10.23 0.87508
11.25 0.553496
12.28 0.703168
13.31 0.155504
14.36 0.443248
15.37 0.81136
16.38 0.87476
17.401 1.578408
18.41 1.423976
19.53 1.511728
20.54 1.239776
21.61 1.554328
22.68 1.517784
23.81 1.443912
24.91 1.556032
25.94 1.793424
26.98 1.079304
28.05 1.32412
29.09 1.430352
30.091 1.486552
31.092 1.425128
32.1 1.609392
33.26 1.580824
34.27 1.57804
35.29 1.507272
36.3 1.464056
37.361 1.426784
38.47 1.841776
39.64 1.60828
40.641 1.378688
41.642 1.158736
42.74 1.186512
43.8 0.993416
44.809 0.61472
45.819 0.487968
46.82 0.572616
47.95 1.30876
48.961 1.527688
49.999 1.357912
51.0 1.494936
52.009 1.350104
53.05 1.582688
54.058 1.129392
55.068 0.668416
56.088 0.953064
57.118 1.537816
58.119 1.561344
59.269 1.928104
60.278 2.375664
61.288 1.69504
62.428 1.679096
63.437 1.566856
64.467 1.780088
65.647 1.743968
66.648 1.560632
67.767 1.811816
68.768 1.760768
69.806 1.46512
70.936 1.169352
71.945 1.277952
72.946 1.773136
73.957 1.359368
75.085 1.3434
76.086 1.358856
77.095 1.274248
78.096 1.321336
79.175 1.08012
80.185 1.462264
81.186 1.221072
82.216 1.135688
83.225 1.149696
84.226 0.943664
85.305 1.523576
86.306 1.277976
87.315 1.235288
88.325 0.948568
89.335 1.100776
90.425 1.300384
91.525 1.095432
92.646 1.212528
93.764 0.943168
94.774 0.8928
95.904 0.705816
96.927 0.60068
97.934 0.631104
98.944 0.633312
99.955 0.65836
100.964 0.702144
101.974 0.918608
103.034 1.109128
104.044 0.92704
105.054 0.858528
106.064 0.81388
107.073 0.240768
108.184 0.131072
109.188 0.544496
110.202 0.802192
111.382 0.92596
112.391 0.339264
113.411 0.191056
114.634 0.943008
115.642 0.944352
116.643 0.944136
117.651 1.359328
118.653 1.096256
119.751 1.082088
120.761 0.931984
121.833 1.000344
122.962 0.76984
123.963 0.615848
124.981 0.383704
126.001 0.139528
127.021 0.32832
128.041 0.213232
129.061 0.2736
130.101 0.20136
131.121 0.207936
132.161 0.065664
133.601 0.152576
134.61 0.5472
135.62 0.216184
136.649 0.05472
137.69 0.021888
139.03 0.2846
140.048 0.712704
141.05 0.87544
142.07 1.000136
143.08 0.535752
144.09 0.555112
145.13 0.920904
146.19 1.039928
147.29 0.6716
148.3 0.774328
149.46 1.020464
150.53 1.025912
151.6 0.90724
152.66 0.812248
153.67 0.691384
154.89 0.777016
155.9 1.099016
157.052 1.429808
158.19 1.241656
159.2 1.15836
160.201 0.859
161.37 0.805296
162.38 0.768928
163.381 0.524784
164.382 0.60708
165.39 0.801024
166.4 0.91728
167.41 0.728224
168.471 0.628168
169.48 0.548592
170.49 0.426816
171.529 0.15716
172.54 0.284544
173.55 0.256432
174.569 0.240768
175.57 0.209408
176.642 0.306432
177.66 0.20464
178.73 0.229824
179.789 0.21888
180.79 0.31316
181.8 0.329056
182.837 0.521944
183.879 0.873016
184.88 0.503312
185.89 0.32832
186.899 0.232608
188.019 0.032832
189.643 0.459648
190.65 0.691592
191.659 0.51956
192.759 0.47652
193.88 0.363592
194.959 0.207936
196.009 0.087552
197.089 0.098496
198.2 0.115864
199.239 0.43776
200.24 0.589096
201.429 0.50304
202.43 0.350208
203.449 0.472336
204.459 0.605704
205.599 0.361152
206.642 0.2482
207.669 0.372096
208.689 0.306432
209.709 0.410136
