0 0.05472
1.14 0.032832
1.702 2.806208
2.752 2.889216
3.753 2.083904
4.763 2.040128
5.764 2.210688
6.772 1.865024
7.773 2.280896
8.782 2.834496
9.783 2.116736
10.792 2.718656
11.793 2.554496
12.794 2.62016
13.822 2.95488
14.823 2.554496
15.824 2.554488
16.832 2.412224
17.853 2.631104
18.872 2.812608
19.882 2.598272
20.884 2.040128
21.892 2.379392
22.902 2.714112
23.903 2.488832
24.912 2.62016
25.922 2.248064
26.932 2.145024
27.942 1.996352
28.943 2.215232
29.952 2.670336
30.953 2.576384
31.954 2.335616
32.962 2.313728
33.972 2.593728
34.973 2.23712
35.982 2.204288
36.992 2.320128
37.993 2.29184
39.002 2.718656
40.012 2.663936
41.022 2.609064
42.023 2.593728
43.032 1.05532
44.042 2.808928
45.052 2.503464
46.053 2.379392
47.061 2.642048
48.062 2.554496
49.063 2.539008
50.082 2.56544
51.083 2.56544
52.092 2.390336
53.101 2.582784
54.102 2.7296
55.103 2.718656
56.111 2.488832
57.112 2.642048
58.113 2.762432
59.132 2.998656
60.148 2.445056
61.151 2.466944
62.152 2.609216
63.162 2.576384
64.431 2.692224
65.432 2.40128
66.452 2.67488
67.462 2.521664
68.463 2.440512
69.472 2.226176
70.481 2.12768
71.482 2.576376
72.591 2.4624
73.592 2.29184
74.601 2.34656
75.602 2.740544
76.682 2.79072
77.683 2.423168
78.691 2.149568
79.692 2.1888
80.701 1.58048
81.722 1.455552
82.723 1.41632
83.741 1.214784
84.751 1.153664
85.959 1.47744
86.961 1.79936
88.061 2.101248
89.062 1.996352
90.071 2.265408
91.091 1.996352
92.092 1.897856
93.101 2.090304
94.111 1.777472
95.121 2.259008
96.201 2.342016
97.202 2.30276
98.203 2.2262
99.215 2.429568
100.221 2.083904
101.223 2.248064
102.241 2.495232
103.242 1.886912
104.261 2.138624
105.271 2.692224
106.282 2.390344
107.291 2.269952
108.301 1.996352
109.321 2.331072
110.331 2.083904
111.332 1.86048
112.341 1.886912
113.361 1.668032
114.401 2.528064
115.411 2.226176
116.421 2.280896
117.431 2.440512
118.432 1.85408
119.441 2.269952
120.451 2.418624
121.452 2.1824
122.461 2.23712
123.462 2.331072
124.471 2.07296
125.491 2.171456
126.501 2.385792
127.502 2.094848
128.51 2.07296
129.511 2.466944
130.571 2.615616
131.572 2.269952
132.581 2.193344
133.59 2.440512
134.591 2.160512
135.592 2.062016
136.601 2.210688
137.611 1.996344
138.621 2.029184
139.63 2.123136
140.631 1.96352
141.632 2.34656
142.641 2.746944
143.642 2.390336
144.651 2.204288
145.671 2.29184
146.72 1.991808
147.721 1.875968
148.73 2.145024
149.741 1.897856
150.751 2.160512
151.758 2.418624
152.761 2.23712
153.77 1.657088
154.88 1.116288
155.89 1.03968
156.91 0.131072
158.113 2.270208
159.119 1.9152
160.149 1.460096
161.151 1.105344
162.159 1.000448
163.189 1.53216
164.199 1.602368
165.219 1.718208
166.22 1.214784
167.229 1.164608
168.23 2.07936
169.239 1.996352
170.249 1.96352
171.25 2.265408
172.259 1.79936
173.269 1.882368
174.279 1.14272
175.299 1.050624
176.312 1.061568
177.319 1.06612
178.339 0.98496
179.349 1.061568
180.359 0.858176
181.369 0.787968
182.389 0.634752
183.409 0.71136
184.419 0.689472
185.429 0.453248
186.461 0.536256
187.469 0.60192
188.489 1.006848
189.499 0.967616
190.509 1.225728
191.53 1.357056
192.539 1.088
193.549 1.357056
194.559 1.263104
195.6 1.729152
196.609 1.678976
197.619 2.166912
198.629 1.865024
199.63 2.057472
200.639 1.547648
201.648 1.521216
202.649 0.97856
203.659 0.963072
204.668 0.623808
205.698 0.481536
206.739 0.426816
207.748 0.387584
208.799 0.919296
209.819 0.777024
