0 1.302336
1.008 1.25856
2.029 1.077056
3.048 1.14912
4.058 1.14912
5.068 0.989504
6.088 1.247616
7.098 1.346112
8.106 1.153664
9.118 1.236672
10.128 0.514368
11.148 0.737792
12.157 0.667584
13.177 0.404928
14.198 0.186048
15.238 0.207936
16.257 0.142272
17.327 0.131328
18.347 0.087552
20.801 0.623808
21.838 0.284544
22.857 0.289088
24.427 0.21888
25.487 0.207936
26.507 0.207936
27.537 0.229824
28.598 0.16416
29.627 0.175104
30.647 0.184704
31.657 0.187392
32.687 0.317376
33.718 0.207936
34.757 0.262656
35.787 0.207936
36.807 0.27104
37.817 0.298048
38.887 0.135872
40.047 0.087552
41.157 0.032832
57.409 0.645696
58.439 0.536256
59.449 0.196992
60.459 0.744192
61.469 1.03328
62.559 1.25856
63.569 0.963072
64.579 0.481536
65.669 0.2736
66.689 0.38756
67.719 0.777024
68.749 0.689472
69.759 0.634752
70.779 0.569088
71.79 0.393984
72.799 0.135896
73.889 0.10944
75.009 0.306432
76.029 0.229824
79.89 2.418624
80.909 0.464192
82.128 1.761984
83.129 1.821248
84.13 2.35296
85.138 1.843136
86.139 1.788392
87.329 0.700416
88.389 0.284544
89.429 0.21888
90.458 0.393984
91.468 0.93024
92.469 0.792536
93.478 0.525312
94.488 0.32832
95.498 0.491776
96.508 0.416576
97.509 0.558144
98.528 0.580032
99.538 0.376632
100.558 0.262656
101.589 0.196992
102.598 0.175104
103.617 0.10944
104.618 0.43776
105.677 0.043776
106.737 0.043776
107.808 0.098496
113.167 1.488384
114.168 0.350208
115.427 0.343808
116.448 0.525312
117.458 0.448704
118.467 0.426816
119.468 0.306432
120.497 0.240768
121.508 0.295488
122.537 0.207936
123.557 0.317376
124.588 0.234368
125.618 0.262656
126.657 0.262656
127.688 0.393984
128.708 0.525312
129.737 0.306432
130.747 0.350208
131.787 0.438272
132.788 0.491968
133.807 0.365696
134.808 0.5472
135.817 0.5568
136.837 0.548544
137.848 0.568384
138.867 0.526016
139.897 0.420416
140.898 0.415872
141.907 0.393984
142.947 0.317376
143.977 0.404928
144.987 0.131072
149.296 1.32448
150.327 0.234368
151.377 0.21888
152.417 0.229824
153.438 0.240768
154.447 0.317376
155.457 0.481536
156.477 0.415872
157.497 0.536256
158.517 0.514368
159.518 0.475136
160.537 0.536256
161.568 0.5472
162.587 0.569088
163.597 0.536256
164.617 0.5472
165.627 0.387584
166.807 0.503424
167.827 0.481536
168.847 0.525312
169.857 0.470848
170.897 0.349952
171.917 0.273856
172.937 0.15296
174.097 0.076608
177.087 0.442304
178.368 0.065664
179.427 0.131072
180.508 0.208192
181.585 0.229824
182.607 0.306432
183.637 0.2736
184.667 0.16416
185.777 0.087552
186.788 0.131328
187.797 0.240768
188.857 0.284544
190.167 0.21888
191.187 0.153216
192.627 0.86912
193.649 1.061568
194.668 1.160064
195.677 0.967616
196.707 1.03968
197.717 0.853632
198.728 0.93024
199.737 1.077056
200.738 1.368
201.747 0.886464
202.757 0.475136
203.787 0.393984
204.807 0.700416
205.817 1.247616
206.828 0.787968
207.829 0.354752
208.837 0.196992
209.917 0.15296
