0 1.214752
1.001 1.893312
2.012 1.6416
3.21 0.941184
4.211 0.325032
8.22 5.454272
9.38 1.499328
10.381 1.804256
11.572 1.871424
12.581 1.914568
13.582 1.79936
14.592 1.575936
15.611 0.955768
16.62 1.03968
17.63 1.007
18.64 1.926144
19.641 1.335008
20.642 1.893312
21.661 1.389888
22.671 0.936144
23.68 1.204984
24.78 1.58688
25.791 0.949072
26.8 1.56072
28.0 0.853632
29.001 1.791528
30.002 2.045096
31.011 1.6304
32.034 1.89092
33.051 1.925848
34.061 1.543104
35.071 0.53108
36.151 1.291392
37.152 1.474008
38.161 1.466176
39.181 1.543104
40.19 1.291024
41.191 1.46116
42.192 1.401872
43.2 1.455664
44.201 1.638208
45.261 1.75104
46.271 0.907688
47.281 1.291392
48.3 0.90984
49.301 1.0944
50.31 0.841296
51.311 0.897408
52.321 0.871704
53.332 1.006848
54.351 1.14912
55.372 1.108888
56.373 1.25856
57.374 1.389888
58.381 1.186456
59.391 1.302336
60.411 1.302336
61.412 1.1154
62.438 1.663488
63.441 1.14384
64.461 1.289704
65.532 1.53216
66.533 1.179496
67.541 1.083456
68.551 1.03968
69.561 0.919296
70.571 0.695544
71.572 0.853632
72.581 0.93024
73.592 0.713464
74.601 0.908352
75.621 0.886464
76.641 0.963072
77.642 1.028736
78.652 0.553416
79.654 0.722304
80.681 1.294416
81.781 0.941184
82.821 0.744192
83.841 0.521968
84.861 0.755136
85.871 0.457696
86.951 0.393984
87.952 0.5472
88.961 1.229344
89.963 1.787864
90.974 1.329528
91.981 1.654104
92.994 1.926144
94.002 1.305104
95.011 1.611608
96.012 2.068416
97.021 1.429144
98.022 1.857368
99.042 1.356288
100.043 1.772928
101.062 1.281472
102.063 1.411776
103.072 1.127232
104.082 0.943104
105.191 1.214784
106.211 1.236672
107.212 0.838264
108.241 1.006848
109.242 0.667584
110.252 0.683488
111.262 1.66096
112.342 2.090304
113.352 1.546784
114.354 0.606376
115.371 0.514368
116.374 2.04748
117.382 1.604384
118.392 1.202976
119.402 1.302336
120.412 1.7382
121.415 1.40428
122.422 1.211744
123.425 1.07212
124.435 1.153008
125.442 1.570088
126.452 2.265408
127.454 1.873216
128.462 1.87544
129.473 1.809424
130.482 1.892016
131.512 2.155968
132.513 1.412888
133.532 0.481536
134.542 0.93024
135.543 1.399776
136.562 1.171008
137.572 0.700416
138.592 0.569088
139.602 0.80152
140.612 1.269504
141.642 0.722304
142.652 0.729936
143.862 0.514368
144.882 0.864576
145.892 0.897408
146.932 0.317376
147.942 0.372096
148.952 0.2736
150.022 0.17976
151.032 0.21888
152.042 0.240768
153.052 0.295488
154.093 0.306432
155.102 0.240768
156.132 0.021888
165.798 0.10944
166.818 0.10944
167.848 0.10944
168.921 0.087552
170.068 0.098496
171.138 0.087552
186.051 1.428248
187.417 1.326136
188.512 2.262832
189.542 2.493736
190.571 2.109448
191.639 2.309184
192.647 1.372704
193.657 2.926592
194.658 2.615616
195.667 2.423168
196.677 1.79936
197.687 2.276352
198.697 2.204288
199.707 2.521664
200.709 2.477888
201.717 2.232576
202.726 2.149568
203.727 2.882816
204.737 2.248064
205.757 2.539008
206.758 1.886912
207.766 1.980864
208.767 3.254912
209.777 3.254912
