0 1.75104
1.02 1.843136
2.021 2.379392
3.04 2.768832
4.041 2.56544
5.042 2.685824
6.05 2.215232
7.06 0.87552
8.09 0.470592
9.18 0.415872
10.402 2.412224
11.41 2.105792
12.411 1.729152
13.42 1.580488
14.433 1.882368
15.44 1.74464
16.441 2.309184
17.45 2.12768
18.46 2.127656
19.462 1.849536
20.47 1.56956
21.48 1.181952
22.481 1.192896
23.49 0.628352
24.56 0.963072
25.57 0.941184
26.58 0.733248
27.603 0.661184
28.609 0.853632
29.64 0.755136
30.67 0.995904
31.679 0.518912
32.72 1.42272
33.739 0.525312
35.85 1.164608
36.851 1.368
37.86 1.685376
38.88 0.825344
39.89 0.842688
40.999 1.083456
42.01 1.3616
43.011 1.521216
44.02 0.645696
45.042 0.32192
46.319 0.536256
47.333 0.974016
48.341 0.93024
49.363 0.86912
50.37 0.76608
51.379 0.678528
52.39 0.798912
53.399 1.109888
54.409 1.42272
55.41 0.667584
56.43 0.831744
57.431 0.781544
58.45 1.127232
59.459 1.400832
60.46 1.722776
61.469 1.996352
62.47 2.002752
63.479 1.821248
64.48 2.210688
65.481 1.985408
66.489 1.711528
67.737 2.440768
68.739 2.00732
69.74 2.029176
70.759 2.331072
71.76 2.357504
72.779 2.105792
73.78 2.396736
74.789 1.821248
75.79 2.051072
76.799 2.210688
77.8 1.68992
78.809 2.29824
79.819 2.094848
80.82 1.930688
81.829 2.374848
82.83 2.01824
83.839 2.083904
84.849 2.637504
85.85 2.499776
86.851 2.302784
87.859 2.445056
88.86 2.342016
89.869 1.996352
90.87 1.832192
91.921 1.324224
92.929 1.521216
93.949 1.733696
94.95 1.761984
95.959 1.9088
96.96 1.843136
97.969 1.80576
98.97 2.335616
99.979 2.149416
101.089 2.51712
102.108 1.361752
103.11 1.9152
104.121 2.324672
105.139 2.937536
106.14 2.34656
107.149 1.740096
108.15 1.427264
109.169 1.794816
110.179 2.269952
111.18 2.62016
112.189 2.199744
113.198 1.68992
114.199 1.357056
115.218 0.989504
116.239 1.181952
117.24 0.251712
118.329 0.032832
119.499 2.357504
120.508 2.101248
121.518 2.062016
122.52 1.85408
123.818 2.199744
124.828 1.96352
125.848 2.40128
126.878 2.692224
127.888 2.138624
128.89 2.521664
129.898 3.0032
130.908 3.397184
131.909 2.89376
132.918 2.692224
133.919 2.390336
134.928 2.1824
135.938 2.272672
136.948 2.558176
137.949 2.554504
138.957 2.083904
139.958 2.101248
140.967 2.23712
141.968 2.105792
142.977 2.703168
143.978 3.32512
145.108 3.38624
146.109 2.637504
147.117 2.554496
148.118 3.627008
149.119 2.970368
150.128 3.791168
151.129 3.970816
152.147 4.601024
153.148 3.648896
154.157 2.335616
155.158 3.38624
156.168 4.349312
157.169 4.382144
158.17 2.423168
159.177 3.178232
160.179 3.57236
161.18 4.299136
162.187 4.086656
163.198 3.955328
164.207 3.265856
165.208 4.955776
166.298 4.239872
167.299 4.852736
168.3 4.386688
169.301 4.020992
170.302 3.046976
171.307 2.379392
172.357 2.95488
173.367 0.131072
179.582 0.190848
182.531 2.495232
183.532 3.49568
184.533 3.839488
185.551 4.31648
186.552 5.170112
187.553 4.76972
188.561 4.414976
189.562 4.408576
190.563 4.721408
191.564 4.977664
192.651 4.53536
193.661 4.688576
194.662 3.883264
195.721 4.48064
196.732 5.148224
197.733 3.76288
198.741 4.228928
199.746 4.272704
200.751 4.331968
201.753 5.148224
202.754 4.890112
203.755 5.257664
204.761 5.010496
205.762 5.804864
206.763 4.922944
207.764 4.951232
208.765 3.32512
209.791 4.798016
