0 3.202808
1.001 3.902768
2.049 3.177304
3.06 3.683464
4.219 3.229008
5.22 3.490168
6.221 2.217568
7.229 2.193728
8.231 2.827984
9.249 3.710016
10.25 2.12772
11.251 3.011056
12.259 2.44252
13.279 3.139928
14.28 4.477352
15.45 3.4716
16.451 3.603744
17.452 4.077272
18.46 4.066352
19.461 3.258976
20.55 3.336208
21.551 2.725056
22.561 2.078328
23.562 2.502064
24.71 3.44736
25.711 1.482272
26.72 2.213448
27.85 2.659392
28.86 2.009176
29.861 2.783536
30.863 2.287296
31.873 0.875208
32.953 2.068416
33.954 2.002008
34.958 1.69632
35.962 1.58688
36.963 1.775576
37.973 2.225048
38.983 1.86948
39.993 1.995896
40.994 2.056304
41.995 1.874368
43.002 2.35296
44.004 2.014128
45.013 2.328112
46.022 2.370296
47.023 2.39052
48.024 2.536056
49.032 3.217536
50.039 2.899208
51.041 3.782216
52.211 2.746944
53.221 2.759888
54.38 2.689216
55.621 2.604672
56.622 3.006024
57.77 3.554648
58.78 3.575952
59.784 3.56888
60.785 2.965464
61.8 1.9914
62.969 2.528064
63.97 2.608368
64.971 1.57892
65.979 3.250016
66.98 3.745128
67.99 3.804168
68.991 3.23788
70.0 3.219096
71.001 3.387904
72.028 3.535768
73.029 3.463224
74.038 2.785624
75.048 3.524608
76.049 3.628504
77.05 4.70592
78.052 2.769536
79.759 6.683656
80.768 2.396736
81.769 2.309184
82.778 2.458328
83.779 3.414528
84.78 3.315768
85.783 4.075368
86.788 3.690632
87.789 3.897928
88.79 3.33792
89.798 2.4144
90.799 4.016448
91.801 3.999408
92.81 3.545856
93.811 0.131072
95.014 6.709768
96.028 2.440512
97.034 2.616008
98.04 3.010704
99.041 2.856384
100.049 2.136392
101.05 2.155968
102.058 2.057472
103.068 1.743184
104.069 3.355032
105.071 3.311344
106.079 2.854728
107.129 2.88344
108.269 3.04308
109.279 2.836416
110.339 2.976872
111.409 2.981752
112.499 2.669088
113.558 2.641504
114.559 2.756248
115.589 2.647864
116.598 3.097016
117.599 3.093672
118.688 3.464056
119.714 2.791256
120.719 3.254632
121.72 3.847112
122.721 3.6616
123.723 4.467736
124.929 0.207936
126.13 6.492776
129.648 1.991808
130.649 2.503728
131.65 2.648624
132.659 2.782552
133.66 2.614776
134.667 2.030304
135.677 2.593728
136.678 1.934792
137.687 2.396736
138.689 1.864048
139.696 2.265408
140.697 1.183896
141.711 2.177856
142.715 2.457288
143.716 3.0274
144.735 2.753672
145.875 2.244296
146.935 2.33108
148.055 2.64212
149.076 3.764704
150.078 3.540936
151.096 3.414752
152.097 3.109608
153.098 2.52232
154.205 2.803328
155.295 2.418624
156.305 1.755392
157.315 1.728056
158.325 1.904256
159.334 1.477024
160.345 2.418624
161.346 1.024688
162.355 2.648448
163.356 2.329312
164.365 2.536976
165.366 2.429568
166.367 2.031232
167.375 2.172072
168.385 2.099448
169.485 1.543104
170.494 1.362376
171.495 1.783872
172.496 1.608464
173.515 1.6416
174.524 1.499328
175.527 1.447576
176.534 2.210688
177.535 2.335296
178.536 2.363904
179.555 1.925184
180.557 2.604672
181.558 2.51596
182.567 2.325264
183.578 3.33792
184.588 2.812384
185.798 2.351864
186.811 2.17588
188.018 2.35356
189.028 1.827648
190.047 0.522568
191.057 1.171008
192.058 1.640264
193.067 1.366952
194.068 1.612248
195.098 1.302336
196.139 1.899336
197.147 1.561296
198.237 1.926144
199.247 1.772928
200.248 1.969336
201.256 2.1888
202.257 1.816704
203.266 1.576616
204.267 2.07936
205.276 1.649264
206.277 1.624296
207.286 2.29824
208.287 1.603648
209.307 2.112192
