0 0.634752
1.019 0.333664
2.041 0.426816
3.05 0.8154
4.07 1.494136
5.08 1.52132
6.17 1.262296
7.18 1.145968
8.19 1.001648
9.2 0.77972
10.26 0.947696
11.441 1.801376
12.448 1.338752
13.479 1.693624
14.588 1.63276
15.589 1.175744
16.598 1.739624
17.607 0.787968
18.608 0.676448
19.617 0.766232
20.618 1.12416
21.627 0.615728
22.667 0.533312
23.676 0.971128
24.687 1.383976
25.697 1.468592
26.736 0.691144
27.745 0.87552
28.755 0.463776
29.765 0.62532
30.785 0.580032
31.795 0.433032
32.804 0.459648
33.824 0.514368
34.844 0.562896
35.867 0.8208
36.874 0.973264
38.103 1.160064
39.104 0.80244
40.114 1.183032
41.124 0.802592
42.133 0.963512
43.343 0.941184
44.353 0.66276
45.363 0.560464
46.373 0.576048
47.383 0.798912
48.393 0.600616
49.394 0.638728
50.434 0.22788
51.703 0.525312
52.713 0.44712
53.734 0.612864
54.743 0.467736
55.753 0.507424
56.783 0.580032
57.793 0.463216
58.822 0.590976
59.843 0.405064
60.872 0.525312
61.902 0.45724
62.912 0.510592
63.922 0.579344
64.932 0.61244
66.051 0.809184
67.052 0.880432
68.211 1.15776
69.212 0.798152
70.221 1.028736
71.313 1.321648
72.321 1.311784
73.341 1.323208
74.351 1.369624
75.361 1.417424
76.37 1.23428
77.371 1.273512
78.379 1.203816
79.38 1.254136
80.39 1.088048
81.398 0.892768
82.409 1.052648
83.41 0.997616
84.428 0.707224
85.448 1.099784
86.648 1.066584
87.668 1.13336
88.678 1.017864
89.688 1.141584
90.717 1.058904
91.718 1.031832
92.729 1.22828
93.908 1.286608
95.108 0.8208
96.137 0.131072
103.955 0.415304
105.41 0.393984
106.45 0.043776
108.61 0.120384
110.812 0.415872
111.814 0.229824
112.97 0.120384
114.149 0.381656
115.159 0.580032
116.17 0.387688
117.179 0.5472
118.209 0.45676
119.219 0.634752
120.231 0.45624
121.248 0.44652
122.258 0.49248
123.288 0.240768
124.289 0.38304
125.308 0.19272
126.327 0.339264
127.347 0.38304
128.356 0.462488
129.357 0.413928
130.367 0.426816
131.396 0.488576
132.405 0.448704
133.435 0.448704
134.466 0.39444
135.485 0.558144
136.486 0.530488
137.696 0.49248
138.716 0.514368
139.755 0.389304
140.765 0.558144
141.785 0.612864
142.796 0.483016
143.806 0.634752
144.835 0.44668
145.896 0.569088
146.915 0.569088
147.935 0.421488
148.945 0.514368
149.965 0.525312
150.995 0.582952
152.205 0.5472
153.215 0.60192
154.235 0.527784
155.255 0.744192
156.285 0.76608
157.294 0.540288
158.316 0.722304
159.324 0.566288
160.325 0.722304
161.344 0.585656
162.353 0.8208
163.374 0.566648
164.383 0.700416
165.403 0.586416
166.413 0.612864
167.454 0.673992
168.573 0.689472
169.583 0.722272
170.593 0.566888
171.704 0.67232
172.712 0.667584
173.722 0.481096
174.732 0.612864
175.762 0.292496
176.852 0.65664
177.862 0.569272
178.872 0.65664
179.922 0.65664
180.924 0.442744
181.952 0.590976
182.962 0.520056
184.002 0.71136
185.012 0.667584
186.032 0.201472
188.462 0.514368
189.492 0.175104
190.622 0.076608
