0 1.366928
1.011 1.250192
2.342 1.36888
3.349 1.342096
4.35 1.078664
5.48 1.312224
6.481 1.288888
7.482 1.33744
8.49 1.248416
9.7 1.379256
10.709 1.326192
11.939 1.338168
12.95 1.398088
13.958 0.859584
15.009 1.381352
16.018 1.09848
17.238 1.362376
18.239 1.253856
19.438 1.405512
20.439 1.160288
21.589 1.349632
22.59 1.364152
23.591 1.310768
24.599 1.482104
25.609 1.34652
26.63 1.390248
27.631 1.113904
28.649 1.482576
29.669 0.953848
30.749 1.249192
31.918 1.363456
32.929 1.364016
33.93 1.407656
34.938 1.083176
35.939 1.406528
37.319 0.969144
38.538 0.404928
39.539 0.334456
40.558 1.101592
41.718 1.163784
42.839 1.138872
43.848 1.207304
44.898 1.324952
45.918 1.41192
46.919 1.598728
48.008 1.3568
49.018 1.227632
50.028 1.018672
51.038 0.852136
52.048 0.894696
53.188 0.894584
54.208 0.859056
55.209 0.951528
56.218 1.072248
57.318 1.1274
58.478 1.014136
59.568 1.24452
60.589 1.021288
61.608 1.185528
62.798 0.954744
63.808 0.503112
64.818 0.759552
65.827 0.796688
66.828 0.918216
67.829 0.798864
68.847 0.566896
69.848 0.74456
70.849 0.607736
71.857 0.699
72.868 0.933552
73.928 0.575432
74.998 0.551
76.007 0.63984
77.017 0.775064
78.018 0.648416
79.027 0.792792
80.108 1.06568
81.117 0.48888
82.139 0.990016
83.357 0.868224
84.358 0.79484
85.527 1.187504
86.538 0.830224
87.558 1.039632
88.658 0.991368
89.797 1.066672
91.007 0.82496
92.027 1.108696
93.028 0.865408
94.03 0.916056
95.037 0.97232
96.038 1.029104
97.057 0.4028
98.607 0.75696
99.608 0.869576
100.617 0.629672
101.627 0.876416
102.807 0.83708
103.808 0.812376
105.128 0.595152
106.157 1.128768
107.167 0.910888
108.217 0.962664
109.427 1.15492
110.428 1.055896
111.557 1.239632
112.558 1.042064
113.637 1.261096
114.867 1.016768
115.868 1.057672
116.885 0.9738
117.887 1.173424
118.888 1.154192
119.897 1.05856
120.898 1.200976
121.899 1.040944
122.909 0.721024
123.927 1.201136
125.097 1.218152
126.187 0.993472
127.188 0.770384
128.197 0.853624
129.417 0.859624
130.426 0.827368
131.427 0.774112
132.437 0.80936
133.567 0.856248
134.569 0.950328
135.587 0.797448
136.597 0.80796
137.607 0.766896
138.668 1.016952
139.896 0.997896
140.897 0.727112
141.996 0.887544
142.997 0.716784
143.998 0.806368
145.007 1.014584
146.127 0.953128
147.128 0.963408
148.137 1.080208
149.147 0.745456
150.157 0.85532
151.26 0.998104
152.266 0.940128
153.267 0.967432
154.297 1.226064
155.305 0.830536
156.306 0.90904
157.345 1.139368
158.446 1.037448
159.456 0.514424
160.575 0.66136
161.585 0.590976
162.586 0.297536
163.595 0.518
164.605 0.448704
165.635 0.421936
166.645 0.393864
167.666 0.262656
168.675 0.147104
170.106 0.10944
171.235 0.610672
172.245 0.54188
173.26 0.336296
174.765 0.448704
175.866 0.748112
176.886 0.949864
178.066 1.058392
179.166 0.982712
180.175 1.44004
181.176 1.111536
182.186 1.156168
183.195 1.034584
184.196 0.820176
185.415 0.764168
186.416 0.878512
187.427 1.294544
188.434 0.912808
189.445 1.280224
190.446 1.122048
191.455 1.076592
192.466 0.917968
193.697 1.103616
194.735 1.107224
195.855 1.102096
196.865 0.76872
197.866 0.964688
198.965 0.878184
199.975 0.503632
200.985 0.608984
201.987 0.506464
203.005 0.444416
204.015 0.511152
205.024 0.425064
206.025 0.790712
207.035 0.767152
208.185 0.6754
209.355 0.372096
