0 0.207744
1.02 0.284544
2.16 0.366728
3.18 0.453312
4.224 0.529168
5.25 0.393984
6.28 0.262656
7.31 0.191712
8.311 0.415872
9.35 0.339264
10.36 0.261832
11.38 0.251712
12.41 0.164496
13.62 0.240768
14.68 0.21888
15.72 0.14928
16.73 0.430496
17.84 0.499208
18.91 0.542288
19.92 0.511224
21.02 0.5472
22.03 0.628368
23.12 0.610376
24.14 0.603776
25.15 0.444192
26.951 0.518872
29.429 0.491504
30.55 0.717608
31.56 0.525488
32.57 0.429984
33.84 0.503776
34.959 0.2736
35.96 0.396936
37.1 0.590976
38.11 0.318672
39.119 0.338824
40.26 0.16416
41.48 0.087552
42.571 0.153216
43.61 0.098496
44.72 0.195736
45.74 0.393984
46.79 0.2048
47.799 0.459648
48.809 0.231568
49.81 0.361152
50.82 0.141512
51.855 0.440768
53.01 0.569896
54.119 0.531256
55.23 0.43776
56.25 0.309464
57.251 0.37184
58.279 0.612248
59.3 0.657472
60.31 0.73608
61.331 0.708528
62.369 0.6304
63.398 0.545368
64.478 0.77148
65.509 0.780752
66.518 0.439472
67.73 0.262656
68.828 0.558392
69.837 0.350208
70.877 0.262656
71.899 0.383624
73.097 0.996136
74.248 0.448704
75.266 0.372096
76.307 0.2758
77.326 0.691616
78.327 0.793288
79.328 1.168272
80.336 0.830856
81.356 1.173448
82.357 0.94544
83.366 1.126904
84.367 1.240544
85.466 1.277232
86.537 1.157016
87.546 1.10236
88.569 1.233336
89.576 1.294376
90.577 1.288488
91.806 1.252152
92.807 1.031656
93.816 1.063704
94.826 0.876536
95.937 1.272496
97.146 1.087912
98.148 0.545736
99.156 0.912584
100.356 1.02172
101.366 1.102392
102.386 0.975176
103.387 0.973024
104.396 0.850792
105.398 1.172464
106.569 1.070024
107.766 1.02168
108.775 0.591616
109.985 1.01632
110.995 0.680888
112.004 0.574304
113.015 0.512864
114.025 0.541016
115.165 0.426816
116.415 0.544192
117.434 0.494104
118.56 0.460712
119.564 0.33464
120.584 0.563048
121.595 0.78944
122.606 0.863952
123.615 0.641272
124.665 0.671712
125.675 0.62368
126.685 0.588848
127.695 0.572496
128.706 0.713952
129.844 0.691792
130.854 0.671744
131.934 0.852856
132.954 0.717992
133.965 0.8136
134.974 0.998704
136.195 0.915512
137.205 0.80788
138.225 1.053184
139.234 0.738144
140.235 1.065592
141.236 0.788424
142.245 1.08332
143.254 0.821528
144.384 0.943008
145.564 1.097568
146.571 0.856584
147.734 1.085728
148.744 1.000248
149.755 0.665096
150.763 0.819432
151.814 0.997648
153.033 0.849
154.042 0.713248
155.072 0.890112
156.313 0.921848
157.423 0.977744
158.532 0.850936
159.542 0.789368
160.752 0.882728
161.762 0.708304
162.802 1.017288
163.812 0.752104
164.813 0.866184
165.822 0.952376
166.832 0.929536
167.882 0.560168
168.932 0.921968
170.002 1.036856
171.062 0.972904
172.063 0.934144
173.312 1.040072
174.313 1.17528
175.322 1.115
176.323 1.348872
177.382 1.661848
178.622 1.259304
179.624 1.337488
180.692 1.517544
181.872 1.186632
182.873 1.273088
183.881 1.023128
184.882 1.045872
185.902 0.905056
186.912 0.915816
187.922 1.088528
188.942 1.094288
189.943 0.836648
190.952 0.9026
192.002 0.862
193.012 0.998336
194.162 0.975744
195.171 0.98524
196.172 1.008584
197.352 1.230936
198.362 0.813008
199.364 1.091664
200.371 0.767768
201.372 1.004528
202.392 1.093096
203.412 1.014848
204.591 1.058384
205.602 0.897512
206.611 0.931664
207.702 1.175608
208.712 1.251216
209.812 1.212208
