0 1.93748
1.001 2.128896
2.002 1.731808
3.021 2.08384
4.031 1.582744
5.141 2.557192
6.321 2.36544
7.322 1.72832
8.521 1.813504
9.522 1.386312
10.531 2.584144
11.672 2.658304
12.681 2.051888
13.683 1.926136
15.003 2.725888
16.011 2.016256
17.012 1.691976
18.021 1.734656
19.022 2.433024
20.102 1.349496
21.112 0.50688
22.34 1.543168
23.352 1.374208
24.363 1.666976
25.413 1.847296
26.463 1.688264
27.623 2.02752
28.624 1.398944
29.633 0.8448
30.653 1.227776
31.665 1.308176
32.873 1.317888
33.874 1.036568
34.893 1.430528
35.904 1.087576
37.214 1.569264
38.224 1.306624
39.225 1.052864
40.234 1.082968
41.235 1.154128
42.254 1.475584
43.255 0.78568
44.376 1.822952
45.377 1.2436
46.41 1.622016
47.424 1.24672
48.434 1.00904
49.454 1.29536
50.464 0.792224
51.465 1.193984
52.475 0.924296
53.477 1.160192
54.485 1.006056
55.486 1.250304
56.505 0.851592
57.875 1.730944
59.016 1.306624
60.026 1.24596
61.056 1.29536
62.057 1.093408
63.066 1.216512
64.076 0.825576
65.086 1.092608
66.096 0.968704
67.117 0.611424
68.137 0.5632
69.147 0.799744
70.167 0.653248
71.477 1.502936
72.478 0.849432
73.615 0.765952
74.617 0.332184
75.637 0.326656
76.668 0.11264
78.078 0.912384
79.108 0.206992
80.138 0.123904
81.598 0.831088
82.758 0.946176
83.759 0.712584
84.779 0.687104
85.799 0.342728
86.819 0.594104
87.829 0.784904
88.839 0.882072
89.84 0.336384
90.91 0.033792
92.24 1.097048
93.43 1.230352
94.44 0.315392
96.01 0.123904
97.18 0.912728
98.411 0.135168
102.904 0.259072
103.934 0.687104
104.935 0.817048
105.945 1.084832
107.524 0.934424
108.644 0.830992
109.756 1.195856
110.875 1.0502
111.955 1.306592
112.965 1.101488
113.975 1.068936
115.185 1.19084
116.205 1.018096
117.265 0.991232
118.266 1.134712
119.267 1.1876
120.276 1.189688
121.286 1.15772
122.486 0.765952
123.487 1.014064
124.496 1.11272
125.497 1.317888
126.508 1.054648
127.517 0.996752
128.628 1.2654
129.737 1.261568
130.747 1.374848
131.958 0.540672
133.328 1.05548
134.378 0.95744
135.379 0.72012
136.399 0.889856
137.418 0.643144
138.438 0.833536
139.499 0.74124
140.518 0.480256
141.999 1.02664
143.029 0.90112
144.044 0.870184
145.059 1.025024
146.069 0.696192
147.769 0.891832
148.83 0.50688
149.85 0.62444
150.96 0.811008
151.97 0.545664
152.971 0.469544
153.98 0.798032
155.11 0.83192
156.111 0.913408
157.121 0.91624
158.131 1.031992
159.132 0.928936
160.341 0.754688
161.342 1.025056
162.361 0.905
163.362 1.079408
164.372 1.04844
165.382 1.023624
166.392 1.099976
167.402 0.921704
168.407 1.007272
169.413 0.439296
170.422 0.968832
171.472 1.036288
172.473 0.57852
173.483 0.270336
174.603 1.110728
175.633 0.540672
176.653 0.540672
177.663 0.568968
179.093 0.78848
180.385 1.284768
181.394 1.150736
182.414 0.931056
183.854 0.922656
184.864 0.953936
185.875 0.990864
186.894 0.998968
188.185 1.040056
189.265 0.878592
190.285 0.891048
191.305 0.864712
192.315 1.030416
193.316 1.226224
194.326 1.137664
195.335 0.585144
196.345 0.66092
197.496 0.540672
200.907 0.11264
202.196 0.698368
203.427 0.033792
205.117 0.011264
206.517 0.011264
208.047 0.022528
