0 1.280448
1.007 0.365696
2.755 1.455552
3.76 1.602368
4.811 1.214784
5.819 1.116288
6.82 0.689472
7.84 0.398528
8.859 0.415872
9.867 0.470592
10.879 0.317376
11.88 1.302336
12.884 1.120832
13.887 0.667584
16.328 2.116736
17.599 1.280448
18.848 1.99636
19.879 2.582784
20.88 2.116736
21.887 2.269952
22.888 2.265408
23.9 1.47104
24.907 1.575936
25.92 0.590976
26.939 0.365696
27.979 0.21888
28.987 0.10944
30.407 0.60192
35.547 2.215232
45.975 1.613696
46.976 1.592896
48.003 0.825344
49.008 1.116288
50.023 1.503872
51.024 2.035584
52.028 1.766528
53.043 2.13408
54.055 1.875968
55.056 2.062016
56.064 2.506176
57.068 2.280896
58.075 2.1824
59.076 2.221632
60.083 1.843136
61.155 2.07296
62.164 2.24352
63.176 2.062016
64.183 2.1824
65.196 2.276352
66.203 1.85408
67.216 2.34656
68.335 2.506176
69.336 2.062016
70.355 2.193344
71.363 2.166912
72.375 1.886904
73.376 2.283616
74.383 2.120416
75.387 2.051072
76.388 2.390336
77.555 2.62656
78.556 2.259008
79.588 2.116736
80.595 2.396736
81.604 2.105792
82.607 2.12768
83.608 2.331072
84.615 1.919744
85.623 2.357504
86.636 2.560896
87.643 2.062016
88.648 2.116736
89.656 2.429568
90.663 1.865024
91.676 1.843136
92.684 2.385792
93.688 2.335616
94.695 1.91972
95.696 2.155968
96.703 1.919768
97.704 2.040128
98.823 1.871424
99.843 1.602368
100.844 1.96992
101.855 1.6352
102.863 1.652544
103.883 1.109888
104.895 1.389888
105.915 1.488384
106.916 0.923848
107.935 0.5472
108.943 0.481536
109.955 0.919296
110.975 1.339712
111.994 1.47744
112.995 0.634752
114.015 0.617408
115.094 1.729152
116.095 1.602368
117.102 2.112192
118.115 1.68992
119.134 1.958976
120.142 1.58048
121.146 2.090304
122.154 1.460096
123.163 1.674432
124.174 1.295936
125.175 1.608768
126.182 1.536704
127.195 2.1888
128.202 1.941632
129.214 1.996352
130.215 1.20384
131.238 1.821248
132.434 1.6416
133.435 1.6352
134.574 1.685376
135.582 1.591424
136.614 1.674432
137.622 1.602368
138.701 1.794816
139.702 1.646144
140.713 0.678528
141.813 1.619712
142.814 1.153664
143.821 1.411776
144.833 1.488384
145.841 1.350656
146.844 1.740096
147.852 1.668032
148.86 1.985408
149.864 2.232576
150.865 1.974464
151.885 2.193336
152.96 2.528064
153.972 1.865024
154.98 2.1824
156.0 2.287296
157.012 1.985408
158.02 1.96992
159.031 1.492928
160.039 1.718208
161.05 1.427264
162.058 1.926144
163.059 1.58048
164.07 1.357056
165.078 1.000448
166.098 0.700416
167.118 2.193344
168.271 2.101248
169.278 1.175552
170.39 1.630656
171.398 1.646144
172.41 1.794816
173.418 1.777472
174.419 1.707264
175.43 1.58048
176.438 1.816704
177.439 1.558592
178.451 1.718208
179.458 1.186496
180.471 0.71136
181.478 0.93024
182.49 1.25856
183.498 0.86912
184.499 0.558144
185.51 0.995904
186.519 1.127232
187.53 0.529856
188.538 0.470592
189.558 0.306432
190.57 0.514368
191.578 1.236672
192.591 0.409472
193.598 1.6416
194.609 1.514816
195.629 1.893312
196.637 1.6352
197.642 1.69632
198.65 1.41632
199.657 1.674432
200.67 1.47744
201.677 1.295944
202.678 0.963072
203.682 0.777024
204.69 1.219328
205.697 1.346112
206.698 1.044224
207.717 1.521216
208.737 1.630656
209.75 1.492928
