0 1.46064
1.001 1.510344
2.011 1.477056
3.02 1.393
4.131 1.389888
5.141 1.25856
6.15 1.361728
7.151 1.512232
8.171 1.80576
9.172 1.739144
10.191 1.704344
11.201 1.930648
12.202 1.771568
13.34 2.221632
14.342 2.270984
15.351 2.13368
16.361 2.024296
17.591 1.80576
18.601 1.624464
19.611 2.363904
20.621 1.838736
21.622 2.090304
22.631 1.2108
23.651 1.663488
24.676 0.721496
25.682 1.0944
26.689 1.247616
27.7 0.798912
28.71 1.524304
29.721 0.949552
30.78 0.755136
31.788 0.5472
32.808 0.370408
33.858 0.525312
34.878 0.43776
35.88 0.5472
36.888 0.448704
37.898 0.131072
39.301 0.901864
40.307 0.756496
41.311 0.853632
42.317 0.564024
43.367 0.5472
44.397 0.558144
45.399 0.476744
46.407 0.65664
47.418 0.6008
48.437 0.49528
49.438 0.722304
50.447 0.943472
51.458 1.0496
52.467 0.7344
53.476 0.459648
54.477 0.297056
55.486 0.83656
56.667 1.09112
57.837 1.105568
58.916 1.087512
59.926 1.252784
60.936 1.247544
61.946 1.115896
63.156 1.389888
64.158 1.309632
65.166 1.277536
66.167 1.163056
67.177 1.135952
68.185 1.113968
69.205 1.460752
70.226 1.232536
71.236 1.269504
72.245 0.628056
73.265 0.864576
74.276 0.66036
75.285 1.302336
76.295 1.105592
77.31 1.192896
78.324 0.536256
79.704 0.488824
80.744 1.006848
81.755 0.978864
82.944 0.952128
83.955 1.095408
84.964 1.400832
85.974 1.22564
86.984 1.147472
88.004 1.321304
89.014 1.366976
90.015 1.274056
91.024 1.450824
92.206 1.323944
93.384 1.417072
94.594 1.444608
95.604 1.043872
96.614 1.035608
97.644 1.236672
98.654 1.088184
100.024 1.03968
101.035 1.25856
102.044 0.971432
103.054 0.87552
104.064 0.721064
105.075 1.488384
106.095 1.104072
107.104 1.597824
108.115 1.171496
109.123 1.064256
110.143 1.554048
111.154 1.42092
112.163 1.231216
113.173 1.03864
114.174 1.368
115.182 1.171192
116.193 1.196
117.202 1.091776
118.222 1.444608
119.233 0.92044
120.234 1.53216
121.242 1.223
122.252 1.275184
123.352 1.411776
124.353 1.02944
125.362 1.102576
126.372 1.21748
127.542 1.105344
128.552 1.214784
129.553 1.098456
130.562 1.510272
131.572 1.123488
132.582 1.357056
133.593 1.036192
134.612 1.145424
135.701 1.455552
136.702 1.444608
137.722 0.657984
138.754 1.324224
139.762 1.30024
140.952 1.444608
141.962 1.15544
143.002 1.324224
144.032 1.17412
145.153 1.20384
146.162 1.104944
147.181 1.291392
148.182 1.146592
149.192 1.794816
150.2 0.877944
151.211 0.689472
152.24 0.580888
153.25 1.280448
154.253 1.057032
155.27 1.218328
156.271 1.747864
157.281 1.333224
158.29 1.386648
159.291 1.40988
160.3 1.761984
161.306 1.379624
162.31 1.365352
163.311 1.611544
164.313 1.505792
165.314 1.838592
166.33 1.439224
167.331 1.718208
168.332 1.495512
169.34 1.663488
170.35 1.410848
171.37 1.491288
172.371 1.364008
173.38 1.893312
174.389 1.902848
175.39 2.155584
176.398 1.94104
177.408 1.838592
178.418 1.58824
179.419 1.948032
180.438 1.547312
181.447 1.403
182.467 1.564992
183.468 1.20744
184.487 1.564992
185.508 1.060168
186.517 1.455552
187.527 1.31328
188.547 0.837616
189.548 1.488384
190.566 1.335424
191.576 1.794816
192.587 1.29408
193.596 1.718208
194.606 1.118224
195.615 1.389888
196.626 1.287472
197.627 1.374048
198.635 1.6864
199.645 1.56552
200.654 1.552792
201.664 1.62704
202.774 1.9152
203.784 1.81512
204.785 1.566576
205.793 1.563432
206.803 1.882368
207.804 1.297856
208.813 2.101248
209.817 1.789144
