0 1.13848
1.219 1.283632
2.22 1.543648
3.229 1.136568
4.23 0.667256
5.239 1.233336
6.249 0.961552
7.26 1.123872
8.269 1.19408
9.329 1.130752
10.339 1.001032
11.369 1.221048
12.529 1.151304
13.62 1.088464
14.629 0.906448
15.647 0.681328
16.649 1.06928
17.659 1.080088
18.789 1.46748
19.79 0.927608
20.8 1.467512
21.819 1.526784
22.829 1.290768
23.899 0.887424
24.999 0.952616
26.009 0.625656
27.019 0.942064
28.188 1.14512
29.189 1.313856
30.209 1.4386
31.219 1.29044
32.22 0.8256
33.299 0.98692
34.308 0.750488
35.309 1.190176
36.32 1.157184
37.328 1.54568
38.329 1.205712
39.339 0.925088
40.369 1.21412
41.449 1.519704
42.628 1.254224
43.638 1.485296
44.788 1.315552
45.839 1.354616
46.846 1.14644
48.017 1.103752
49.018 1.265984
50.027 1.057552
51.037 1.38352
52.258 1.07316
53.398 0.920336
54.406 0.855744
55.476 1.18668
56.567 1.172112
57.576 1.222456
58.577 1.324056
59.705 0.96072
60.707 1.039344
61.726 1.0814
62.915 1.180176
63.925 0.86632
64.935 1.142416
65.936 1.032392
66.937 1.050184
67.945 0.941416
68.955 0.810512
70.064 0.849632
71.065 0.923936
72.084 0.650752
73.094 0.65732
74.114 0.38304
75.144 0.172272
76.184 0.240768
77.205 0.217928
78.334 0.295488
79.374 0.322232
80.394 0.639456
81.534 0.66412
82.624 0.902992
83.645 0.775536
84.654 0.456224
85.674 0.397392
86.744 0.647136
87.834 0.825064
88.845 0.659416
89.855 0.663624
90.955 1.022584
92.055 1.16236
93.191 0.847008
94.204 0.704096
95.226 0.496856
96.334 0.43776
97.353 0.349968
98.383 0.385168
99.403 0.38304
100.443 0.255296
101.453 0.317376
102.472 0.20532
103.473 0.361152
104.483 0.350208
105.525 0.276568
106.533 0.262656
107.543 0.295488
108.563 0.27032
109.663 0.481536
110.684 0.678944
111.693 0.471704
112.704 0.254984
113.723 1.1706
114.835 1.128336
115.844 1.158336
116.854 1.123384
117.864 1.144064
118.883 1.132192
120.064 1.228144
121.066 1.248576
122.073 1.352024
123.083 1.138888
124.084 0.771232
125.113 0.731624
126.114 0.60136
127.332 0.562776
128.412 0.525312
129.442 0.44024
130.452 0.355368
131.462 0.43776
132.472 0.439512
133.482 0.348344
134.492 0.389096
135.582 0.2736
136.622 0.158136
137.722 0.16416
138.723 0.065664
150.318 0.010944
152.677 0.141296
153.747 0.186048
154.757 0.2736
155.762 0.180864
156.797 0.284544
157.817 0.262032
158.828 0.448704
159.837 0.256648
160.868 0.32832
161.878 0.131072
162.982 0.239272
163.987 0.240768
165.056 0.1608
166.348 0.131328
167.398 0.153216
168.416 0.10944
169.477 0.199216
171.837 0.5708
173.406 0.207936
174.497 0.306432
175.537 0.158744
176.564 0.306432
177.567 0.259888
178.586 0.426816
179.606 0.285216
180.616 0.513328
181.716 0.5512
182.717 0.579536
183.726 0.448784
184.736 0.769896
185.757 0.590576
186.758 0.50776
187.797 0.516216
188.806 0.536864
189.816 0.543504
190.865 0.831928
191.866 0.904168
192.886 0.91484
194.016 0.520096
195.235 0.372096
196.264 0.323744
197.295 0.39656
198.315 0.196992
200.096 0.836544
201.196 1.076528
202.355 0.936336
203.362 1.076816
204.365 1.121152
205.366 1.190408
206.384 0.876672
207.385 0.936312
208.405 1.174984
209.565 1.288808
