0 1.050624
1.01 0.798912
2.04 0.71136
3.06 0.791192
4.081 1.160064
5.09 0.585168
6.15 0.426816
7.17 0.306432
8.217 0.481536
9.237 0.600832
10.257 0.842688
11.296 0.648056
12.297 0.658696
13.355 0.853632
14.365 0.809968
15.375 1.324224
16.395 0.775784
17.405 0.963072
18.417 1.028736
19.427 0.80964
20.428 0.919296
21.437 0.741528
22.457 0.98496
23.468 0.908352
24.479 0.8106
25.497 0.723448
26.507 1.083456
27.526 0.847856
28.535 0.931456
29.545 1.072512
30.565 1.020944
31.625 1.357056
32.635 1.076336
33.636 1.433664
34.645 1.099752
35.655 1.181952
36.665 0.855736
37.678 0.98496
38.685 0.80308
39.825 0.525312
40.852 0.536256
41.855 0.678528
42.857 0.837616
43.877 0.908352
44.888 0.725128
45.896 0.853632
46.906 0.55888
47.926 0.612864
48.945 0.5472
49.955 0.32832
50.985 0.185232
52.235 0.076608
53.236 0.196736
57.185 0.759144
58.194 0.21888
59.226 0.10512
60.244 0.153216
61.304 0.076224
65.735 0.277216
66.774 0.372096
67.854 0.844856
68.864 1.155128
70.014 1.365112
71.155 1.249504
72.156 1.07348
73.324 1.335168
74.334 1.264312
75.344 1.214784
76.354 1.336992
77.355 1.49432
78.534 1.784408
79.685 1.821256
80.796 1.73748
81.876 1.90236
82.976 1.847088
83.995 1.53216
84.996 1.7232
85.998 1.7242
87.028 2.45448
88.029 2.130344
89.03 2.418064
90.037 1.639936
91.039 1.676816
92.049 1.956024
93.26 1.958976
94.269 0.415872
95.27 0.807632
96.487 0.8208
97.489 0.700416
98.497 0.43776
99.517 0.191528
100.587 0.032832
101.817 0.010944
107.335 1.657096
109.708 0.908352
110.727 0.445608
111.999 1.11124
113.005 1.496608
114.008 1.693632
115.009 0.796416
116.019 0.55836
117.027 1.072512
118.028 0.595312
119.036 0.900552
120.047 1.05132
121.237 0.886464
122.257 0.38304
123.297 0.16416
124.328 0.134728
125.388 0.120384
126.538 0.10944
164.869 0.284544
165.898 0.558144
166.918 0.286024
167.938 0.559896
169.129 0.632888
170.159 0.689504
171.399 0.677552
172.4 0.295488
173.419 0.301248
174.445 0.44808
175.459 0.497416
176.519 0.49248
177.549 0.46884
178.561 0.467232
179.569 0.352432
180.619 0.5708
181.839 0.607448
182.859 0.577264
184.469 0.38304
185.689 0.175104
192.508 0.372768
193.518 1.04264
194.528 1.290976
195.529 1.5618
196.53 1.498088
197.548 2.2504
198.549 2.307944
199.599 3.18988
200.61 3.06864
201.619 3.374992
202.76 3.964904
203.879 4.483936
204.88 4.34964
205.889 3.055912
206.89 2.342936
207.898 1.384248
208.918 1.7128
209.998 2.703168
