0 1.432064
1.001 1.491952
2.021 1.8756
3.03 1.419032
4.042 1.528328
5.05 1.647456
6.051 1.53284
7.07 1.58688
8.08 1.31888
9.09 1.909392
10.13 2.001664
11.131 1.71096
12.14 2.1224
13.141 2.408008
14.3 2.757888
15.301 2.53268
16.31 2.440512
17.312 2.067544
18.38 2.484288
19.391 1.737832
20.401 2.57184
21.402 2.171408
22.403 2.185552
23.41 2.625072
24.58 2.035584
25.59 1.66536
26.6 2.002752
27.601 1.54512
28.61 2.29824
29.62 2.013984
30.75 2.123136
31.759 1.816704
32.76 1.382528
33.77 1.86048
34.78 1.430712
35.8 1.937088
36.821 1.937088
37.839 1.504176
38.859 2.13408
39.86 1.82372
40.87 2.270664
41.959 2.582784
42.96 2.175096
43.979 2.032624
45.01 2.320128
46.019 1.8874
47.02 2.17004
48.027 2.306816
49.147 2.484288
50.148 2.020944
51.149 1.809832
52.168 2.177856
53.169 1.570208
54.179 1.783872
55.18 2.254464
56.189 2.036696
57.19 1.959264
58.192 2.703168
59.193 1.762536
60.201 1.776584
61.202 2.276352
62.214 1.93864
63.221 1.920048
64.312 2.101248
65.322 0.92556
67.792 5.53652
68.824 1.608768
69.843 1.80576
70.852 2.112192
71.862 1.236672
72.872 1.13228
73.88 1.58688
74.881 2.232576
75.882 1.55728
76.9 1.816704
77.91 1.1826
78.919 1.521216
79.929 1.455904
80.939 1.849536
81.94 1.411472
82.949 1.707264
83.959 1.41076
85.079 1.75104
86.089 1.512272
87.09 2.193744
88.199 2.396736
89.2 1.818256
90.22 1.982224
91.229 1.673232
92.23 1.903112
93.38 1.783872
94.388 1.304368
95.389 2.083176
96.538 2.35296
97.549 2.077656
98.575 2.419864
99.576 2.251512
100.577 2.593728
101.579 2.066192
102.597 1.843024
103.598 2.077616
104.777 1.980864
105.787 1.417216
106.827 1.619712
107.837 1.893312
108.838 1.174464
109.848 1.324224
110.857 1.160064
111.867 1.552488
112.868 1.591616
113.937 1.20384
114.948 0.65664
117.257 2.157848
118.267 1.280384
119.268 1.564992
120.277 1.361152
121.288 1.251832
122.297 0.901152
123.307 0.842688
124.317 1.021624
125.357 1.171008
126.358 0.847016
127.527 1.083456
128.529 0.536256
129.727 0.229824
130.737 0.256888
131.981 0.260712
133.009 0.065664
136.317 0.21888
139.92 0.448704
141.0 0.415872
142.04 0.448704
143.06 0.29592
144.07 0.424952
145.509 0.542312
146.52 0.355128
147.541 0.196992
149.02 0.119408
151.481 0.618624
152.51 1.039056
153.511 0.878704
154.52 0.9816
155.53 0.824736
156.55 0.998656
157.73 1.08136
158.92 0.65664
159.93 0.765728
160.94 1.162392
161.948 0.614088
163.028 1.116464
164.037 1.094496
165.038 1.116592
166.198 1.090824
167.208 1.100088
168.21 0.995904
169.217 0.42588
170.397 0.010944
171.698 0.010944
175.097 0.10944
202.206 0.010944
