0 1.29452
1.17 1.694664
2.171 1.512696
3.335 2.219712
4.392 2.232776
5.561 1.987888
6.562 1.746912
7.563 1.941944
8.565 1.507192
9.572 1.531872
10.573 1.665704
11.574 1.592344
12.612 1.301632
13.682 1.30108
14.692 1.302624
15.693 1.155656
16.722 1.546392
17.723 1.058496
18.748 1.072608
19.752 0.935048
20.753 0.911408
21.763 0.895656
22.764 0.670856
23.773 0.60652
24.803 0.81436
25.804 1.304504
26.805 1.29124
27.814 1.605216
28.815 1.696368
29.824 0.931168
30.834 1.303216
31.944 1.21148
32.945 1.14496
33.966 1.083552
34.974 1.408368
36.085 1.65916
37.255 1.428104
38.268 0.584904
39.275 0.51568
40.295 0.605304
41.305 0.967488
42.355 1.474472
43.356 0.923864
44.406 1.115912
45.476 1.571232
46.477 3.334424
47.486 2.324216
48.617 2.655696
49.618 1.411776
50.626 1.369344
51.627 1.543104
52.647 2.000656
53.648 2.829872
54.649 3.001768
55.65 2.6132
56.657 2.241544
57.797 1.69632
58.798 1.941832
59.799 1.980864
60.808 0.987016
61.818 1.138176
62.828 0.942056
63.836 1.368
64.838 0.949648
66.028 1.368
67.029 1.645944
68.03 1.80252
69.11 1.368
70.119 0.884568
71.129 1.904256
72.15 0.679208
73.159 0.49248
74.309 0.503424
75.319 1.05892
76.32 1.92892
77.321 1.210304
78.322 1.105344
79.33 0.43776
80.333 0.705976
81.34 0.65664
82.571 1.849536
83.573 1.791
84.581 1.892384
85.582 1.589784
86.591 1.838592
87.601 1.517224
88.602 1.289984
89.612 1.280448
90.621 1.170624
91.634 1.47744
92.641 1.196848
93.642 2.101248
94.652 1.6526
95.654 1.813632
96.672 1.65404
97.673 2.062672
98.822 1.904256
99.833 1.270408
100.842 1.630656
101.843 1.483456
102.914 1.9152
103.923 1.315968
104.933 1.871424
105.934 1.499328
106.935 1.29104
107.953 1.904256
108.954 1.980864
109.955 1.792624
110.956 1.746376
111.964 1.200424
112.965 1.597824
113.975 1.755112
114.976 1.856072
115.985 1.787544
117.125 2.112192
118.136 1.12992
119.145 1.685376
120.155 1.515248
121.156 1.958976
122.165 1.504992
123.177 2.035584
124.178 1.177472
125.206 0.38304
126.297 0.251712
127.946 0.995904
128.947 0.84796
130.026 1.236672
131.027 1.082784
132.037 1.269504
133.046 0.887296
134.066 1.036464
135.361 1.707264
136.367 1.22808
137.377 1.460208
138.378 1.352816
139.38 1.416056
140.387 1.637704
141.627 0.733248
142.628 0.908352
143.647 0.697312
144.648 1.028736
145.668 1.06656
146.669 1.012976
147.679 1.557456
148.729 1.575688
149.738 1.433376
150.819 1.343872
151.959 1.926144
152.96 2.125136
153.969 2.143488
154.97 1.65036
155.979 1.530192
156.98 1.543904
158.141 1.958976
159.15 1.506376
160.151 1.410592
161.17 1.599752
162.171 1.625592
163.191 1.619712
164.21 0.43544
165.22 1.03968
166.231 1.139152
167.241 1.327192
168.401 1.378944
169.411 0.69232
170.431 0.842688
171.441 0.548608
172.461 0.864576
173.462 0.374296
174.471 0.339264
175.472 0.645696
176.482 0.93116
177.483 0.375056
178.512 0.49248
179.513 0.2736
180.542 0.284544
181.552 0.09232
182.643 0.339264
183.664 0.284544
184.673 0.473192
185.683 0.558144
186.693 0.374264
187.703 0.733248
188.713 0.376544
189.724 0.85284
190.733 0.832856
191.774 0.5472
192.804 0.175104
193.824 0.367688
194.844 0.774784
195.864 0.614864
196.884 0.8208
197.894 0.74852
198.914 0.433384
199.934 0.525312
200.935 0.580032
201.936 0.307536
202.946 0.240768
204.045 1.290216
205.048 2.088976
206.049 1.766824
207.076 0.809856
208.092 0.301544
209.336 0.744192
