0 0.864576
1.001 1.14272
2.011 1.521216
3.02 1.225728
4.051 1.208384
5.06 0.897408
6.07 0.733248
7.09 0.448704
8.1 0.372096
9.11 0.190592
11.553 0.098496
12.56 0.010944
15.075 0.590976
16.09 0.131072
19.697 2.270208
20.959 1.400832
21.969 1.875968
23.049 2.123136
24.05 1.678976
25.059 2.101248
26.07 2.029184
27.079 1.897856
28.129 1.827648
29.131 1.389888
30.139 0.945728
31.149 0.941184
32.159 0.722304
33.169 0.612864
34.189 0.617408
35.199 0.755136
36.209 0.71136
37.219 0.8208
38.229 0.683072
39.239 0.722304
40.24 0.558144
41.279 0.339264
42.299 0.404928
43.309 0.722304
44.319 0.43136
45.329 0.470592
46.359 0.16416
49.539 0.558144
50.559 0.689472
51.58 0.700416
52.599 0.59552
53.638 0.71136
54.639 0.43776
55.679 0.317376
56.708 0.284544
57.739 0.2736
58.779 0.21888
59.838 0.21888
60.839 0.043776
75.651 0.912896
76.66 1.575936
77.671 1.20384
78.69 1.011392
79.692 1.488384
80.7 1.438208
81.711 0.798912
82.72 1.050624
83.721 0.558144
84.73 0.481536
85.74 0.86912
86.75 0.908352
87.751 1.247616
88.76 1.3616
89.772 1.0944
90.781 1.175552
91.79 0.897408
92.791 1.499328
93.801 1.394432
94.812 1.378944
95.82 1.481976
96.821 2.057472
97.831 1.68992
98.841 1.225728
99.851 1.460096
100.91 0.98496
101.92 0.787968
102.93 0.131072
104.834 2.861184
105.84 1.788416
106.93 1.9152
107.931 1.58048
108.94 1.937088
109.941 1.700864
110.95 2.002752
111.951 1.284992
112.96 1.192896
113.97 1.711808
114.971 1.017792
115.972 1.105344
116.98 1.230272
117.981 1.554048
118.991 1.427264
120.422 1.838592
121.43 1.766528
122.44 1.871424
123.45 1.865024
124.46 2.199744
125.47 2.051072
126.472 1.514816
127.55 1.926144
128.56 1.405352
129.57 1.236672
130.571 1.685376
131.58 1.886936
132.59 1.711808
133.61 2.068416
134.621 1.810304
135.63 1.69632
136.631 1.711808
137.64 2.51344
138.65 2.5144
139.67 2.554504
140.671 2.543552
141.672 2.609216
142.68 2.79072
143.681 2.62016
144.682 2.609216
145.7 1.766528
146.71 1.783872
147.72 1.722752
148.74 2.068416
149.75 1.74464
150.751 2.762432
151.752 2.648448
152.76 2.40128
153.761 2.29184
154.77 2.488832
155.771 2.762432
156.772 3.108096
157.78 2.871872
158.781 2.94848
159.782 2.882816
160.79 2.860928
161.791 2.707712
162.8 2.488832
163.801 2.637504
164.82 2.062016
165.831 2.160512
166.832 2.528064
167.84 1.624248
168.85 1.564992
169.859 1.668032
170.86 2.248064
171.87 2.123136
172.871 2.324672
173.88 2.959424
174.9 2.981312
175.91 2.94848
176.912 2.970368
177.932 2.970368
178.96 3.239424
179.961 2.817152
180.97 2.652992
181.971 2.62016
182.99 2.269952
184.0 2.904704
185.01 2.889216
186.02 2.357504
187.021 2.915648
188.03 2.83904
189.031 2.817152
190.032 2.959424
191.039 2.762432
192.08 1.80576
193.09 1.547648
194.091 2.495232
195.1 2.193352
196.101 1.777472
197.15 2.659392
198.16 2.740544
199.161 2.740544
200.169 2.795264
201.17 2.7296
202.179 2.648448
203.191 1.96352
204.199 2.860928
205.2 2.828096
206.201 2.762432
207.21 2.915648
208.231 2.757888
209.239 2.663936
