0 1.565696
1.011 1.930312
2.021 2.545664
3.022 1.959152
4.023 1.937848
5.033 1.673664
6.052 1.275872
7.072 1.368088
8.222 1.18272
9.224 1.806528
10.232 2.05144
11.235 1.506456
12.243 1.156864
13.253 1.57696
14.254 1.393584
15.255 1.315136
16.633 0.754688
17.635 1.565696
18.665 0.357488
19.674 1.63328
20.675 1.170384
21.684 1.610752
22.687 0.47812
23.704 1.554432
24.715 0.884336
25.734 0.889856
26.754 0.75156
27.784 0.979968
28.786 0.664576
29.815 0.153176
30.935 0.73216
31.955 0.382976
32.985 0.642048
33.987 0.507328
34.995 1.213912
36.076 1.115136
37.086 0.718888
38.105 1.193984
39.146 0.730656
40.397 1.46744
41.406 1.281256
42.408 1.299152
43.416 1.3562
44.422 0.903544
45.558 2.023712
46.559 1.362136
47.567 1.437064
48.637 1.29536
49.647 0.794432
50.657 1.799152
51.778 1.874576
52.788 1.62108
53.79 1.486024
54.868 1.688224
55.878 1.47804
56.908 1.784584
57.919 1.805376
58.92 1.939792
59.93 2.11668
60.999 1.962128
62.0 2.011296
63.009 2.095104
64.013 1.3922
65.029 1.460416
66.032 1.655808
67.039 0.727784
68.05 2.47808
69.06 1.437152
70.061 0.915976
71.08 1.30972
72.095 0.912384
73.11 1.10936
74.23 1.990448
75.232 1.83108
76.251 1.61968
77.252 1.74592
78.254 1.408904
79.271 1.3508
80.273 1.257736
81.311 1.250304
82.322 0.962968
83.323 1.000608
84.331 0.833536
85.332 0.979968
86.352 0.390288
87.362 0.585728
88.384 0.349184
89.392 0.05632
90.452 0.878592
91.462 0.798232
92.464 1.37808
93.563 1.036288
94.573 1.126176
95.855 1.595848
96.864 1.611408
97.873 0.994904
99.125 1.262568
100.133 1.182488
101.135 1.487672
102.263 0.39424
103.264 0.146432
104.344 1.160192
105.354 0.383864
106.454 0.45056
107.484 0.698368
108.485 0.529824
109.505 0.608256
110.525 0.687104
111.536 0.65824
113.017 0.748056
114.025 1.079304
115.057 1.264688
116.066 1.219128
117.076 1.287136
118.103 0.997608
119.106 0.855016
120.178 1.170464
121.237 0.856064
122.257 1.10572
123.267 1.705256
124.268 1.605032
125.347 1.137664
126.357 1.154824
127.358 1.57696
128.359 1.242384
129.798 1.468288
130.807 1.396416
131.808 1.396736
132.809 0.988736
133.819 1.01376
134.838 0.943592
135.84 1.306624
136.848 0.874032
137.85 1.081344
138.859 1.080096
140.23 1.465352
141.239 1.317888
142.249 1.141832
143.26 1.306624
144.261 1.037464
145.262 1.340416
146.279 1.14364
147.44 0.551936
148.481 1.734656
149.489 0.896536
150.49 0.991232
151.502 0.78848
152.51 0.4824
153.542 0.540672
155.24 1.408
156.241 0.99764
157.386 1.362944
158.391 0.751472
159.392 1.220448
160.401 1.642064
161.421 1.372344
162.522 1.576168
163.682 2.404792
164.873 2.264064
165.882 1.791216
166.892 1.457432
167.902 1.092608
168.912 0.774648
169.913 1.408
170.924 0.867368
171.942 1.419264
172.943 0.931536
173.953 1.317888
174.954 0.652544
175.963 0.991232
176.965 0.779872
177.983 1.115136
178.993 0.857296
180.144 0.551936
181.466 1.185592
182.474 0.95756
183.485 1.18904
184.486 0.831168
185.504 0.191488
186.515 1.113536
187.526 0.651896
188.535 1.252912
189.566 1.318336
190.585 0.96904
191.595 1.227776
192.615 0.904736
193.617 1.565696
194.625 0.784488
196.026 1.823008
197.036 1.441792
198.126 0.681192
199.136 1.408
200.137 1.107064
201.146 1.453056
202.167 0.48332
203.346 1.306624
204.347 0.833536
205.357 0.540408
206.547 0.529408
207.839 2.050048
208.888 1.232664
209.897 0.991856
