0 1.028016
1.019 0.866152
2.029 1.133632
3.039 1.53912
4.119 1.407656
5.129 1.444328
6.13 1.143872
7.179 0.88096
8.18 0.871344
9.429 0.905192
10.438 0.962536
11.448 0.942264
12.468 1.316944
13.478 0.940344
14.497 1.097792
15.518 1.638808
16.519 1.05572
17.646 1.245944
18.656 0.829256
19.857 1.101088
20.867 1.278952
21.868 0.894696
22.996 0.675704
24.017 0.373336
25.037 0.99956
26.196 1.07244
27.206 0.919032
28.207 0.875688
29.327 1.014136
30.367 0.97092
31.376 1.032944
32.396 0.809144
33.407 0.435264
34.427 0.52044
35.436 0.48384
36.446 0.217264
37.468 0.969104
38.646 1.125008
39.656 1.00572
40.886 1.037488
41.896 1.07288
42.906 0.836144
43.936 1.112704
44.946 0.799272
45.956 1.017672
47.096 1.138936
48.286 1.175832
49.297 1.019976
50.356 0.99664
51.445 1.177304
52.615 1.057496
53.625 1.160872
54.695 1.280288
55.895 1.049336
56.945 0.951752
58.075 1.202624
59.235 1.399624
60.435 1.071056
61.444 1.124056
62.454 1.143632
63.614 1.14968
64.624 0.868712
65.714 0.80228
66.724 0.808856
67.734 0.786752
68.804 0.731448
69.814 0.420192
70.864 0.693648
71.874 1.074048
72.894 0.845224
73.904 0.962664
74.974 1.187752
75.984 1.01212
77.134 1.163024
78.144 1.109664
79.154 0.856968
80.164 0.87064
81.193 0.952456
82.283 0.985512
83.423 0.8806
84.493 0.998848
85.503 1.374536
86.512 0.83968
87.523 0.86704
88.553 0.719624
89.692 0.644312
90.712 0.611584
91.723 0.589192
92.863 0.688552
93.904 0.959624
94.913 0.751008
95.922 0.668064
96.933 0.833136
97.963 0.402688
98.992 0.505656
99.993 0.686688
101.113 0.60632
102.122 0.763168
103.252 0.9188
104.464 0.83436
105.492 0.70956
106.502 0.396776
107.512 0.196992
108.522 0.087552
109.543 0.945976
110.743 1.281264
111.753 1.25772
112.766 1.132504
113.772 1.07512
114.782 1.11808
115.783 1.310216
117.012 1.073512
118.013 1.018128
119.023 0.576784
120.162 0.964336
121.212 0.686312
122.242 0.719776
123.402 1.088112
124.413 1.062176
125.422 1.222736
126.423 1.213576
127.433 0.843376
128.452 0.98272
129.462 0.528744
130.572 0.46836
131.592 0.711416
132.662 1.276272
133.752 1.2792
134.803 1.328936
135.813 1.294824
136.823 0.412904
137.842 1.3172
138.843 1.101176
139.972 1.305536
140.973 1.345768
141.974 1.4508
142.982 1.331272
143.992 1.20636
145.192 0.974808
146.212 0.987952
147.252 0.709328
148.272 0.694656
149.282 0.393304
150.292 0.530448
151.442 0.536048
152.551 0.514368
154.231 0.186032
155.31 0.623328
156.311 0.635464
157.461 0.459648
158.502 0.539032
159.51 0.447
160.541 0.663848
161.55 0.803072
162.56 0.212992
163.58 0.916256
164.581 0.855304
165.591 1.07708
166.601 0.699968
167.61 0.746992
168.721 0.7002
169.722 0.64224
170.813 0.812896
171.821 0.616304
172.84 0.545448
173.841 0.473336
174.86 0.784408
175.871 0.945816
176.881 0.904904
177.942 1.093488
178.951 0.559096
179.97 0.255176
181.01 0.448704
182.03 0.460672
183.04 0.709656
184.05 1.062336
185.051 1.086448
186.061 0.689504
187.07 1.117192
188.081 0.89332
189.101 0.837112
190.102 0.9738
191.12 0.554376
192.13 0.393984
193.17 0.349192
194.18 0.703696
195.32 0.610392
196.52 0.52416
197.529 0.592968
198.549 0.583392
199.569 0.618904
200.579 0.624944
201.589 0.634136
202.609 0.496664
203.629 0.571696
204.639 0.642192
205.649 0.598112
206.659 0.41952
207.669 0.51808
208.679 0.665008
209.689 0.673088
