0 1.509944
1.021 2.079
2.511 2.487344
3.513 2.53056
4.521 1.924376
5.522 2.107224
6.531 1.99836
7.54 1.85636
8.541 1.864744
9.551 2.35296
10.552 2.3906
11.561 2.531936
12.562 1.965888
13.571 2.84544
14.581 2.190864
15.582 2.473472
16.591 2.4248
17.601 2.692224
18.602 2.143688
19.611 2.059344
20.629 2.521672
21.759 2.952376
22.94 2.752656
23.981 2.648448
24.989 1.912888
25.997 1.883944
27.007 1.818944
28.017 1.9152
29.027 1.27204
30.037 1.266136
31.187 1.0944
32.197 1.302336
33.207 0.982424
34.217 1.58688
35.218 0.810216
36.297 0.733248
37.317 0.481536
38.467 1.280448
39.477 1.3258
40.489 1.673968
41.511 1.707264
42.517 1.55584
43.518 1.574336
44.519 1.229296
45.537 1.10952
46.557 1.3862
47.697 1.34228
48.738 1.319136
49.739 1.489064
50.848 1.772928
51.858 1.384544
52.859 1.9152
53.867 1.537296
54.868 1.312192
55.878 1.754736
56.884 1.31452
57.895 1.133208
58.904 1.597824
59.905 1.316336
60.984 1.761984
61.989 1.577104
63.209 1.335168
64.219 1.368
65.239 1.088736
66.249 1.499328
67.258 1.118576
68.268 1.292984
69.278 1.385336
70.309 1.740096
71.328 1.505512
72.329 1.55468
73.447 1.729152
74.448 1.455824
75.457 2.221632
76.468 1.488512
77.488 1.856824
78.516 2.440512
79.517 1.909104
80.518 2.539008
81.534 2.349032
82.538 2.1888
83.539 1.307592
84.549 1.554048
85.558 1.540344
86.568 2.177856
87.57 1.397872
88.588 1.663488
89.589 1.263592
90.598 1.904256
91.599 1.5134
92.607 1.663488
93.608 1.376576
94.628 1.357056
95.638 0.926544
96.648 1.160064
97.658 1.280448
98.668 0.835816
99.673 0.974016
100.683 0.612864
101.703 0.404256
102.733 0.404928
103.743 0.317376
104.767 0.251712
105.797 0.16416
106.907 0.131328
123.62 1.579816
128.448 0.66032
129.449 0.803288
130.458 0.943072
131.638 1.19648
132.639 1.050976
133.647 1.529296
134.838 1.79592
135.848 1.47744
136.858 1.936976
137.868 1.760088
138.878 1.715336
139.898 1.37316
140.958 1.735056
141.969 1.841616
142.977 1.79108
143.978 1.772368
144.987 1.76032
146.057 1.808144
147.058 2.009056
148.287 1.827648
149.297 1.527944
150.307 1.581416
151.317 1.44916
152.327 1.90016
153.498 1.882368
154.507 1.414408
155.508 1.608864
156.509 2.002752
157.517 1.58436
158.518 1.720088
159.648 1.882368
160.657 1.650696
161.659 2.276352
162.667 1.43864
163.668 1.415984
164.678 1.386032
165.708 1.707264
166.717 1.392824
167.957 1.96992
168.966 1.702664
169.968 1.86048
170.978 1.347504
171.98 2.013696
172.988 1.746152
173.998 1.657168
174.999 2.002304
176.008 1.975
177.018 1.91664
178.038 2.429568
179.039 1.903472
180.048 2.13408
181.057 1.86116
182.058 2.35296
183.067 2.165736
184.077 2.736
185.086 1.1912
187.11 2.412896
188.115 2.818448
189.282 3.20816
190.486 2.867328
191.496 2.305488
192.505 2.476272
193.515 2.221632
194.524 1.158584
195.525 1.893312
196.534 1.553848
197.542 1.772928
198.543 1.240032
199.553 2.832696
200.733 2.506176
201.749 0.892152
202.775 0.580032
203.795 0.536256
204.889 0.131072
206.898 2.521728
207.915 0.5472
208.935 0.393984
209.975 0.251712
