0 2.799256
1.019 3.369448
2.02 2.451456
3.021 2.732616
4.03 1.747408
5.049 2.450224
6.234 3.147024
7.35 2.549952
8.351 2.168704
9.359 2.95488
10.37 3.136336
11.38 2.9526
12.381 3.331216
13.389 2.638464
14.399 3.283824
15.4 3.970696
16.401 4.065184
17.409 3.399136
18.41 3.764392
19.412 3.495888
20.418 3.666384
21.42 3.34488
22.421 3.676376
23.425 4.282192
24.429 3.539936
25.432 3.08048
26.727 4.989392
27.728 3.553128
28.837 4.48052
29.838 3.490872
30.888 4.046584
31.889 4.159416
33.047 3.955224
34.048 4.118008
35.049 3.769184
36.236 3.639464
37.238 3.065992
38.247 3.168104
39.264 1.778904
40.267 3.664152
41.269 3.479056
42.271 3.933912
43.272 4.21824
44.436 4.376176
45.454 4.797136
46.456 3.958648
47.457 4.340872
48.474 3.84048
49.476 3.075624
50.477 3.125176
51.494 3.4448
52.496 3.329216
53.526 4.625864
54.527 3.457
55.528 3.136152
56.595 3.566224
57.596 3.396048
58.597 4.096968
59.598 4.027464
60.607 3.431424
61.608 3.017416
62.616 4.055416
63.617 3.342416
64.618 4.264032
65.635 0.71136
66.675 0.065664
67.705 0.065664
68.725 0.290344
69.766 2.74204
70.767 4.089528
71.768 3.543088
72.886 3.21212
73.956 2.593728
74.958 2.180552
76.515 2.231152
77.534 2.648448
78.535 1.950296
79.544 2.747392
80.555 3.750216
81.564 3.121008
82.574 2.582784
83.575 2.379632
84.654 3.053376
85.664 1.609584
86.665 2.549952
87.666 1.816272
88.674 2.889216
89.675 2.279368
90.676 3.007184
91.684 1.672456
92.774 2.145024
93.775 1.405576
94.776 2.309184
95.777 2.223688
96.784 2.26628
97.785 2.197264
98.803 2.685624
99.804 3.848264
100.805 3.644176
101.806 2.818376
102.853 3.895608
103.854 4.360952
104.855 4.672952
105.856 4.095016
106.862 3.209672
107.893 2.746944
108.9 2.972712
109.901 3.352248
110.902 2.159072
111.922 3.292
112.923 3.875536
113.93 4.239536
114.931 3.256136
115.941 3.06292
116.95 4.197424
117.951 4.580608
118.952 4.32676
119.96 4.530464
120.961 4.60072
122.139 4.253648
123.14 3.895728
124.141 4.208856
125.308 4.415408
126.309 4.295712
127.31 3.968192
128.318 3.396024
129.329 4.099112
130.339 3.655472
131.359 4.385712
132.36 3.488152
133.361 4.624952
134.362 3.513176
135.364 4.240576
136.368 3.145752
137.369 3.862784
138.37 3.344464
139.387 4.543752
140.388 4.321984
141.398 4.006808
142.468 4.5686
143.469 4.248624
144.47 3.598984
145.488 4.618536
146.489 3.20352
147.496 4.33352
148.605 4.1714
149.766 4.394064
150.926 4.432096
151.927 4.138944
152.928 3.165952
153.936 4.11352
154.937 3.502448
155.938 4.238808
157.088 4.023776
158.089 4.55068
159.095 3.758408
160.105 3.597
161.115 4.578312
162.125 4.585096
163.126 1.793384
164.134 3.545552
165.144 4.641256
166.284 4.778504
167.285 4.530272
168.286 3.62992
169.288 4.459152
170.29 3.911688
171.294 3.565024
172.295 3.30512
173.323 3.12348
174.324 3.841736
175.331 3.797568
176.332 3.37204
177.333 4.699928
178.343 4.320496
179.344 3.986128
180.345 3.128912
181.352 2.673184
182.353 3.820464
183.471 3.0096
184.472 2.51776
185.474 4.089264
186.482 3.210024
187.483 3.690752
188.484 3.704808
189.485 3.639592
190.501 0.240768
191.643 6.256792
192.661 2.260688
193.731 2.878272
194.732 2.912496
195.743 3.780544
196.744 3.355864
197.801 3.600832
198.802 4.209088
199.951 3.649632
200.952 2.866088
201.961 2.725576
202.971 2.43956
203.972 3.647736
204.973 4.324216
205.982 3.66008
206.983 4.072464
207.984 2.62736
208.991 2.132536
209.992 2.265408
