0 0.864576
1.02 0.945728
2.281 1.6416
3.29 1.624256
4.31 1.816704
5.32 1.492928
6.33 1.138176
7.34 0.974016
8.35 0.645696
9.36 0.350208
10.38 0.453248
11.39 0.71136
12.43 0.470592
13.46 0.339264
14.471 0.087552
15.98 0.350208
18.791 1.000448
20.04 0.831744
21.051 1.31328
22.06 1.624256
23.061 1.794816
24.07 1.503872
25.08 1.499328
26.081 1.138176
27.09 0.956672
28.1 0.995904
29.109 1.03968
30.129 1.263104
31.13 1.14912
32.149 1.083456
33.15 1.03328
34.16 1.171008
35.179 1.028736
36.18 0.989504
37.188 1.072512
38.189 1.105344
39.199 0.770624
40.208 1.25856
41.219 1.466496
42.238 0.683072
43.248 0.404928
44.258 0.481536
45.259 0.131072
47.164 2.894016
48.168 1.225728
49.177 0.956672
50.187 1.444608
51.199 1.52096
52.418 1.132032
53.428 1.171008
54.429 1.186496
55.45 1.575936
56.456 1.389888
57.466 1.077056
58.496 0.700416
59.516 0.700416
60.526 0.536256
61.547 0.573632
62.617 1.006848
63.627 1.247616
64.628 1.219328
65.637 1.904256
66.638 1.79936
67.646 2.090304
68.647 2.051072
69.648 2.368448
70.656 2.473344
71.657 2.105792
72.677 2.259008
73.686 2.177856
74.687 1.30688
75.696 1.575936
76.697 1.481984
77.698 2.177856
78.706 1.755584
79.707 1.766528
80.716 1.86048
81.717 1.460096
82.726 1.718208
83.729 0.229824
84.797 0.645696
85.856 0.251712
87.747 0.306432
88.766 0.179648
89.796 0.503424
90.806 0.689472
91.816 0.689472
92.826 0.787968
93.828 0.584576
94.839 0.645696
95.847 0.481536
96.866 0.569088
97.887 0.514368
98.915 0.372096
99.935 0.525312
100.947 0.573632
101.956 0.470592
102.995 0.436416
103.996 0.242112
105.016 0.645696
106.026 1.274048
107.027 1.674432
108.047 1.646144
109.056 2.418624
110.057 1.678976
111.066 1.225728
112.076 0.8208
113.085 0.891008
114.086 1.138176
115.106 1.339712
116.186 0.580032
117.206 0.470592
118.215 0.131072
122.325 2.292096
123.355 0.043776
124.635 0.251712
125.665 0.2736
128.305 0.61376
129.414 0.228928
130.434 0.274496
131.435 0.360256
132.485 0.120384
133.494 0.38304
134.514 0.529856
135.734 0.372096
136.759 0.514368
137.774 0.700416
138.806 0.645696
139.825 0.404928
140.864 0.481536
141.874 0.43136
142.884 0.536256
143.894 0.339264
144.934 0.317376
145.957 0.415872
146.985 0.569088
148.014 0.49248
149.025 0.332872
150.334 0.634752
151.414 0.361152
152.434 0.425472
153.449 0.898752
154.464 1.000448
155.474 0.678528
156.494 1.083456
157.504 0.590976
158.514 0.580032
159.55 0.343808
160.704 0.952128
161.705 2.1888
162.714 2.346536
163.715 1.821272
164.724 2.477888
165.784 2.648448
166.785 2.1824
167.804 2.302784
168.805 2.090304
169.814 1.766528
170.834 1.368
171.844 0.836288
172.854 1.20384
173.864 1.619712
174.873 1.19744
175.874 2.445056
176.944 2.549952
177.945 2.368448
178.954 2.543552
179.964 2.379368
180.965 2.506176
181.974 1.974488
182.984 2.07296
184.014 2.265408
185.024 2.12768
186.033 2.149568
187.034 1.9152
188.044 1.788392
189.054 1.948032
190.055 2.149592
191.074 2.029176
192.133 1.937088
193.153 1.350656
194.324 1.324224
195.325 1.663488
196.333 0.737792
197.344 0.5472
198.363 0.38304
199.403 0.919296
200.424 1.449152
201.433 1.324224
202.434 1.481984
203.474 1.630656
204.514 0.744192
205.526 1.055168
206.533 0.65664
207.543 0.623808
208.563 0.612864
209.578 1.219328
