0 0.941184
1.009 1.000448
2.01 0.974016
3.02 1.138176
4.021 1.153664
5.03 1.335168
6.038 1.269504
7.04 1.055168
8.05 1.083456
9.06 0.995904
10.079 1.19744
11.08 1.138176
12.085 1.31328
13.09 1.19744
14.11 1.269504
15.119 1.25216
16.13 1.181952
17.14 1.247616
18.15 1.131776
19.158 1.433664
20.159 1.449152
21.16 1.729152
22.169 1.383488
23.17 1.171008
24.18 1.028736
25.19 0.886464
26.21 0.956672
27.22 0.87552
28.23 0.87552
29.239 0.803456
30.24 0.93024
31.25 0.809856
32.258 0.76608
33.27 0.92384
34.279 0.809856
35.29 1.160064
36.319 1.274048
37.329 1.214784
38.33 1.061568
39.349 0.8144
40.369 1.324224
41.37 1.280448
42.38 0.989504
43.39 1.0944
44.409 1.20384
45.41 1.324224
46.429 1.14912
47.439 1.066112
48.449 1.14912
49.459 1.181952
50.479 1.274048
51.49 1.31328
52.499 1.109888
53.518 1.061568
54.519 0.952128
55.529 1.120832
56.539 1.017792
57.549 1.050624
58.559 0.787968
59.579 0.6174
60.589 0.689472
61.599 0.678528
62.609 0.722304
63.639 0.700416
64.649 0.639296
65.659 0.919296
66.679 1.028736
67.688 1.274048
68.689 1.050624
69.698 0.842688
70.729 0.85092
71.734 0.609176
72.749 0.798912
73.769 1.368
74.788 1.098944
75.789 1.127232
76.799 0.98496
77.804 0.989504
78.818 1.25856
79.829 1.083456
80.849 0.97856
81.859 1.171008
82.889 1.083456
83.909 0.65024
84.919 0.908352
85.929 1.171008
86.938 1.164608
87.949 1.291392
88.969 0.963072
89.978 0.952128
90.979 1.350656
92.009 1.072512
93.017 0.853632
94.019 0.617408
95.069 0.60192
96.088 0.032832
98.489 0.634752
99.499 0.120384
100.563 0.251712
101.589 0.667584
102.598 0.518912
104.089 0.798912
105.099 1.006848
106.115 1.613312
107.13 4.666944
108.134 0.131072
109.137 0.503424
110.498 0.612864
111.517 0.365696
112.536 0.65664
113.557 1.20384
114.558 1.25856
115.568 0.901952
116.577 0.667584
117.597 1.554048
118.616 1.514816
119.627 2.035584
120.637 2.083904
121.647 1.952576
122.656 2.40768
123.657 2.23712
124.666 2.171456
125.667 2.210688
126.687 1.60252
127.695 2.072808
128.696 2.429568
129.697 2.094848
130.705 1.996352
131.706 2.363904
132.707 2.357504
133.716 2.445056
134.717 2.445056
135.727 2.725056
136.733 2.56544
137.744 2.34656
138.746 2.434112
139.747 2.746944
140.755 2.959424
141.756 3.780224
142.757 3.303232
143.806 3.250368
144.807 2.849984
145.877 2.806208
146.886 2.609216
147.906 2.652992
148.925 2.390336
149.926 2.757888
150.946 2.663936
151.947 3.451904
152.954 3.408128
153.956 3.681728
154.966 2.718656
155.967 2.78432
156.977 3.200192
157.985 2.849984
158.986 2.795264
159.987 2.123136
160.997 0.21248
162.057 1.75104
163.095 2.521664
164.097 2.718656
165.102 2.828096
166.105 3.195648
167.106 3.178304
168.194 3.730048
169.195 3.462848
170.196 3.2768
171.197 3.451904
172.204 3.2768
173.205 2.560896
174.206 2.280896
175.225 2.171456
176.226 2.112192
177.227 2.29184
178.254 2.445064
179.255 2.631104
180.256 2.4624
181.257 2.116736
182.306 2.051072
183.314 2.40128
184.315 2.670336
185.316 2.215232
186.317 2.040128
187.325 2.560896
188.326 2.116736
189.336 1.488384
190.347 0.792512
191.446 1.028736
192.456 0.995904
193.457 0.573632
194.466 0.995904
195.467 1.006848
196.475 0.514368
197.747 0.694016
198.756 1.806984
199.757 1.590736
200.796 1.407232
201.907 1.187632
202.917 1.471344
203.926 0.902936
204.927 1.391
205.936 1.913104
206.937 1.184008
207.956 1.243696
208.966 1.15136
