0 1.37588
1.219 1.243808
2.24 1.228672
3.34 1.256496
4.35 1.293512
5.37 1.311648
6.38 1.300736
7.381 1.197976
8.389 0.986408
9.41 1.283064
10.411 1.166976
11.67 1.30944
12.672 1.034496
13.729 1.182536
14.73 1.181984
15.731 1.138712
16.75 0.59636
18.661 0.098496
19.799 0.270304
20.859 0.415872
21.87 0.632488
22.879 0.997352
23.88 1.039464
25.04 1.171088
26.061 1.34432
27.062 1.235136
28.063 1.342552
29.14 0.933152
30.299 0.89204
31.359 0.989152
32.499 1.181384
33.5 1.082256
34.599 1.301816
35.61 0.88196
36.618 0.196992
38.759 0.098496
39.859 0.119264
40.959 0.57636
42.139 0.735512
43.149 0.503288
44.171 0.482296
45.189 0.45408
46.21 0.57648
47.239 0.543456
48.339 0.560496
49.359 0.503424
50.398 0.285904
51.409 0.423856
52.709 0.522224
53.799 0.629424
54.809 0.448704
55.829 0.194976
56.899 0.630968
57.98 1.073632
58.999 1.170072
60.107 1.273
61.109 1.307752
62.119 0.983872
63.123 1.027256
64.129 0.818328
65.259 1.122216
66.269 0.99848
67.489 1.408
68.659 1.006016
69.667 0.936464
70.668 0.970984
71.677 0.7938
72.698 0.358104
73.729 0.468664
74.747 0.89164
75.947 0.729
76.957 0.597496
77.987 0.551952
78.997 0.644336
80.018 0.637376
81.047 0.399536
82.059 0.502656
83.064 0.426816
84.074 0.391008
85.084 0.402584
86.154 0.361152
87.155 0.306312
88.184 0.317376
89.204 0.275952
90.584 0.401544
91.594 0.195064
92.615 0.252952
93.744 0.196992
94.774 0.142272
95.833 0.094072
101.663 0.098496
102.694 0.186048
104.083 0.16416
105.354 0.08144
106.403 0.107504
107.443 0.196992
108.473 0.359368
109.714 0.186048
110.773 0.131328
111.804 0.21888
112.823 0.104064
113.973 0.16416
114.993 0.229824
116.373 0.173536
117.383 0.32832
118.393 0.087552
120.913 0.183952
122.123 0.229824
124.133 0.16416
125.202 0.3796
126.212 0.39404
127.222 0.562888
128.341 0.426816
129.351 0.191544
130.541 0.339264
131.561 0.235032
133.262 0.595456
134.441 0.262656
135.501 0.142272
136.742 0.31616
138.192 0.131328
139.331 0.307936
140.752 0.542384
142.021 0.459648
143.051 0.278872
144.061 0.27968
145.092 0.207936
146.181 0.196992
147.241 0.021888
179.04 0.334032
180.041 1.340616
181.161 1.609944
182.301 1.659328
183.44 1.621232
184.441 1.344272
185.46 1.675688
186.621 1.653368
187.66 2.130512
188.7 1.87972
189.701 1.789104
190.719 1.537712
191.878 2.467184
193.048 1.910872
194.053 1.763072
195.136 2.041064
196.325 1.922448
197.326 1.433424
198.515 1.259672
199.526 1.349736
200.556 1.342736
201.564 1.066344
202.584 1.167176
203.594 0.98396
204.604 1.079128
205.675 1.11084
206.814 1.194344
207.818 2.13772
208.934 2.008384
209.935 2.13816
