0 1.269224
1.12 1.157432
2.25 1.081648
3.37 1.033176
4.48 1.144744
5.59 1.169928
7.06 1.209688
8.061 0.872248
9.08 0.868776
10.099 0.619376
11.119 0.767664
12.129 0.735384
13.139 0.560544
14.208 0.687224
15.388 0.52916
16.398 0.415872
17.409 0.379552
18.448 0.490496
19.458 0.589024
20.479 0.366048
21.498 0.530984
22.499 0.520568
23.528 0.348608
24.538 0.361152
25.568 0.150112
26.638 0.787416
27.648 0.98808
28.649 0.76816
29.658 0.780984
30.748 1.098024
31.931 1.023664
32.946 0.784984
33.948 0.976792
34.957 0.724384
35.958 0.802168
37.027 0.816616
38.208 0.827168
39.318 0.78932
40.327 0.74932
41.338 0.901016
42.348 0.893968
43.358 0.90836
44.377 0.915992
45.469 1.184328
46.477 0.878024
47.488 0.865904
48.647 1.128168
49.877 1.105336
50.888 1.047056
51.977 0.956712
52.986 0.970704
53.987 0.771152
54.996 0.965848
55.997 0.769808
57.116 0.830776
58.125 0.865424
59.135 0.820464
60.266 0.921448
61.275 0.923224
62.445 1.04328
63.465 0.727504
64.665 1.070128
65.675 0.79748
66.745 0.7836
67.748 0.8936
68.755 0.894416
69.785 1.051856
70.935 1.064848
71.945 1.063432
72.946 1.024592
73.947 1.22096
74.948 0.878952
76.055 1.02084
77.245 1.13772
78.345 1.075136
79.347 1.049792
80.355 0.955848
81.365 1.216744
82.455 1.312696
83.664 1.44424
84.666 1.025368
85.683 0.85408
86.694 1.278128
87.703 0.853696
88.705 0.444296
89.712 0.813976
90.713 0.685192
91.723 0.83556
92.904 1.108024
94.082 1.10232
95.093 0.974664
96.283 1.119288
97.284 0.732784
98.302 0.919408
99.303 0.91668
100.492 1.027104
101.743 0.8514
102.752 0.60456
103.782 0.875008
104.802 0.549744
105.812 0.39272
106.822 0.562792
108.002 0.891664
109.262 0.67612
110.303 0.682496
111.312 0.687024
112.323 0.834336
113.333 0.82388
114.472 0.741352
115.473 0.843776
116.482 0.722904
117.633 1.078888
118.853 1.236856
119.854 0.930768
120.903 1.124728
121.912 0.661352
122.922 0.820648
123.942 0.570776
124.962 0.855504
125.972 0.710456
127.202 0.905904
128.722 1.00388
129.732 0.629664
130.742 0.722472
131.762 0.56596
132.942 0.548784
133.971 0.421776
134.981 0.920472
136.131 1.003648
137.141 1.075832
138.142 1.028496
139.151 1.04376
140.251 1.128864
141.301 1.04516
142.401 1.069432
143.481 1.035544
144.571 0.854536
145.591 1.079096
146.851 0.971264
147.852 1.343448
149.071 1.224232
150.311 1.034696
151.551 0.840016
152.771 0.689472
153.782 0.459456
154.79 0.70248
155.99 0.763872
156.991 0.844288
158.131 0.460648
159.14 0.741904
160.17 0.726936
161.2 0.649528
162.209 0.433864
163.269 0.768664
164.27 0.699496
165.329 0.759312
166.349 0.739392
167.359 0.677216
168.368 0.642816
169.539 0.7136
170.558 1.03684
171.559 0.949768
172.56 1.143192
173.617 1.19688
174.798 1.30628
175.888 1.16828
176.938 1.1862
177.946 1.174792
178.956 1.241024
179.966 1.029928
180.967 1.332176
181.977 1.237008
183.195 1.287936
184.197 1.310608
185.206 1.301976
186.207 1.640232
187.365 0.142272
187.431 2.719192
188.432 0.131072
194.547 0.66436
