0 1.134136
1.051 0.944312
2.071 0.9648
3.08 1.149848
4.092 0.772808
5.21 0.780368
6.22 0.857904
7.32 0.937952
8.322 0.645696
9.37 0.131072
11.676 0.961088
12.689 0.842688
13.699 0.262536
14.719 0.525312
15.729 0.623808
16.739 1.097616
17.742 0.92252
18.749 1.375808
19.75 1.194296
20.769 1.480688
21.779 1.321328
22.78 0.9384
23.789 1.226752
24.79 1.127512
25.8 1.244648
26.809 1.213664
27.819 1.341512
28.829 1.35236
29.839 1.374008
30.849 1.44104
31.864 1.422088
32.869 1.408696
33.989 1.621496
34.99 1.379272
35.999 1.463968
37.009 1.028736
38.029 0.939448
39.039 0.998992
40.059 1.18016
41.063 1.318568
42.069 1.310648
43.079 1.287992
44.298 1.417144
45.299 1.497616
46.318 1.284352
47.449 1.14352
48.459 1.450152
49.469 1.39564
50.479 1.335264
51.729 1.524048
52.739 0.912072
53.748 1.139176
54.759 1.125872
55.873 1.487144
56.878 1.170608
57.887 0.389688
58.928 0.590976
59.947 1.003088
60.958 1.042456
62.109 1.135768
63.118 1.023784
64.157 1.069528
65.167 1.061856
66.176 1.096504
67.186 1.105904
68.187 1.142352
69.206 1.104872
70.216 1.026656
71.217 0.864728
72.247 0.981888
73.256 0.92216
74.257 0.771192
75.285 1.077544
76.405 1.006848
77.415 0.516464
78.425 1.06324
79.575 1.389888
80.576 0.131072
81.78 0.968968
82.784 1.647816
83.794 1.810512
84.795 1.706512
85.804 1.448136
86.814 1.460312
88.014 1.576376
89.024 1.453048
90.036 1.745752
91.204 1.621744
92.205 1.440168
93.284 1.673
94.285 0.939376
95.294 1.770504
96.295 1.251488
97.296 1.663648
98.304 1.270696
99.324 1.785248
100.325 1.603312
101.334 0.435816
102.352 0.936184
103.353 1.216696
104.393 1.934512
105.463 0.350208
106.533 1.083456
107.547 1.62916
108.552 1.137016
109.553 1.490168
110.562 1.800056
111.581 1.77344
112.582 1.703336
113.601 1.568688
114.611 1.554112
115.621 1.63156
116.631 1.545608
117.79 1.181952
118.81 0.799216
119.82 1.171
120.949 1.416576
122.13 1.534664
123.34 1.580456
124.5 1.543328
125.67 1.416384
126.69 1.696656
127.91 1.214784
128.918 1.002352
129.928 1.063608
130.938 1.266216
131.949 1.319048
132.968 1.53832
133.969 1.48756
134.979 1.26812
135.989 1.220736
136.999 1.023512
138.007 1.203272
139.098 1.353448
140.288 1.608768
141.297 1.149904
142.298 1.229416
143.488 1.335168
144.497 1.022384
145.508 1.423472
146.728 1.269504
147.747 0.912624
148.757 1.20384
149.767 0.994072
150.778 1.008328
151.779 1.42272
152.787 1.008976
153.797 1.16568
154.807 1.272424
155.808 1.523688
156.928 1.72224
157.967 1.562192
159.007 1.548728
160.008 1.562552
161.017 1.483824
162.027 1.51668
163.037 1.62868
164.046 1.630552
165.056 1.532248
166.057 0.391624
167.066 1.354824
168.207 1.80576
169.215 1.287368
170.225 1.612968
171.238 1.426144
172.244 1.707264
173.264 0.755136
174.265 0.131072
181.684 0.05604
183.086 1.378944
184.089 2.038224
185.097 2.40768
186.326 1.65204
187.546 1.958976
188.547 1.583664
189.567 2.068416
190.577 2.13408
191.587 1.813648
192.596 2.090304
193.606 1.664464
194.607 2.506176
195.608 1.892216
196.626 2.473344
197.635 1.720576
198.636 1.707264
199.645 1.937088
200.656 1.510792
201.664 1.324224
202.665 1.291392
203.674 0.995904
204.684 0.919296
205.784 0.382368
