0 3.374088
1.001 3.54924
2.01 3.730424
3.011 3.686208
4.02 2.970136
5.021 2.749672
6.023 2.46316
7.03 2.657104
8.031 3.349776
9.032 3.126776
10.041 2.82008
11.042 2.720384
12.05 2.648896
13.052 3.18052
14.06 2.623008
15.11 3.272256
16.111 3.094544
17.23 3.791032
18.231 3.983584
19.238 3.3044
20.239 2.7494
21.247 3.113624
22.256 3.377376
23.257 3.122864
24.273 3.176832
25.274 3.199416
26.275 2.634336
27.283 2.154368
28.303 2.611832
29.305 4.012208
30.394 3.888664
31.395 3.847624
32.414 3.426
33.424 2.31916
34.425 2.03152
35.434 2.259392
36.544 2.101248
37.564 1.788304
38.575 2.528064
39.593 1.985448
40.613 3.208048
41.614 3.624472
42.624 4.049088
43.773 3.940288
44.774 3.438768
45.784 2.772
46.793 2.51228
47.805 3.004784
48.824 3.187072
49.825 3.12528
50.843 3.182992
51.844 3.249336
52.845 3.36664
54.013 2.4624
55.014 1.96992
56.023 0.924128
57.024 1.740096
58.034 1.885128
59.035 1.768408
60.044 2.871088
61.057 3.786312
62.063 4.179864
63.113 3.931544
64.164 3.623936
65.213 3.024632
66.223 2.48312
67.224 2.12608
68.225 3.11904
69.243 2.525536
70.303 3.005048
71.304 3.670968
72.305 4.254264
73.313 4.39852
74.314 4.060224
75.315 2.918504
77.406 7.890624
78.424 3.058632
79.433 4.191552
80.435 3.641224
81.436 4.138248
82.446 3.928896
83.54 4.453808
84.546 4.204104
85.724 5.165568
86.725 3.683248
87.754 3.360968
88.803 0.131328
90.075 6.49496
91.124 3.961728
92.134 3.135624
93.135 3.436416
94.136 2.694632
95.353 2.84544
96.354 3.294144
97.374 2.530656
98.376 3.327048
99.443 3.950784
100.444 3.890648
101.445 3.742848
102.464 3.127416
103.474 3.381696
104.484 3.1854
105.594 4.26816
106.595 3.047152
108.445 6.537456
109.453 2.396736
110.463 3.239424
111.482 2.516048
112.492 3.140928
113.494 2.87392
114.502 3.655296
115.512 3.051216
116.531 3.58412
117.641 3.896064
118.649 3.726072
119.759 3.140928
120.769 2.002752
121.779 2.266112
122.819 0.131072
123.953 7.14356
124.959 3.326976
125.96 2.8742
126.999 0.120384
128.97 5.679672
130.029 2.254464
131.039 1.521648
132.04 2.00704
133.049 1.876592
134.05 1.748112
135.06 2.013696
136.069 1.584224
137.079 2.615616
138.08 1.707264
139.09 1.343704
140.099 1.564992
141.109 1.324224
142.111 1.455944
143.112 2.51712
144.113 2.583888
145.114 2.81492
146.133 3.031488
147.142 2.60776
148.143 2.549952
149.144 2.041752
150.153 1.991808
151.172 1.396144
152.182 0.525312
153.222 0.558144
154.232 0.612864
155.244 1.114632
156.393 1.433664
157.402 1.230896
158.482 1.53216
159.492 1.379592
160.493 2.046528
161.502 1.895232
162.503 1.991912
163.552 2.637504
164.553 1.920184
165.561 1.8264
166.62 1.776928
167.749 1.794816
168.77 0.558144
177.782 0.250072
178.821 0.612864
179.832 0.737928
180.851 1.036872
181.853 1.493056
182.862 1.92176
183.876 2.174136
184.881 2.413288
186.011 2.312808
187.141 2.059224
188.142 2.09084
189.241 2.20612
190.242 2.70736
191.243 2.073992
192.251 2.069272
193.271 2.40768
194.272 1.984432
195.282 2.396736
196.284 1.512216
197.291 1.827648
198.301 1.17684
199.311 1.466496
200.313 1.199752
201.323 1.302336
202.333 1.11856
203.334 0.71136
204.343 1.558504
205.353 1.767512
206.364 1.503608
207.373 1.20288
208.383 1.192896
209.394 1.18708
