0 2.740544
1.001 2.652992
2.009 2.871872
3.011 2.79072
4.019 2.456
5.02 2.652992
6.03 2.806208
7.039 2.434112
8.04 2.976768
9.041 3.16736
10.049 3.565888
11.129 3.217536
12.13 2.51072
13.139 2.543552
14.149 3.178304
15.159 3.243968
16.16 2.663928
17.17 2.663936
18.171 2.915648
19.21 3.22848
20.211 2.663936
21.219 3.243968
22.221 3.561344
23.229 2.970368
24.23 2.926592
25.231 2.806208
26.249 3.758336
27.25 4.331968
28.348 4.108544
29.35 5.159168
30.351 3.992704
31.352 4.42592
32.359 3.430016
33.361 3.451904
34.369 3.397184
35.375 3.76928
36.379 3.364352
37.389 3.76928
38.39 3.740992
39.429 4.568192
40.43 4.305536
41.439 4.222528
42.478 3.845888
43.479 4.020992
44.48 3.046976
45.499 4.579136
46.5 1.729152
47.501 1.52576
48.72 1.96992
49.728 1.788416
50.741 2.177856
51.748 1.777472
52.761 1.225728
53.773 1.41632
54.78 2.254464
55.781 1.755584
56.788 1.937088
57.789 1.30688
58.8 0.864576
59.86 1.186496
60.968 1.368
61.98 1.280448
62.988 0.989504
64.001 1.291392
65.008 1.324224
66.028 1.098944
67.041 1.389888
68.048 1.394432
69.06 1.20384
70.061 1.127232
71.068 1.328768
72.08 2.057472
73.081 1.460096
74.088 1.42272
75.108 1.514816
76.12 1.324224
77.128 1.3616
78.248 1.324224
79.261 1.6416
80.268 1.449152
81.281 1.6416
82.288 0.891008
83.301 1.225728
84.308 1.389888
85.328 1.284992
86.329 1.619712
87.341 1.219328
88.348 1.564992
89.36 1.284992
90.368 1.718208
91.389 1.547648
92.401 1.707264
93.408 1.427264
94.5 1.521216
95.508 1.75556
96.54 1.871424
97.548 1.679
98.549 1.86048
99.553 1.591424
100.561 1.948032
101.568 1.449152
102.569 1.729152
103.581 1.328768
104.589 2.057472
105.601 1.449152
106.608 1.652544
107.628 1.317824
108.629 1.335168
109.633 1.236672
110.64 0.836288
111.641 1.488384
112.66 1.383488
113.68 1.554048
114.688 1.722752
115.7 2.090304
116.701 1.514816
117.708 1.718208
118.721 1.47104
119.728 1.871424
120.74 1.208384
121.741 1.466496
122.761 1.608768
123.768 1.3616
124.781 1.630656
125.788 1.339712
126.808 1.882368
127.828 0.836288
128.841 0.76608
129.848 1.03968
130.861 0.941184
131.869 0.672128
132.881 0.448704
133.928 0.93024
134.94 0.689472
136.392 0.503424
137.399 0.256256
138.407 1.280448
139.42 1.783872
140.427 1.602368
141.439 1.85408
142.547 2.13408
143.551 1.886912
144.572 1.849536
145.579 1.733696
146.587 2.248064
147.588 2.232576
148.595 1.547648
149.607 2.309184
150.615 2.062016
151.62 2.062016
152.623 1.904256
153.634 1.47104
154.635 2.287296
155.642 1.777472
156.647 1.985408
157.754 1.488384
158.762 1.072512
159.775 0.956672
160.782 1.554048
161.795 1.481984
163.002 1.400832
164.015 1.368
165.019 1.055168
166.022 1.269504
167.035 1.400832
168.054 0.956672
169.055 1.006848
170.062 0.93024
171.063 0.726848
172.086 0.361152
173.202 1.58688
174.222 1.219328
175.234 1.608768
176.242 1.346112
177.254 1.317824
178.262 1.674432
179.274 1.372544
180.275 1.510272
181.283 1.372544
182.295 1.389888
183.302 1.350664
184.326 1.53216
185.343 1.521216
186.354 1.186496
187.362 1.291392
188.367 0.744192
189.382 0.442304
190.415 0.284544
191.434 0.459648
192.435 0.995904
193.442 0.131072
196.295 1.383744
197.302 0.777024
198.315 0.87552
199.322 0.153216
201.422 0.963072
202.432 1.700864
203.581 1.192896
204.584 1.109888
205.612 1.072512
206.613 1.510272
207.632 1.186496
208.64 1.335168
209.652 1.164608
