0 0.064704
1.045 0.075488
2.22 0.086272
3.264 0.366656
5.22 0.118624
6.42 0.248032
7.5 0.05392
8.56 0.064704
9.6 0.064704
10.644 0.097056
11.68 0.097056
12.7 0.097056
13.78 0.064704
14.8 0.064704
19.44 0.246496
20.844 0.064704
21.924 0.064704
23.004 0.075488
24.144 0.086272
25.224 0.097056
26.304 0.10784
27.4 0.097056
28.48 0.097056
29.496 0.075488
30.58 0.075488
31.644 0.064704
32.724 0.075488
33.88 0.075488
34.885 0.064704
35.92 0.064704
36.945 0.075488
38.064 0.075488
39.384 0.075808
40.544 0.075168
41.664 0.075488
42.76 0.075488
43.92 0.02336
56.881 0.224672
58.164 0.043584
59.184 0.053472
60.224 0.237248
61.524 0.045056
62.58 0.062784
64.164 0.2768
65.88 0.079072
67.064 0.043136
68.1 0.086272
69.384 1.367328
70.386 2.081672
71.387 1.125912
72.388 1.3498
73.455 0.980856
74.495 0.826328
75.505 1.117408
76.608 1.536792
77.805 1.499216
79.056 1.36764
80.061 1.308544
81.066 1.443536
82.067 1.064144
83.195 1.401712
84.209 1.29832
85.215 1.089608
86.385 1.257504
87.386 1.10284
88.465 1.381216
89.466 1.456352
90.635 1.302648
91.637 1.141728
92.639 0.523728
93.644 0.815768
94.675 0.631768
96.065 0.708688
97.066 0.7448
98.085 0.94464
99.165 1.177984
100.175 0.778424
101.224 1.220104
102.225 1.3062
103.234 1.189008
104.404 1.283896
105.405 1.423016
106.634 1.254712
107.644 1.190384
108.735 1.208224
109.744 0.963352
110.745 0.810264
111.765 1.247976
112.934 1.234768
113.945 0.99104
114.955 0.931256
115.974 0.907632
116.976 0.816024
117.984 1.01224
118.985 1.187264
120.034 1.223792
121.044 0.696296
122.234 0.73876
123.244 0.650848
124.264 0.695176
125.374 0.667576
126.574 0.585472
127.575 0.937008
128.774 0.839528
129.784 0.896816
130.794 0.726024
131.804 0.9386
132.824 0.561424
133.834 0.81024
134.844 0.896568
135.845 1.163456
136.846 1.264768
138.004 1.407872
139.013 0.908096
140.073 1.013888
141.074 1.276192
142.075 0.928744
143.083 0.872808
144.084 0.9396
145.153 1.087112
146.303 1.14628
147.443 1.166064
148.553 1.041896
149.637 1.23532
150.703 1.372208
151.712 1.047416
152.713 1.059
153.733 0.995904
154.734 0.965264
155.743 1.235592
156.753 1.157824
157.754 1.264744
158.783 1.330168
159.912 1.171368
160.972 1.138056
162.113 1.138936
163.153 1.121112
164.293 1.337352
165.303 1.073248
166.304 1.232024
167.323 1.04116
168.462 1.519696
169.562 1.22568
170.573 1.24308
171.583 1.011952
172.584 1.090968
173.592 1.11712
174.593 1.058328
175.594 0.961376
176.613 0.854
177.615 0.963632
178.733 0.989096
179.763 0.881384
180.771 0.985856
181.972 1.076048
183.191 0.60624
184.291 0.934416
185.311 0.877056
186.33 0.77956
187.46 0.962664
188.55 1.012648
189.56 0.950152
190.57 0.995168
191.64 1.079976
192.651 1.078376
193.66 0.637288
194.69 0.929216
195.849 0.981064
197.049 0.908136
198.149 0.921712
199.269 1.081992
200.279 0.936776
201.28 0.78496
202.29 0.916432
203.45 1.172272
204.628 1.071232
205.638 0.894704
206.808 1.145672
207.809 0.803296
208.818 0.9236
