0 0.7744
1.012 0.966656
2.091 1.220064
3.22 1.29536
4.23 1.068
5.251 0.914968
6.261 0.992768
7.271 1.1478
8.281 0.707688
9.301 0.67584
10.321 0.29792
11.331 0.39424
12.371 0.142336
13.441 0.881888
14.592 0.22528
15.642 0.236544
16.648 0.101376
18.052 0.214016
19.082 0.434424
20.102 0.326656
21.112 0.251808
22.142 0.05632
23.193 0.344728
24.218 0.311512
25.283 0.617536
26.293 0.92436
27.443 0.710352
28.453 0.81712
29.474 0.952904
30.484 0.499272
31.525 0.61952
32.564 0.551912
33.585 0.65848
34.644 0.9342
35.874 0.78848
37.056 0.875312
38.065 0.681168
39.095 0.741024
40.296 0.540672
42.015 0.801736
43.025 0.90112
44.036 1.338552
45.276 0.909512
46.406 1.398872
47.408 1.215008
48.456 0.932408
49.626 0.270336
51.366 0.687104
52.376 0.416768
53.377 0.75212
54.378 0.045056
55.537 0.816336
56.74 0.304128
57.777 0.990568
58.787 0.45988
59.788 0.743424
60.797 0.698928
61.839 0.934584
62.888 1.540328
63.89 1.19168
65.286 1.147168
66.299 0.550552
67.309 0.326656
68.338 0.236544
69.398 0.454496
70.439 1.090664
71.44 0.410448
72.441 0.54168
73.709 0.39424
75.18 0.754584
76.181 1.149536
77.183 1.439744
78.19 1.285768
79.2 0.128632
81.311 0.94916
82.312 1.047536
83.321 1.584056
84.322 1.489792
85.331 1.703064
86.341 1.59392
87.342 1.711168
88.352 1.777288
89.412 1.63328
90.421 1.667072
91.422 1.162968
92.432 1.554432
93.433 0.326656
94.442 0.551936
95.452 0.867328
96.453 0.846136
97.483 1.389568
98.595 1.171456
99.642 0.84
100.643 2.117632
101.653 1.711032
102.655 1.728
103.663 1.813504
104.664 1.180456
105.714 0.5632
106.723 0.991232
107.724 0.31928
108.774 0.495616
110.324 1.90736
111.325 1.21496
112.335 1.723392
113.355 1.555688
114.356 2.185216
115.375 1.554432
116.385 1.56604
117.386 1.458456
118.586 1.937408
119.638 2.185216
120.646 1.627912
121.656 2.128896
122.657 1.504
123.666 2.08384
124.667 1.69268
125.676 1.396736
126.686 1.1264
127.696 0.698368
129.876 1.845704
131.067 2.43648
132.077 2.395064
133.078 1.617984
134.177 1.83568
135.287 2.258896
136.288 2.365712
137.328 1.90384
138.329 1.560632
139.337 1.695504
140.658 1.216512
141.678 1.11028
143.448 1.272832
144.498 1.095584
145.508 1.28732
146.519 0.642048
147.529 1.04736
148.54 0.078848
149.729 0.157696
150.749 0.67584
151.759 0.067584
154.059 0.73608
155.07 0.101376
156.109 0.157696
157.86 0.585728
158.873 0.222696
159.95 0.761792
161.001 0.39424
162.01 0.579984
163.02 0.349184
164.08 0.090112
165.621 0.748768
166.622 0.518336
167.626 0.751944
168.692 0.858312
169.711 1.01912
170.712 0.409688
171.752 0.793232
172.762 1.055648
173.842 0.884424
174.852 0.371712
176.112 0.16072
177.412 0.382976
178.592 0.246464
179.622 0.194104
180.713 0.403392
181.755 0.44948
182.833 0.623216
183.843 0.922168
185.004 1.168256
186.063 1.166208
187.124 1.542576
188.394 0.946176
189.395 1.108424
190.404 1.14524
191.574 0.991232
192.575 1.028328
193.584 1.124336
194.594 1.07772
195.605 1.106784
196.855 0.22528
197.865 1.359488
198.895 1.79804
199.925 1.36756
200.926 1.852312
201.936 1.773544
202.937 1.868576
203.948 1.78856
205.177 2.376704
206.178 1.486208
207.306 1.34728
208.308 1.924936
209.309 1.98344
