0 1.111584
1.009 1.138176
2.011 1.083456
3.019 0.665872
4.039 0.952128
5.049 0.634752
6.059 0.43776
7.062 0.327296
8.07 0.503424
9.073 2.101248
10.08 1.95132
11.081 1.108672
12.2 1.607192
13.21 1.58688
14.26 0.561608
15.279 1.619712
16.28 1.661584
17.29 1.344216
18.299 1.181952
19.597 1.474144
20.72 1.269504
21.97 1.982648
22.98 1.89696
24.0 1.827648
25.01 0.920504
26.072 1.443344
27.08 1.034888
28.09 1.488384
29.1 0.7252
30.11 1.006848
31.12 0.612864
32.501 0.483872
33.511 0.897408
34.57 0.666512
35.58 1.116288
36.591 0.819928
37.6 1.171008
38.61 0.557424
39.651 1.96992
40.654 1.367048
41.66 2.02464
42.67 1.023288
43.68 1.575936
44.681 1.335384
46.26 1.521672
47.268 1.199424
48.28 1.083456
49.281 0.995408
50.291 1.272912
51.292 1.547384
52.3 1.464224
53.31 1.499328
54.311 1.583728
55.321 1.315504
56.331 1.357056
57.34 0.871552
58.351 1.236672
59.36 0.87884
60.38 1.76752
61.44 2.363904
62.441 1.397072
63.451 1.646984
64.46 2.29824
65.461 2.126576
66.462 2.13924
67.464 1.751896
68.471 2.254464
69.481 1.635576
70.49 2.057472
71.491 1.4614
72.501 1.893952
73.711 2.166912
74.721 1.746136
75.831 2.374848
76.841 1.7932
77.842 2.495232
78.844 2.11872
79.873 2.50208
80.874 2.584848
81.881 2.528496
82.971 2.22592
83.981 1.84376
84.982 2.53608
86.121 2.932992
87.122 1.978208
88.123 1.80576
89.131 2.35296
90.133 1.737688
91.141 2.276744
92.151 2.878272
93.152 2.277456
94.154 2.418624
95.161 1.162376
97.662 5.912848
98.671 1.904256
99.672 1.619712
100.681 1.724376
101.682 2.227888
102.691 2.057472
103.692 2.132424
104.701 1.799984
105.722 0.558144
106.741 1.050624
107.761 1.379592
108.772 1.236672
109.781 0.941184
110.791 0.021888
112.052 1.53408
113.061 1.767296
114.062 1.847272
115.063 1.973664
116.071 1.726536
117.081 1.748136
118.082 1.763768
119.092 1.924112
120.102 1.792184
121.302 2.387312
122.392 2.320664
123.492 2.232576
124.502 1.273768
125.511 1.319048
126.622 1.006848
127.651 0.995904
128.662 1.926144
129.663 1.888672
130.664 2.145024
131.672 2.13408
132.673 1.315864
133.674 1.411776
134.682 1.523488
135.712 2.112192
136.722 1.671984
137.723 2.090304
138.732 2.134256
139.734 2.1478
140.742 1.717368
141.752 1.849536
142.762 1.833312
143.782 2.164616
144.787 0.952128
145.792 0.38304
146.812 2.002752
147.813 2.575408
148.814 2.956824
149.832 3.168648
150.902 3.51988
151.904 2.3224
152.912 2.849896
153.913 3.38248
155.032 3.90068
156.033 4.103968
157.038 3.201896
158.142 3.733416
159.143 3.214448
160.153 3.665248
161.263 4.23968
162.264 2.570744
163.265 2.8888
164.267 2.392688
165.332 2.1888
166.362 2.427808
167.383 2.646416
168.553 3.17376
169.554 3.25696
170.555 3.166176
171.733 3.12436
172.734 3.1844
173.843 4.555672
174.963 4.169664
175.965 4.118208
177.193 5.36256
178.194 3.3014
179.196 4.640256
180.202 1.848424
181.716 7.316656
182.723 3.907008
183.724 3.462608
184.725 3.682392
185.726 3.731256
186.734 4.082824
187.735 3.91352
188.833 3.863232
189.834 3.08548
190.843 3.364344
191.844 2.897328
192.853 3.34516
193.913 2.648448
194.914 3.305944
195.915 3.753792
196.922 3.907008
197.923 3.629408
198.924 4.125888
199.932 4.071168
200.938 2.934488
201.942 3.381696
202.943 2.76972
203.953 3.239424
204.954 1.99152
205.962 2.40768
206.963 2.166912
207.972 1.546184
208.982 2.84544
209.983 2.1888
