0 0.842688
1.02 0.76608
2.03 0.880064
3.13 0.853632
4.14 1.116288
5.15 0.886464
6.16 0.606464
7.18 0.612864
8.21 0.470592
9.22 0.393984
12.111 0.10944
13.231 0.10944
14.351 0.10944
15.361 0.10944
16.431 0.065664
23.184 1.120832
24.622 1.838592
25.623 1.419032
26.972 1.28868
27.992 1.455552
28.993 0.97856
30.002 1.400832
31.012 0.131072
32.015 2.171712
33.041 0.580032
34.051 0.536256
35.071 0.49248
36.072 0.803456
37.161 0.787968
38.271 0.689472
39.281 0.350208
40.302 0.974016
41.303 0.75968
42.311 0.525312
43.312 0.974016
44.321 0.853632
45.332 0.901952
46.341 0.864576
47.351 1.20384
48.361 1.044224
49.371 0.65664
50.388 0.415872
51.391 0.558144
52.401 1.138176
53.411 0.8144
54.421 0.787968
55.431 0.503424
56.452 0.317376
57.472 0.448704
58.481 0.777024
59.492 0.409472
60.501 0.372096
61.611 0.2736
62.621 0.503424
63.641 0.021888
67.848 0.8208
68.858 0.945728
69.898 1.31328
70.908 1.674432
71.918 1.372544
72.938 1.127232
73.939 1.077056
74.948 1.510272
75.949 1.455552
76.958 0.86912
77.967 0.919296
78.978 1.006848
79.998 1.295936
81.008 1.291392
82.018 1.4382
83.138 1.608768
84.148 1.510272
85.149 1.230272
86.15 1.488384
87.158 1.241216
88.167 1.564992
89.168 1.383488
90.177 1.455552
91.187 1.368
92.198 1.077056
93.207 1.368
94.218 1.153664
95.227 1.455552
96.251 1.6416
97.258 1.295936
98.279 1.685376
99.287 1.328768
100.288 1.554048
101.308 1.328768
102.309 1.466496
103.327 1.284992
104.407 1.411776
105.408 1.455552
106.417 0.97856
107.427 1.225728
108.428 1.42272
109.437 1.153664
110.447 1.400832
111.449 1.263104
112.457 1.608768
113.458 1.328768
114.467 1.488384
115.478 1.619712
116.487 1.405376
117.498 1.368
118.507 1.055168
119.517 1.192896
120.527 1.138176
121.537 0.967616
122.557 1.192896
123.567 1.192896
124.577 0.97856
125.585 1.116288
126.587 1.192896
127.597 1.011392
128.607 1.116288
129.617 1.160064
130.619 1.088
131.627 1.236672
132.637 1.274048
133.697 1.575936
134.698 1.608768
135.706 1.295936
136.708 1.554048
137.738 0.628352
138.741 1.335168
139.746 1.302336
140.747 1.077056
141.756 1.138176
142.776 1.400832
143.778 1.30688
144.786 1.236672
145.796 0.967616
146.806 1.247616
147.816 1.181952
148.817 1.000448
149.836 1.192896
150.845 1.378944
151.846 1.14272
152.847 1.335168
153.856 1.028736
154.866 0.748736
155.875 0.952128
156.876 0.897408
157.885 0.8208
158.895 0.672128
159.905 0.60192
160.918 0.678528
161.945 0.853632
162.955 0.836288
163.966 0.908352
164.985 0.76608
165.986 0.645696
167.005 0.612864
168.035 0.453248
169.045 0.87552
170.055 0.798912
171.065 0.798912
172.085 0.825344
173.105 1.105344
174.106 0.963072
175.115 0.847232
176.195 1.028736
177.196 0.787968
178.206 0.5472
179.235 0.426816
180.245 0.43776
181.295 0.070208
198.977 0.032832
200.727 0.142272
201.817 0.131328
202.837 0.415872
203.857 0.733248
204.867 0.634752
205.877 0.744192
206.878 0.70496
207.887 1.718208
208.888 1.492928
209.897 1.510272
