0 1.548656
1.011 2.209792
2.021 2.523136
3.031 2.166376
4.032 2.032688
5.202 2.568192
6.211 1.674952
7.362 2.515968
8.363 2.050496
9.364 2.680832
10.372 2.095176
11.382 1.955456
12.383 2.354176
13.392 1.711664
14.393 2.47808
15.395 2.162776
16.403 2.039464
17.613 2.050048
18.622 0.67584
19.623 1.129152
20.628 1.486848
21.633 1.174944
22.786 1.272832
23.793 1.498112
24.795 1.294712
25.803 1.74592
26.813 1.498112
27.822 0.920816
28.823 1.543168
29.833 1.578224
30.834 1.374208
31.842 1.137456
32.883 1.705
33.912 1.49364
35.033 1.275312
36.034 1.75912
37.043 1.021632
38.053 1.29536
39.064 0.580848
41.215 1.19276
42.224 1.26064
43.443 1.396736
44.444 1.196104
45.454 0.776384
46.465 1.137664
47.474 1.311376
48.505 0.90112
49.535 0.811216
50.545 0.574464
51.555 1.731336
52.631 0.833536
53.655 0.551936
55.106 0.228312
56.275 0.078848
57.276 0.236544
58.296 0.214016
61.236 0.912384
65.487 0.202752
110.99 0.055976
111.993 0.009328
113.494 0.101376
114.613 0.101376
115.791 0.090112
116.85 0.101376
117.912 0.101376
118.993 0.052856
120.531 0.11264
121.753 0.078848
122.893 0.067584
123.914 0.078848
124.953 0.067584
126.153 0.078848
127.232 0.038272
130.781 0.067584
131.854 0.05632
132.975 0.05632
134.032 0.090112
135.276 0.078848
136.353 0.101376
137.715 0.019464
139.095 0.067584
140.253 0.05632
141.315 0.022528
142.433 0.067584
143.614 0.05632
145.338 0.090112
146.434 0.067584
147.496 0.048816
149.334 0.011264
150.376 0.078848
151.976 0.011264
153.096 0.033792
154.314 0.101376
155.335 0.11264
156.336 0.123904
157.337 0.070272
159.277 0.101376
160.339 0.157696
161.361 0.123904
162.397 0.090112
163.421 0.11908
164.92 0.123904
166.018 0.11264
167.256 0.022528
178.293 0.900336
179.404 1.50704
180.414 2.223384
181.513 2.304064
182.514 2.477136
183.515 3.30392
184.517 3.16088
185.715 2.9494
186.717 1.869824
187.744 0.88608
188.775 1.80224
189.784 1.205248
190.865 0.349184
191.884 0.157696
