0 0.902264
1.011 0.738184
2.02 0.925072
3.031 1.247616
4.041 0.749272
5.051 1.063616
6.11 0.995936
7.131 0.700416
8.14 0.6938
9.15 0.705904
10.17 0.755136
11.19 0.636216
12.2 0.728256
13.21 0.667584
14.211 0.672632
15.23 0.952128
16.24 0.501176
17.29 0.43776
18.511 0.306432
20.021 0.490944
21.03 0.361152
22.07 0.196992
23.15 0.365224
24.16 1.355816
25.169 0.317376
26.19 0.621048
27.24 1.067608
28.34 0.965096
29.39 1.196288
30.4 1.049696
31.41 0.769624
32.42 1.041984
33.43 0.962872
34.454 0.9204
35.65 1.016848
36.66 1.054104
37.67 0.999584
38.68 1.007144
39.69 0.404928
40.72 0.175104
41.74 0.196992
43.989 0.399072
45.0 0.479728
46.239 0.514368
47.259 0.389648
48.26 0.2736
49.309 0.505056
50.32 0.647192
51.339 0.776344
52.349 0.54636
53.53 0.73524
54.539 0.638032
55.54 0.373624
56.549 0.515448
57.589 0.530736
58.609 0.689472
59.614 0.653152
60.85 0.739464
61.859 0.701936
62.879 0.559144
63.899 0.744528
65.05 0.890344
66.059 0.5348
67.219 0.477128
68.289 0.565928
69.299 0.562992
70.319 0.660208
71.339 0.540912
72.359 0.759
73.369 0.740936
74.389 0.642704
75.45 0.680648
76.478 0.817472
77.489 0.75152
78.498 0.70248
79.609 0.725736
80.618 0.785736
81.619 0.656696
82.638 0.7708
83.64 0.822848
84.648 0.813488
85.658 0.520432
86.678 0.65652
87.679 0.76872
88.68 0.921952
90.118 0.826208
91.129 0.776696
92.188 1.067184
93.388 1.02292
94.399 0.790264
95.408 1.174344
96.588 1.048912
97.589 1.046728
98.688 1.056472
99.758 0.951504
100.768 1.019864
101.968 0.960048
103.018 0.956632
104.078 0.913488
105.089 1.170784
106.168 1.122048
107.169 1.021872
108.178 0.888872
109.188 1.094824
110.198 1.151136
111.199 1.096072
112.208 1.272144
113.219 1.008464
114.228 0.943632
115.238 0.839232
116.248 0.666336
117.258 0.826776
118.408 1.104528
119.608 0.661272
120.827 0.666392
121.828 0.787648
122.829 0.708512
123.844 0.657592
124.847 0.21888
125.858 0.353672
126.868 0.668608
127.878 0.797208
129.088 0.693288
130.29 1.205016
131.297 0.653472
132.687 0.36312
133.887 1.128136
134.896 1.123144
135.897 1.056672
136.898 1.013128
137.907 1.279432
138.908 1.365472
139.917 1.497592
140.918 1.261648
141.977 1.552256
142.986 1.195552
144.167 1.345688
145.227 1.332192
146.228 1.57036
147.237 1.351896
148.436 1.648952
149.437 1.313224
150.497 1.548856
151.502 1.661736
152.506 1.26324
153.507 0.977736
154.509 1.69428
155.686 1.139856
156.687 1.071272
157.696 1.334768
158.706 0.488184
159.716 1.232912
160.717 1.200056
161.726 1.218936
162.937 1.264552
163.938 1.354072
164.946 0.95452
165.956 1.456112
166.957 1.514448
167.958 1.652072
168.967 1.201912
169.987 1.4444
170.996 1.362168
172.017 2.128168
173.018 1.51404
174.056 1.941216
175.057 1.397616
176.067 1.919952
177.068 1.881616
178.077 1.73268
179.086 1.690136
180.216 1.981304
181.236 1.146616
182.237 1.550064
183.257 1.206512
184.258 1.014264
185.466 1.168152
186.467 1.196896
187.476 1.076216
188.596 1.113864
189.606 1.295768
190.607 1.072008
191.615 0.810016
192.626 0.602032
193.646 0.733248
194.655 0.646776
195.676 0.822176
196.686 1.136496
197.836 1.274728
198.856 1.494328
199.866 1.55596
200.876 1.420144
201.996 1.716712
203.236 1.388872
204.466 1.172632
205.486 1.110992
206.487 1.168616
207.495 0.945192
208.585 1.116288
209.594 0.908328
