0 0.514368
1.02 0.580048
2.04 0.71136
3.05 0.56728
4.069 0.620312
5.079 0.809856
6.08 0.501656
7.09 0.503424
8.12 0.195064
9.139 0.667584
10.159 0.504968
11.18 0.612864
12.209 0.31828
13.229 0.49248
14.25 0.318632
15.268 0.43776
16.298 0.401216
17.299 0.514368
18.318 0.305872
19.538 0.514368
20.569 0.787968
21.57 0.54648
22.609 0.932232
23.818 0.897408
24.838 0.73636
25.848 1.006848
26.859 0.816192
27.879 0.843032
28.889 0.831944
29.909 1.105344
30.918 0.872328
31.928 1.148184
33.078 1.335168
34.089 1.15992
35.098 0.872344
36.099 1.524424
37.109 0.560736
38.219 1.130512
39.278 1.138176
40.298 0.494688
41.318 0.65664
42.338 0.616248
43.349 0.855248
44.418 0.779064
45.437 0.586184
46.447 0.61336
47.448 0.653304
48.457 0.566616
49.467 0.454048
50.548 0.666176
51.767 0.744192
52.777 0.84416
53.787 0.941184
54.797 0.582544
55.808 0.590976
56.847 0.65664
57.857 0.520744
58.888 0.974016
59.897 0.854688
60.908 0.485832
61.947 0.393984
62.957 0.251712
63.977 0.677728
64.987 0.953288
66.057 0.700416
67.067 0.415872
68.267 0.383616
69.277 0.49248
70.297 0.470592
71.328 0.142272
72.428 0.103
74.596 0.076608
75.735 0.339264
76.746 0.247992
77.756 0.558144
78.757 0.5704
79.766 0.426816
80.826 0.240768
81.836 0.451056
82.846 0.569088
83.866 0.404928
84.876 0.587712
85.886 1.067048
86.906 1.276304
87.916 1.327928
88.926 1.050872
89.927 0.798912
90.946 0.746808
91.956 1.008432
92.976 0.761584
94.056 0.60192
95.065 0.724344
96.076 0.714808
97.086 0.731056
98.165 0.842688
99.166 0.608592
100.176 1.116288
101.196 0.945592
102.216 0.87552
103.236 0.674744
104.276 0.777024
105.295 0.722304
106.306 0.722256
107.308 0.800136
108.316 1.0672
109.325 1.147544
110.326 1.23656
111.334 1.215192
112.475 0.809856
113.494 0.679368
114.505 0.793608
115.644 1.024088
116.705 1.600328
117.715 1.47908
118.724 1.2954
119.734 1.485408
120.745 1.552824
121.945 1.46304
122.955 1.261864
123.965 1.4364
124.966 1.294296
125.967 1.517368
126.975 1.450576
127.984 1.178776
128.995 1.124032
130.005 1.314912
131.215 1.334896
132.225 1.2032
133.294 1.54812
134.295 1.480712
135.304 1.4148
136.314 1.741912
137.315 1.615856
138.316 1.996648
139.324 1.417136
140.325 1.96552
141.326 1.25708
142.354 1.826632
143.355 1.564264
144.434 1.840088
145.435 1.26032
146.445 1.621584
147.494 1.591552
148.584 2.03484
149.585 1.411664
150.594 1.945232
151.824 2.08052
152.825 1.744456
153.945 1.789176
155.074 1.831792
156.075 1.347824
157.085 1.842488
158.094 1.69868
159.105 1.107608
160.134 1.29344
161.135 0.67192
162.144 1.162072
163.154 0.9124
164.164 1.163112
165.184 0.886768
166.194 0.917496
167.204 1.119552
168.224 0.882728
169.234 0.54208
170.283 0.240768
171.374 0.44604
172.414 0.448704
173.423 0.49156
174.444 0.864576
175.453 0.664032
176.463 0.683616
177.482 0.98496
178.492 0.274336
179.503 1.017792
180.512 0.757544
181.543 0.76896
182.612 1.072512
183.632 0.760728
184.633 0.840808
185.643 0.786736
186.662 0.796504
187.692 0.93024
188.693 0.707312
189.702 0.995904
190.713 0.797784
191.722 0.79284
192.862 0.897408
193.863 0.592904
195.232 1.028736
196.261 0.69024
197.262 0.842688
198.271 0.663128
199.471 0.76608
200.481 0.608408
201.691 0.612864
202.701 0.505816
203.711 0.64348
204.871 0.700416
205.881 0.650296
206.882 0.894336
207.883 0.773792
208.891 0.493624
209.902 0.765464
