0 0.062152
1.04 0.098496
2.298 0.098496
3.54 0.098496
4.559 0.076608
5.719 0.057416
6.882 0.098496
7.939 0.153216
8.944 0.131328
10.04 0.069384
11.081 0.175104
12.202 0.131328
13.22 0.10944
14.52 0.16416
15.584 0.175104
16.741 0.086592
17.761 0.207936
18.961 0.163904
21.343 0.27484
22.459 0.098496
23.465 0.196992
24.523 0.153216
25.664 0.142272
26.703 0.068704
27.723 0.131328
28.762 0.131328
29.779 0.142272
30.901 0.098496
31.923 0.102736
33.463 0.131328
34.501 0.120384
35.704 0.186048
36.722 0.142272
37.742 0.1104
38.743 0.186048
39.766 0.175104
40.804 0.21888
42.02 0.092064
43.226 0.21888
44.243 0.229824
45.483 0.183808
46.746 0.21888
47.763 0.10944
61.328 0.120384
62.388 0.142272
63.458 0.133112
64.629 1.575616
68.21 1.915528
69.211 2.125536
70.212 1.942048
71.4 2.253904
72.402 2.10632
73.403 2.563704
74.582 2.592976
75.583 3.156232
76.662 3.395536
77.782 3.1546
78.961 3.360976
79.962 2.84724
80.963 2.017368
81.971 1.707264
82.981 1.39816
83.983 2.369032
85.204 1.974848
86.271 2.116552
87.483 3.654184
88.485 3.082736
89.622 3.31988
90.623 2.852528
91.683 2.947968
92.684 3.25564
93.685 2.36036
94.7 1.707264
95.72 3.026752
96.725 3.4522
97.746 3.282376
98.944 2.930144
99.946 2.823136
100.953 2.338272
102.163 3.0096
103.164 1.41456
104.184 2.615616
105.186 1.407328
106.194 2.1888
107.195 1.141456
108.232 0.798912
109.233 1.597824
110.246 1.527392
111.253 0.479592
112.263 1.466496
113.273 0.504224
114.283 0.919296
115.313 0.87552
116.383 0.827872
117.446 1.3312
118.913 1.217656
120.113 0.558144
121.123 1.202328
122.125 1.359656
123.133 0.621072
124.134 1.412296
125.144 1.389888
126.145 0.12748
127.203 1.58688
128.214 0.53856
129.244 1.028736
130.245 0.694216
131.294 0.65664
132.304 0.120384
133.463 0.803184
134.484 1.122816
135.634 0.744192
136.654 0.593072
137.668 1.223376
138.674 1.405024
139.675 1.024472
140.734 1.488384
141.735 1.306024
142.736 1.01308
143.835 1.028736
144.846 0.921024
145.854 1.017792
146.855 0.526936
147.925 1.708648
149.354 1.160064
150.355 0.838776
151.356 1.301032
152.357 0.961728
153.375 1.12264
154.406 0.978056
155.535 1.198112
156.555 0.963072
157.565 0.93892
158.567 1.0674
159.615 1.03968
160.624 0.829688
161.636 1.31876
162.637 1.009792
163.705 1.160064
164.724 1.280944
166.165 0.842688
167.176 1.269504
168.178 0.54208
169.187 1.685376
170.189 0.659536
171.206 0.733248
172.236 0.773488
173.306 0.5472
174.316 0.733248
175.337 0.363152
176.356 0.645696
177.367 0.464464
178.566 0.317376
179.597 1.150176
180.738 0.831744
181.756 0.430472
182.776 0.306432
183.818 0.262656
184.867 0.032832
185.977 0.459648
187.317 0.22696
188.347 0.065664
189.447 0.120384
190.718 0.284544
191.719 0.404928
192.767 0.279712
193.778 0.536256
194.827 0.957072
195.898 1.503584
197.089 1.162128
198.158 0.744512
199.188 1.068152
200.198 1.226
201.208 0.886464
202.217 0.855928
203.218 0.73624
204.248 0.6072
205.258 0.678528
206.278 0.119536
207.318 0.569088
208.319 1.140152
209.59 0.419024
