0 1.31328
1.001 1.400832
2.01 1.109888
3.02 1.444608
4.021 1.30688
5.03 1.499328
6.04 1.543104
7.05 1.219328
8.051 1.291392
9.06 1.19744
10.08 1.083456
11.081 1.335168
12.09 1.120832
13.1 1.47744
14.11 1.328768
15.12 1.31328
16.13 0.995904
17.14 0.919296
18.15 0.672128
19.16 0.612864
20.17 0.722304
21.18 0.777024
22.19 0.672128
23.2 0.777024
24.21 0.831744
25.211 0.853632
26.22 0.803456
27.23 0.831744
28.24 0.71136
29.26 0.503424
30.27 0.689472
31.3 0.770624
32.31 0.952128
33.33 1.083456
34.34 0.901952
35.35 1.127232
36.351 1.280448
37.36 1.109888
38.37 1.171008
39.38 1.324224
40.39 0.967616
41.4 1.072512
42.41 1.116288
43.42 0.748736
44.45 1.050624
45.451 1.017792
46.46 1.050624
47.461 0.978552
48.47 1.127232
49.49 1.105344
50.5 0.770624
51.51 1.138176
52.53 1.050624
53.54 0.901952
54.55 1.061568
55.57 0.831744
56.579 0.71136
57.589 0.606464
58.6 0.612864
59.609 0.886464
60.619 1.017792
61.62 0.661184
62.621 1.335168
63.63 1.214784
64.64 0.912896
65.649 1.138176
66.67 1.20384
67.689 0.912896
68.69 1.269504
69.709 1.324224
70.72 1.19744
71.73 1.247616
72.739 1.044224
73.749 1.357056
74.751 1.368
75.77 1.131776
76.771 1.269504
77.79 1.346112
78.798 0.989504
79.808 1.116288
80.818 0.963072
81.828 0.737792
82.838 0.93024
83.839 0.853632
84.848 0.908352
85.858 0.715904
86.868 1.028736
87.888 0.897408
88.898 0.65664
89.908 0.43136
90.918 0.5472
91.928 0.514368
92.938 0.317376
93.948 0.2736
94.978 0.404928
95.988 0.558144
96.998 0.37664
98.048 0.777024
99.058 0.744192
100.068 0.76608
101.078 0.60192
102.088 0.354728
103.228 0.186048
105.378 0.645696
106.388 0.580032
107.398 0.448704
108.418 0.32832
109.458 0.2736
110.488 0.393984
111.497 0.42044
112.677 0.678528
113.687 0.590976
114.707 0.667584
115.737 0.426816
116.747 0.274368
117.789 0.383168
118.797 0.408576
119.816 0.623808
120.826 1.072512
121.827 1.41904
122.829 1.124512
123.837 1.061568
124.847 0.733248
125.848 0.365696
126.876 0.569088
127.886 0.623808
128.896 0.426816
129.905 0.131072
136.219 1.712064
137.235 0.426816
138.265 0.393984
139.275 0.251712
140.305 0.2736
141.325 0.612864
142.355 0.612864
143.365 0.481536
144.395 0.321928
145.415 0.426816
146.425 0.317376
147.435 0.361152
148.455 0.43776
149.475 0.415872
150.505 0.240768
151.515 0.32832
152.535 0.464192
153.625 0.700416
154.634 0.734144
155.635 0.611968
156.645 0.65664
157.655 0.573632
158.725 0.49248
159.755 0.5472
160.765 1.061568
161.766 1.116288
162.775 0.989504
163.776 1.138176
164.788 1.028736
165.795 0.551744
166.805 0.853632
167.815 0.76608
168.825 0.76608
169.826 0.726848
170.845 0.963072
171.865 1.006848
172.875 0.941184
173.895 0.792512
174.906 1.061568
175.915 0.995904
176.925 0.86912
177.932 0.952128
178.935 0.952128
179.945 0.569088
180.975 0.393984
181.985 0.409472
183.005 0.65664
184.015 0.514368
185.034 0.393984
186.035 0.393984
187.065 0.536256
188.085 0.497024
189.095 0.93024
190.105 1.083456
191.125 1.263104
192.275 1.291392
193.285 1.0944
194.286 0.891008
195.334 0.93024
196.335 1.138176
197.345 1.127232
198.354 0.891008
199.355 0.919296
200.365 0.842688
201.374 0.8144
202.395 0.60192
203.425 0.580032
204.435 0.536256
205.454 0.525312
206.494 0.196992
209.97 0.098496
