0 1.15864
1.03 1.564504
2.19 1.203584
3.21 0.855448
4.211 1.085312
5.35 0.907912
6.36 0.842056
7.46 0.663072
8.47 0.453208
9.48 0.622832
10.51 0.553448
11.53 0.416048
12.549 0.626976
13.552 0.755488
14.56 0.506376
15.599 0.38304
16.622 0.296784
17.639 0.339264
18.648 0.371656
19.649 0.622552
20.658 0.489344
21.678 0.844432
22.698 0.54644
23.722 0.375104
24.728 0.318184
25.748 0.43776
26.768 0.290488
27.809 0.309464
28.838 0.459648
29.858 0.502552
30.869 0.668864
31.878 0.59336
33.099 0.610968
34.119 0.42588
35.178 0.361152
36.18 0.477184
37.188 0.435928
38.198 0.640152
39.338 0.580032
40.348 0.463376
41.358 0.330032
42.378 0.711608
43.559 0.580032
44.578 0.4274
45.599 0.722304
46.608 0.62404
47.627 0.527512
48.638 0.415872
49.647 0.481536
50.668 0.273808
51.677 0.38304
52.707 0.269912
53.717 0.350208
54.777 0.270864
55.817 0.284544
56.857 0.262656
57.897 0.11684
58.967 0.142272
59.987 0.16416
60.997 0.087552
62.067 0.142272
63.127 0.188704
64.137 0.251712
65.147 0.210376
66.166 0.306432
67.167 0.281312
68.257 0.196992
69.317 0.120384
70.387 0.186048
71.426 0.251712
72.457 0.346752
73.487 0.244256
74.557 0.2736
75.607 0.215064
76.647 0.470592
77.657 0.422688
78.667 0.5472
79.677 0.325376
80.707 0.45024
81.727 0.509616
82.806 0.524168
83.947 0.589072
85.047 0.67568
86.048 0.820664
87.057 0.852232
88.067 0.64588
89.086 0.712224
90.096 0.667048
91.106 0.588456
92.266 0.535416
93.276 0.891992
94.287 0.473512
95.305 0.477672
96.315 0.524384
97.365 0.464648
98.424 0.2736
99.445 0.2174
100.494 0.262656
101.495 0.201416
102.525 0.21888
103.535 0.149344
104.614 0.16416
105.626 0.827664
106.635 0.548256
107.65 0.532144
108.765 0.518488
109.784 0.508768
110.795 0.526128
111.804 0.571928
112.815 0.775928
113.824 0.809152
114.825 0.883128
115.835 1.01356
117.124 1.000736
118.134 0.986416
119.135 1.037192
120.154 0.919872
121.155 1.053104
122.284 0.688808
123.294 0.92232
124.295 0.671296
125.304 0.847448
126.324 0.764696
127.514 0.843752
128.544 0.755416
129.695 0.404928
130.705 0.275072
131.715 0.131072
134.323 0.7876
135.344 0.29416
136.454 0.404928
137.503 0.325224
138.513 0.354336
139.55 0.536256
140.573 0.306304
141.583 0.479408
142.594 0.833728
143.713 0.45272
145.062 0.317376
146.082 0.374416
147.093 0.662728
148.112 0.522608
149.122 0.642824
150.132 0.3816
151.142 0.417592
152.152 0.680552
153.173 0.470296
154.217 0.572184
155.246 0.346424
156.272 0.361152
157.282 0.255496
158.302 0.372096
159.312 0.235008
160.335 0.724864
161.342 0.858528
162.362 0.64972
163.382 0.59896
164.392 0.649112
165.402 0.798776
166.412 0.65236
167.432 0.628816
168.443 0.789792
169.545 1.064736
170.552 0.889416
171.592 0.998176
172.612 1.117768
173.742 1.120832
174.761 0.951424
175.762 0.999128
176.772 0.932128
177.822 1.196544
178.832 1.090528
179.862 1.638168
181.242 1.037288
182.252 1.310224
183.253 1.331632
184.422 0.920904
185.452 1.258808
186.462 1.248936
187.662 1.217456
188.671 1.255736
189.681 0.953408
190.684 1.194808
191.691 1.229992
192.772 0.939896
193.78 1.365776
194.781 1.360336
195.901 1.35712
196.91 1.095144
197.92 0.910672
198.97 1.362216
199.99 1.10544
200.991 1.111264
202.0 1.253368
203.01 0.829464
204.02 0.723776
205.029 0.692904
206.059 0.985696
207.06 0.73832
208.07 0.85352
209.079 0.736032
