0 1.196808
1.001 1.364048
2.2 0.830112
3.42 1.35936
4.422 1.318856
5.72 1.423824
6.729 1.2752
7.959 1.216592
8.969 1.188416
10.15 1.137928
11.209 1.051144
12.499 0.985992
13.689 0.943704
14.839 1.05908
15.841 1.1152
16.849 1.45176
17.859 0.87512
18.86 1.157112
19.879 1.2792
20.88 1.278296
21.889 0.885512
22.899 0.863192
24.009 1.189432
25.01 0.94528
26.019 1.061552
27.069 1.340872
28.099 0.966208
29.129 0.76176
30.139 0.781816
31.149 0.536864
32.169 0.58172
33.258 0.361152
34.267 0.196992
35.268 0.098496
36.277 0.124704
37.317 0.131328
38.417 0.207936
39.437 0.299168
40.456 0.569088
41.466 0.529448
42.477 0.790096
43.506 0.48512
44.516 0.426816
45.517 0.238152
46.557 0.536256
47.559 0.550168
48.566 0.839408
49.576 0.755552
50.596 0.73436
51.618 0.801384
52.717 0.580424
53.756 0.38304
54.786 0.157688
55.797 0.229824
56.846 0.283112
57.876 0.085616
59.567 0.295488
61.957 0.087552
63.417 0.287224
64.797 0.21888
65.877 0.094088
66.926 0.131328
68.127 0.142272
69.176 0.098496
97.379 0.084624
98.44 0.175104
99.45 0.065664
100.455 0.087552
101.669 0.207016
102.67 0.295488
103.679 0.310376
104.71 0.363096
105.91 0.229824
106.919 0.131328
107.943 0.277552
108.964 0.010944
110.059 0.480752
111.068 0.207936
112.288 0.308224
113.328 0.153216
114.798 0.306432
115.807 0.08384
117.308 0.142272
119.34 0.2736
120.347 0.268784
121.367 0.2736
122.368 0.214176
123.417 0.415872
124.437 0.257376
126.282 0.474392
127.289 0.470592
128.321 0.46176
129.374 0.257416
130.387 0.580032
131.407 0.213888
132.577 0.350208
133.627 0.158368
134.637 0.448704
135.656 0.359528
136.696 0.339264
137.717 0.246544
138.736 0.278208
140.006 1.109976
141.039 0.839384
142.046 1.12712
143.056 0.820832
144.382 0.677552
145.387 0.77184
146.415 0.732624
147.425 0.75832
148.426 1.060432
149.595 1.178248
150.685 1.168912
151.776 1.184912
152.885 1.050208
153.915 1.305752
155.025 1.166248
156.045 1.069424
157.055 1.084232
158.056 0.761304
159.075 0.761624
160.185 0.848416
161.194 0.8188
162.195 0.978816
163.324 1.004008
164.335 1.107352
165.344 0.792272
166.384 0.96292
167.386 1.29392
168.534 1.574072
169.535 1.232448
170.585 1.524976
171.595 1.203312
172.663 1.564224
173.794 1.683968
174.834 1.928768
175.964 1.719456
177.084 1.430424
178.085 1.332
179.184 1.325192
180.194 1.329416
181.275 1.09136
182.295 1.473408
183.296 1.107912
184.303 1.267216
185.334 1.334232
186.483 1.292248
187.661 1.353568
188.671 0.981616
189.672 0.867096
190.682 0.897744
191.691 0.807352
192.701 1.136536
193.841 1.115152
195.021 1.162544
196.181 1.124528
197.182 0.947656
198.191 0.849408
199.192 1.268472
200.201 0.972088
201.213 1.02064
202.221 0.93348
203.231 0.956344
204.241 1.08
205.361 1.0934
206.401 1.10396
207.421 0.745088
208.431 1.08132
209.432 0.771936
