0 1.03328
1.01 3.977216
2.011 4.75424
3.012 4.222528
4.03 4.655744
5.032 4.338368
6.033 4.58368
7.041 5.268608
8.043 0.803456
11.33 3.2768
12.382 4.776128
13.383 4.677632
14.385 4.52896
15.39 4.69952
16.391 4.0976
17.399 3.342464
18.41 3.320576
19.43 3.37984
20.431 3.824
21.441 3.76928
22.503 5.535808
23.51 5.071616
24.521 4.922944
25.522 5.476544
26.523 4.277248
27.524 4.852736
28.525 4.813504
29.55 5.257664
30.551 5.02144
31.56 5.115392
32.57 4.58368
33.581 5.443712
34.591 5.24032
35.592 5.393536
36.64 5.148224
37.652 4.69312
38.69 4.885568
39.691 4.933888
40.751 3.265848
41.77 4.852736
42.771 4.988608
43.85 4.984064
44.851 4.846336
45.888 5.126336
46.889 4.715008
47.928 4.119488
48.937 4.896512
49.938 4.41952
50.939 4.97312
51.94 4.52896
52.998 4.622912
53.999 4.622912
55.007 4.386688
56.008 4.984064
57.016 4.299136
58.046 4.732352
59.047 4.6448
60.048 4.124032
61.049 4.819904
62.051 4.627456
63.076 5.115392
64.077 4.715008
65.157 4.732352
66.158 4.382144
67.159 3.992704
68.166 4.546304
69.167 5.192
70.168 3.76288
71.208 5.027848
72.209 4.408576
73.237 4.830824
74.246 4.896536
75.247 4.320872
76.248 2.773528
77.256 3.977216
78.257 3.889664
79.258 4.217984
80.266 3.959872
81.276 4.031936
82.277 4.896488
83.278 4.24444
84.297 4.80896
85.298 4.846312
86.366 4.622936
87.367 4.852728
88.383 4.20064
89.386 4.436864
90.387 4.816224
91.395 4.324704
92.397 4.360256
93.398 4.338368
94.399 3.795712
95.4 4.732352
96.406 4.031936
97.407 4.222528
98.408 4.458752
99.417 4.15232
100.418 4.189696
101.485 4.53536
102.486 4.611968
103.487 3.342464
104.488 3.87872
105.496 4.102144
106.497 4.732352
107.506 4.299136
108.518 4.688576
109.526 4.239872
110.537 4.485184
111.538 4.666688
112.543 4.458752
113.546 3.937984
114.547 4.962176
115.548 4.616512
116.606 5.213888
117.607 4.835392
118.609 5.345224
119.615 4.758784
120.616 5.399936
121.618 4.69312
122.619 5.345216
123.621 4.31008
124.636 5.126336
125.637 4.353856
126.645 5.235776
127.646 4.353856
128.724 4.305536
129.725 4.885568
130.726 4.069312
131.727 4.524416
132.735 4.283576
133.745 4.086728
134.746 3.92704
135.747 4.064768
136.754 4.130432
137.755 4.108544
138.756 4.025536
139.765 4.53536
140.766 4.075712
141.767 3.948928
142.874 4.327424
143.885 3.87872
144.886 3.681728
145.895 3.977216
146.896 3.648896
147.897 3.98176
148.904 4.436864
149.919 4.42592
150.925 3.751928
151.926 4.381992
152.935 2.434264
153.944 3.813056
154.945 3.353408
155.946 3.834944
156.955 4.185152
157.956 3.353408
158.965 3.243968
159.974 2.062016
160.975 3.309632
161.976 3.71456
162.984 4.196096
163.994 3.937984
165.003 3.265856
166.023 3.287744
167.073 4.940288
168.074 4.3712
169.083 3.681728
170.093 3.37984
171.152 3.298688
172.193 3.254912
173.253 3.129984
174.254 1.9088
175.262 2.663936
176.263 3.178304
177.273 2.456
178.274 1.904256
179.275 1.96352
180.293 2.199744
181.294 1.897856
182.302 1.626976
183.312 1.266784
184.313 1.499328
185.314 1.766528
186.323 1.904256
187.324 1.274048
188.343 2.259008
189.344 2.823552
190.352 1.536704
191.362 2.07296
192.382 2.07936
193.383 1.646144
194.392 2.177856
195.393 1.930688
196.417 2.204288
197.424 3.042432
198.432 2.215232
199.433 2.083904
200.434 2.280904
201.692 2.374848
202.713 2.335616
203.723 2.215232
204.732 2.13408
205.733 2.040128
206.734 2.456
207.752 2.725056
208.753 2.609216
209.762 2.412224
