0 4.846336
1.001 4.830848
2.002 4.233472
3.028 4.940288
4.029 3.419072
5.031 5.065216
6.032 4.655744
7.033 4.868216
8.048 4.524416
9.049 5.159168
10.057 4.704064
11.066 5.24672
12.076 4.715008
13.078 4.995008
14.079 4.41952
15.08 5.202944
16.081 4.660288
17.083 5.51392
18.157 5.388992
19.158 4.780672
20.159 5.651648
21.16 4.74784
22.161 5.312384
23.163 5.065216
24.164 5.108992
25.177 5.345216
26.178 4.507072
27.197 5.454656
28.207 4.890112
29.208 5.542208
30.209 4.96672
31.217 5.338816
32.278 5.202944
33.279 4.999552
34.287 5.651656
35.288 5.098048
36.289 5.262208
37.327 5.4656
38.328 4.80256
39.33 5.35616
40.331 4.933888
41.337 5.104448
42.339 4.616512
43.347 4.743296
44.348 4.649344
45.349 5.334272
46.35 4.134976
47.366 5.159168
48.368 4.480488
49.376 2.75164
50.378 5.119936
51.38 5.378048
52.382 4.999552
53.387 4.890112
54.397 5.62976
55.398 4.999552
56.399 5.585984
57.4 4.58368
58.401 5.367104
59.402 5.108992
60.406 5.163712
61.407 5.454656
62.408 4.901048
63.409 5.432768
64.41 4.999552
65.416 5.02144
66.436 5.290496
67.437 5.218432
68.447 5.487488
69.448 4.85728
70.45 5.115392
71.453 4.715008
72.455 5.360704
73.505 4.97312
74.506 4.830848
75.507 3.87232
76.508 4.6448
77.509 4.627456
78.557 4.688576
79.559 2.204288
80.566 4.929344
81.567 4.561792
82.596 5.093504
83.598 4.736896
84.676 5.290496
85.677 4.561792
86.678 5.367104
87.686 4.52896
88.687 5.093504
89.696 4.6384
90.715 4.819904
91.717 5.02144
92.776 5.30144
93.777 4.518016
94.815 5.181056
95.816 4.382144
96.818 4.616512
97.819 4.732352
98.826 4.441408
99.827 5.279552
100.828 4.353856
101.836 5.41088
102.837 4.20064
103.876 5.257664
104.877 4.605576
105.878 5.235776
106.88 4.605568
107.885 4.896512
108.896 4.677632
109.897 4.452352
110.899 4.404032
111.9 4.561792
112.955 4.655744
113.956 4.42592
114.957 4.397632
115.959 5.060672
116.96 4.39748
117.965 3.211288
119.005 3.813056
120.006 5.224832
121.016 4.561792
122.026 5.049728
123.027 4.824448
124.028 5.060672
125.029 4.758784
126.031 5.487488
127.035 4.835392
128.036 4.053824
129.046 4.736896
130.125 4.819904
131.126 5.010496
132.156 4.841792
133.157 4.327424
134.159 4.134976
135.305 4.59008
136.306 5.13088
137.307 4.995008
138.316 4.736896
139.364 4.984064
140.365 4.846336
141.395 4.666688
142.396 5.163712
143.465 5.235776
144.466 4.605568
145.516 4.04288
146.517 5.202944
147.518 4.6384
148.524 4.655744
149.525 5.349752
150.526 5.388992
151.528 4.901056
152.535 5.13088
153.583 4.688576
154.584 4.819904
155.585 3.609664
156.615 5.22476
157.616 4.594696
158.674 4.185152
159.716 5.656192
160.754 5.08256
161.755 4.736896
162.813 4.896512
163.815 4.655744
164.824 4.780672
165.825 5.159168
166.826 4.014592
167.834 5.24672
168.835 4.233472
169.855 4.940288
170.884 4.671232
171.893 5.126336
172.894 4.272704
173.895 4.988608
174.896 5.049728
175.897 4.660288
176.9 5.224832
177.901 4.463296
178.903 4.995008
179.904 4.813504
180.914 4.984064
181.935 4.638408
182.943 4.787072
183.944 4.594624
184.983 5.181056
185.994 4.321024
187.094 5.564072
188.095 4.266328
189.203 3.265856
190.244 5.312384
191.245 4.988608
192.247 4.80896
193.263 4.922944
194.265 5.4656
195.266 4.879168
196.267 5.08256
197.268 4.605568
198.269 4.020992
199.271 4.776128
200.272 4.156864
201.274 5.115392
202.275 4.660288
203.284 5.279552
204.285 4.452352
205.294 5.038784
206.295 3.900608
207.297 4.868224
208.298 4.951232
209.3 3.725504
