0 0.65
1.019 0.632512
2.027 0.625008
3.219 0.757096
4.235 0.632848
5.24 0.595696
6.247 0.625856
7.252 0.62744
8.26 0.65176
9.267 0.623688
10.272 0.639584
11.28 0.671168
12.507 0.719032
13.52 0.355768
14.587 0.62232
15.6 0.811016
16.608 0.684144
17.728 0.753864
18.74 0.752888
19.987 0.525312
21.012 0.334696
22.039 0.426816
23.219 0.456608
24.226 0.5472
25.247 0.457936
26.258 0.49344
27.259 0.542344
28.279 0.500192
29.287 0.589112
30.298 0.587648
31.299 0.626512
32.309 0.505496
33.398 0.502432
34.407 0.578
35.419 0.585216
36.439 0.568408
37.447 0.575808
38.478 0.458064
39.487 0.536048
40.499 0.62524
41.518 0.442072
42.539 0.415872
43.626 0.268072
44.647 0.392648
45.659 0.494664
46.686 0.416096
47.687 0.131328
48.778 0.36836
49.786 0.759296
50.799 0.650752
51.807 0.910232
52.819 1.110864
54.027 0.519184
55.087 0.49396
56.258 0.602056
57.27 0.681192
58.279 0.58024
59.311 0.87468
60.447 0.922736
61.607 0.996896
62.807 1.134616
63.818 0.822304
64.839 1.181632
65.851 1.224808
66.859 1.429312
67.878 1.14428
68.879 1.372936
69.886 1.164312
70.898 1.171288
71.899 1.430696
72.906 1.443488
73.911 1.461896
74.918 1.29764
75.938 0.53132
76.939 1.298768
78.167 1.323592
79.358 1.3862
80.666 1.215392
81.671 1.205624
82.679 1.214784
83.686 0.58036
84.698 0.952128
85.699 0.89488
86.71 0.906616
87.719 0.701024
88.738 0.965552
89.746 1.016
90.759 1.110632
91.767 1.190264
92.771 1.236248
93.779 1.233696
94.798 1.196552
96.011 1.255112
97.019 1.320632
98.026 1.340512
99.038 1.237024
100.159 1.442856
101.171 0.777024
102.238 1.09908
103.379 1.338888
104.403 1.128232
105.411 1.14776
106.611 1.027496
107.618 1.017792
108.906 0.579784
109.919 0.465992
110.926 0.882856
112.418 0.729464
113.466 1.144736
114.49 1.179544
115.497 1.50532
116.638 1.004152
117.778 0.844792
118.829 1.302896
119.837 1.459728
120.838 1.40036
121.85 1.376864
122.858 0.905432
123.997 0.987824
124.998 0.806912
125.999 0.89452
127.006 0.836776
128.01 1.085552
129.105 1.2274
130.245 1.028736
131.249 0.606048
132.264 0.317376
133.269 0.318888
134.281 0.796128
135.332 0.873576
136.336 1.2852
137.343 1.105344
138.416 1.279696
139.427 1.470024
140.436 1.336248
141.444 1.273624
142.615 1.385064
143.616 1.333504
144.855 0.93988
145.856 1.129264
146.896 1.289808
147.908 1.430808
148.915 1.101968
149.924 1.477576
150.928 1.271456
151.936 1.564648
153.156 1.44472
154.16 1.47852
155.163 1.54448
156.168 1.283992
157.263 1.138176
158.268 0.520312
159.276 1.140088
160.28 1.25856
161.284 0.47896
162.304 0.2736
163.388 0.361152
164.396 1.060072
165.455 1.498312
166.456 1.446232
167.467 1.40648
168.468 1.43528
169.627 1.247592
170.796 1.199416
171.803 1.131824
172.968 1.14912
173.975 0.947488
174.976 0.877544
175.995 1.28216
176.996 1.144984
178.016 0.968456
179.028 1.011864
180.035 1.012976
181.036 0.667656
182.055 0.678528
183.088 0.517776
184.096 0.741528
185.115 0.900496
186.244 1.050624
187.247 0.861288
188.267 0.990728
189.275 0.837904
190.28 1.148296
191.495 1.280448
192.496 0.491096
193.635 0.361152
194.768 0.558144
195.928 0.553152
196.936 0.612864
197.948 0.55292
199.195 0.733248
200.203 0.667016
201.209 0.700416
202.218 0.718696
203.23 0.744192
204.237 0.798912
205.246 0.602704
206.338 0.744192
207.357 0.76608
208.377 0.58372
209.378 0.842688
