0 5.318784
1.01 0.722304
2.03 1.47744
3.031 1.164464
4.049 0.142272
5.849 0.558144
6.85 1.116288
7.859 0.93024
8.879 0.678528
9.889 0.612864
10.899 1.377896
12.079 2.331072
13.08 1.663488
14.097 1.773704
15.1 2.506176
16.101 2.303064
17.3 1.849536
18.309 1.543104
19.321 1.554048
20.329 1.561408
21.33 2.177856
22.331 1.411776
23.341 1.064544
24.349 1.346112
25.359 1.86048
26.361 0.419496
31.208 4.67908
32.248 0.689472
33.259 0.65664
34.326 0.010944
35.467 1.160064
36.476 0.569088
37.479 0.536256
38.525 0.5472
39.847 0.339904
42.548 0.700416
43.55 1.543104
44.563 0.678528
45.811 0.623808
46.82 0.350208
48.171 0.131072
49.475 0.772808
50.579 0.196992
51.7 0.908352
52.749 0.569088
53.759 1.444608
54.761 1.665928
55.909 1.335168
56.919 0.974016
57.929 1.0944
58.949 0.098496
62.544 0.43776
63.564 0.76608
64.584 0.542504
65.594 0.700416
66.624 0.974016
67.644 0.350208
68.674 0.831744
69.675 0.21888
70.774 0.306432
71.794 0.634752
72.804 0.87552
73.814 0.315464
74.884 1.136232
75.895 2.943936
76.899 2.4624
77.904 1.598008
78.905 2.484288
79.914 1.904256
80.934 0.908352
81.954 0.775872
83.024 0.8208
84.043 1.028736
85.053 0.76608
86.074 0.415872
87.094 0.076608
96.947 2.013696
97.956 2.254464
98.957 1.261
100.576 0.777024
101.586 0.777024
102.606 1.160064
103.626 1.816704
104.636 1.138176
105.666 0.722304
106.676 0.580032
107.694 0.864576
108.698 0.481536
109.726 0.43776
110.736 0.5472
111.746 0.393984
112.756 0.131328
113.856 0.536256
114.867 0.798912
115.877 0.185792
120.458 2.41928
121.476 0.295488
122.505 0.021888
128.466 2.4624
129.485 0.782352
130.516 0.284544
131.546 0.284544
132.555 0.503424
133.566 0.777024
134.574 0.777024
135.586 0.733248
136.596 0.565368
137.605 0.886464
138.606 0.919296
139.615 0.842688
140.626 0.61852
141.633 0.733248
142.634 0.514368
143.644 0.667584
144.654 0.479536
145.664 0.251712
146.674 0.186048
147.724 0.186048
148.765 0.087552
159.673 0.700416
160.683 1.171288
161.873 1.42272
162.893 1.05968
163.903 0.8208
164.923 0.2736
166.002 0.05472
176.531 0.032832
177.711 0.065664
178.99 0.032832
180.251 0.065664
183.167 0.010944
189.959 0.010944
191.741 0.043776
192.857 0.021888
194.141 0.120384
195.403 0.043776
196.457 0.032832
197.682 0.142016
203.201 0.076864
204.299 0.05472
205.439 0.05472
206.579 0.087552
207.677 0.087552
208.738 0.043856
209.759 0.030888
