0 1.192896
1.01 1.25216
2.02 1.488384
3.029 1.821248
4.03 2.105792
5.04 1.937088
6.05 1.328768
7.119 0.886464
8.139 0.5472
9.149 0.470592
10.18 0.5472
11.19 1.164608
12.209 1.378944
13.21 1.466496
14.211 1.755584
15.212 1.613312
16.25 1.86048
17.26 1.41632
18.29 1.488384
19.299 1.116288
20.319 1.350656
21.32 1.575936
22.33 1.098944
23.339 1.368
24.35 1.181952
25.359 0.901952
26.369 1.247616
27.37 1.105344
28.379 0.748736
29.399 0.700416
30.421 1.105344
31.439 0.634752
32.459 0.75968
33.679 0.295488
34.738 0.196992
35.888 0.043776
37.029 0.43776
38.058 0.120384
39.379 0.590976
40.398 0.536256
41.418 0.667584
42.438 0.295488
43.468 0.092096
44.578 0.076608
46.338 0.76608
47.348 1.291392
48.349 1.127232
49.35 1.317824
50.358 1.389888
51.368 0.792512
52.378 1.357056
53.388 1.711808
54.538 1.69632
55.549 1.061568
56.55 0.836288
57.558 1.948032
58.559 2.01824
59.56 2.02464
60.568 2.029184
61.578 2.412224
62.58 2.357504
63.588 2.342016
64.589 2.160512
65.598 2.488832
66.599 2.83904
67.758 2.95488
68.759 1.427264
69.768 2.269952
70.769 2.582784
71.771 2.532608
72.779 2.740544
73.788 3.11264
74.798 3.0032
75.799 3.025088
76.818 3.068864
77.819 3.44096
78.828 3.233024
79.838 3.430016
80.839 2.642048
81.848 2.90016
82.85 3.025096
83.858 2.7296
84.859 2.456
85.86 1.875968
86.867 2.539008
87.878 2.23712
88.879 1.996352
89.888 1.455552
90.897 1.400832
91.907 1.52576
92.908 2.29184
93.91 2.915648
94.948 3.287744
95.968 3.955328
96.978 2.871872
97.98 2.922048
98.988 2.576384
99.998 2.806208
100.999 2.981312
102.018 2.806208
103.028 2.007296
104.037 1.794816
105.047 1.481984
106.077 1.017792
107.078 0.919296
108.089 0.700416
109.107 0.847232
110.117 1.926144
111.118 1.777472
112.127 1.192896
113.137 1.460024
114.178 2.199744
115.179 1.558664
116.187 1.20384
117.217 0.689472
118.227 0.891008
119.317 1.455552
120.327 1.740096
121.337 1.514816
122.339 1.75104
123.347 1.897856
124.348 1.711808
125.357 2.331072
126.367 1.208384
127.377 1.389888
128.387 1.383488
129.487 1.794816
130.497 1.31328
131.499 1.241216
132.508 1.597824
133.517 1.591424
134.527 2.652992
135.537 2.915648
136.697 3.2768
137.927 3.250368
138.93 2.434112
139.937 2.466944
140.938 2.226176
141.947 2.440512
142.957 1.985408
143.958 2.12768
144.967 2.374848
145.968 2.105792
146.977 2.598272
147.987 1.871424
148.989 2.40128
149.997 2.335616
150.998 2.620152
151.999 1.772928
153.017 1.230272
154.018 2.057472
155.026 1.503872
156.046 0.963072
157.056 1.028736
158.067 0.803456
159.076 1.444608
160.077 2.029184
161.078 2.68128
162.087 2.368448
163.088 1.941632
164.089 2.642048
165.137 2.1888
166.138 2.598272
167.139 2.259008
168.147 2.78432
169.197 1.718208
170.208 1.25856
171.226 0.442304
172.247 1.411776
173.249 1.722752
174.252 2.123136
175.256 2.29184
176.257 2.412224
177.266 2.13408
178.267 2.105792
179.268 2.002752
180.289 3.079808
181.291 1.9088
182.296 2.083904
183.298 2.07936
184.306 2.532608
185.309 3.243968
186.311 1.492928
187.316 4.31648
188.317 4.447808
189.319 3.856832
190.323 3.76288
191.426 3.2768
192.486 3.2768
193.526 3.129984
194.527 2.423168
195.528 2.007296
196.536 2.707712
197.537 2.937536
198.547 3.178304
199.596 3.572136
200.598 3.014296
201.606 3.254912
202.677 4.020992
203.678 4.272704
204.697 4.458752
205.698 3.959872
206.701 3.068872
207.757 5.093504
208.758 4.616512
209.837 4.655744
