0 0.16176
1.065 0.16176
2.068 0.16176
3.264 0.167936
6.964 0.231072
8.248 0.463712
9.286 0.140192
10.327 0.172544
11.37 0.140192
12.486 0.183328
13.53 0.05392
16.746 0.516096
18.41 0.086272
19.472 0.150976
20.568 0.150976
21.832 0.140192
22.848 0.150976
23.852 0.129408
24.932 0.150976
25.988 0.16176
27.053 0.05392
32.136 0.257152
33.856 0.454592
34.936 0.075488
35.996 0.064704
37.18 0.075488
38.519 0.086272
39.734 0.064704
40.778 0.131072
57.91 0.891872
59.409 0.086272
60.489 0.097056
61.709 0.075488
62.749 0.086272
64.113 0.075488
65.288 0.129408
66.333 0.150976
67.392 0.140192
68.532 0.172544
69.552 0.064704
72.816 0.301952
73.836 0.409792
74.856 0.150976
75.857 0.140192
76.901 0.150976
77.957 0.150976
79.0 0.16176
80.041 0.05392
82.959 0.334304
84.018 0.34356
85.842 0.129408
86.898 0.150976
87.918 0.150976
88.962 0.16176
90.002 0.16176
91.043 0.16176
92.082 0.16176
93.107 0.150976
94.126 0.086272
97.642 0.388224
99.147 0.48528
100.226 0.16176
101.246 0.140192
102.291 0.140192
103.331 0.140192
104.347 0.150976
105.37 0.032352
107.29 0.321984
108.83 0.150976
109.89 0.150976
110.954 0.16176
111.974 0.172544
113.038 0.150976
114.094 0.150976
115.134 0.16176
116.255 0.043136
119.734 0.668608
120.898 0.021568
122.554 0.16176
123.758 0.140192
124.863 0.140192
125.942 0.140192
127.123 0.150976
128.182 0.150976
129.382 0.16176
130.446 0.140192
131.482 0.129408
132.502 0.138656
135.282 0.10784
136.287 0.16176
137.29 0.16176
138.306 0.150976
139.326 0.16176
140.346 0.129408
145.41 0.545376
147.149 0.080096
148.228 1.608768
149.233 1.668032
150.46 2.35296
151.472 1.624256
152.481 1.9152
153.488 1.383488
154.493 1.53216
155.5 1.022336
156.588 0.8208
157.608 0.623808
158.628 0.514368
159.64 0.38304
160.652 0.934784
162.248 0.733248
163.249 0.120384
164.252 2.07936
165.26 2.226176
166.265 1.777472
167.272 2.24352
168.28 1.821248
169.284 2.138624
170.293 2.24352
171.3 1.777472
172.308 1.455552
173.313 0.569088
174.32 0.229824
175.328 0.153216
176.34 0.043776
177.36 0.168704
178.361 0.098496
179.737 1.433664
180.752 0.569088
181.781 0.60192
182.8 0.75968
183.812 0.645696
184.84 0.8208
185.848 1.050624
186.852 0.683072
187.868 0.43776
188.888 0.71136
189.892 0.842688
190.92 0.93024
191.932 0.956672
192.941 1.761984
193.948 1.175552
194.952 1.761984
195.953 1.230272
196.96 0.612864
198.248 0.787968
199.268 0.5472
200.269 0.153216
201.348 1.427264
202.353 1.20384
203.373 1.138176
204.38 1.153664
205.381 1.488384
206.393 1.41632
207.409 1.674432
208.413 1.569536
209.42 1.838592
