0 1.192896
1.005 1.546568
2.008 1.37704
3.053 1.86048
4.06 1.267608
5.062 1.608768
6.073 1.24432
7.084 1.521216
8.089 1.118072
9.093 1.42272
10.1 1.119936
11.107 1.302336
12.119 0.85484
13.127 0.874256
14.14 1.083456
15.147 0.4658
16.187 0.558144
17.347 1.03968
18.359 0.426816
19.367 0.320272
20.38 0.744192
21.399 0.700416
22.42 1.020128
23.428 0.994832
24.439 1.335168
25.44 1.01692
26.444 1.247616
27.447 1.042568
28.46 1.368
29.468 1.47744
30.472 1.08992
31.567 1.357056
32.572 0.897408
33.788 0.715496
34.799 1.061568
35.807 1.160064
36.828 1.20384
37.832 1.029728
38.843 1.045368
39.86 0.98496
40.879 0.681944
41.883 0.87552
42.887 0.495392
43.907 0.71136
44.908 0.525312
45.972 0.645552
46.988 0.722304
48.02 0.634752
49.028 0.525312
50.047 0.361728
51.068 0.525312
52.072 0.38304
53.087 0.339264
54.108 0.372096
55.14 0.3378
56.159 0.503424
57.307 0.678528
58.339 0.457624
59.348 0.590976
60.359 0.623808
61.363 0.490504
62.367 0.8208
63.392 0.612704
64.407 0.853632
65.408 0.743632
66.412 0.87552
67.511 0.700624
68.532 0.831744
69.539 0.6176
70.558 0.842688
71.562 0.831744
72.57 0.670376
73.579 0.963072
74.59 0.734384
75.598 0.777024
76.619 0.755136
77.647 0.571376
78.659 0.71136
79.678 0.809856
80.686 0.681936
81.699 0.8208
82.707 0.728944
83.719 0.963072
84.726 0.6526
85.739 0.908352
86.758 0.818024
87.771 0.831744
88.798 0.598496
89.799 1.006848
90.806 0.892808
91.819 1.181952
92.838 0.8208
93.846 0.419592
94.859 0.459648
95.866 0.503424
96.877 0.536256
97.898 0.3504
99.065 0.590976
100.071 0.49248
101.098 0.347008
102.117 0.404928
103.138 0.404928
104.186 0.196312
105.218 0.768392
106.226 0.711088
107.237 0.744192
108.245 0.637192
109.258 0.566008
110.277 0.700416
111.298 0.372096
112.585 0.191064
113.597 0.514368
114.776 0.590976
115.777 0.62708
116.788 0.842688
117.8 0.670608
118.817 0.756952
119.836 1.050624
120.845 0.838832
121.857 1.143016
123.056 0.514368
124.084 0.196992
125.156 0.142272
127.956 0.623624
128.957 0.481536
129.976 0.186048
132.049 0.426816
133.057 0.585576
134.069 0.87112
135.076 0.798912
136.077 0.529344
137.089 0.651128
138.096 1.093384
139.209 1.35264
140.217 1.327912
141.228 1.139672
142.229 1.260872
143.236 1.186072
144.308 1.07768
145.377 0.908352
146.388 0.520928
147.404 0.339264
148.428 0.971976
149.436 1.459336
150.456 1.61416
151.476 1.518928
152.477 1.487048
153.489 1.40696
154.497 0.131072
156.01 4.021976
157.016 1.353088
158.028 1.373656
159.049 1.43392
160.061 1.490296
161.067 1.398952
162.068 1.41328
163.075 1.478296
164.096 2.276352
165.107 1.723088
166.115 2.068416
167.128 0.875256
168.135 1.276328
169.136 1.840128
170.147 1.826616
171.148 1.83088
172.155 1.767512
173.167 1.59116
174.168 1.607808
175.171 1.860448
176.288 1.926144
177.296 1.44964
178.308 1.433888
179.315 1.521216
180.328 1.291392
181.336 0.877032
182.355 1.291392
183.367 1.233584
184.375 1.51856
185.447 1.80576
186.455 1.096064
187.467 1.58688
188.474 1.361408
189.49 1.411776
190.514 1.979768
191.527 2.385528
192.747 1.346112
193.754 0.481536
195.927 1.637248
196.958 0.470592
197.986 0.415872
199.015 0.623808
200.023 0.689472
201.034 0.295488
202.194 0.2736
203.223 0.40332
204.707 1.138176
205.714 1.521464
206.914 0.963072
207.922 0.2736
209.127 1.286376
