0 1.681152
1.001 1.372368
2.01 1.827216
3.06 1.407472
4.159 0.908352
5.17 1.69496
6.299 1.908856
7.3 1.86432
8.558 0.959088
9.599 1.937088
10.608 1.566288
11.66 1.859768
12.668 1.961008
13.67 2.089728
14.678 1.970384
15.688 1.962432
16.7 1.966416
17.708 2.199496
18.858 1.9152
19.868 1.043064
20.877 1.028736
21.878 1.072864
22.898 1.480352
23.958 1.663488
24.968 1.276856
25.988 1.469424
27.008 2.13408
28.018 1.473056
29.027 1.198056
30.028 1.273912
31.317 1.171008
32.318 1.07388
33.338 1.137632
34.341 0.864576
35.351 0.60192
36.361 0.443296
37.371 0.777024
38.391 0.908352
39.398 0.404928
40.408 0.333008
41.438 0.60192
42.458 0.98928
43.499 1.13352
44.508 1.239824
45.509 1.809808
46.708 1.361096
47.709 1.147176
48.718 1.137376
49.728 1.081872
50.737 1.001008
51.758 1.13016
52.768 1.382128
53.858 1.685376
54.868 1.318408
55.87 1.180848
56.878 1.47744
57.888 1.267216
58.889 1.315856
59.89 1.822504
61.048 1.772928
62.058 1.432544
63.059 1.524776
64.068 1.365672
65.218 1.663488
66.228 1.364136
67.239 1.541632
68.248 1.545152
69.249 2.112192
70.255 1.389912
71.265 1.305464
72.268 1.619712
73.275 1.586352
74.276 1.750424
75.287 1.478512
76.294 1.794816
77.304 1.48032
78.305 1.42348
79.314 1.543104
80.324 1.254056
81.333 1.488384
82.343 1.293864
83.353 1.521216
84.363 1.242136
85.372 1.113456
86.382 1.400832
87.386 1.005384
88.39 1.302336
89.393 0.895336
90.401 1.192896
91.41 0.918208
92.421 1.20384
93.43 0.868872
94.44 1.20384
95.441 0.948064
96.451 1.25116
97.551 1.269504
98.57 0.554008
99.642 1.204888
100.649 1.203184
101.819 1.127232
102.82 0.747664
103.829 1.03968
104.839 0.846152
105.848 0.93124
106.999 1.061568
108.009 1.116288
109.029 0.986944
110.038 1.554048
111.047 1.103096
112.048 0.898416
113.057 1.105344
114.067 0.974152
115.077 0.974288
116.086 1.050624
117.096 0.75684
118.106 1.214784
119.116 0.894896
120.117 1.247616
121.125 0.931656
122.136 1.116288
123.145 0.592728
124.245 0.897408
125.265 0.829432
126.274 0.995792
127.284 1.369192
128.415 1.160064
129.424 0.969216
130.434 1.521216
131.444 1.000952
132.453 1.072512
133.455 0.953912
134.564 1.072512
135.575 1.192896
136.584 0.85728
137.604 0.963072
138.611 0.548408
139.614 0.908352
140.623 0.684144
141.627 0.694288
142.803 0.503424
143.822 0.251712
144.833 0.10944
145.905 1.384368
146.916 1.227768
147.922 1.251064
148.934 1.322032
149.942 1.319952
150.943 1.383352
151.953 1.637816
152.963 1.510224
153.974 1.150344
154.975 1.494016
155.983 1.400688
156.993 1.740672
158.122 1.990344
159.222 2.044256
160.402 2.046528
161.413 1.529008
162.421 1.545328
163.432 1.506304
164.441 1.740096
165.452 1.26188
166.453 1.176544
167.462 1.444608
168.471 1.079696
169.511 1.0944
170.521 0.733248
171.532 0.131072
172.936 1.10004
173.951 0.612864
174.981 0.952128
175.991 0.725744
177.011 0.49248
178.041 0.361152
179.051 0.306432
180.11 0.142272
181.291 0.558144
182.3 1.077672
183.31 0.784512
184.33 0.933544
185.349 0.60192
186.359 0.582768
187.379 0.426816
188.458 0.167064
189.49 0.87552
190.499 0.543352
191.509 0.623552
193.679 0.947408
194.759 0.831744
195.779 0.894232
196.799 1.25536
197.8 0.852952
198.819 0.932552
199.999 0.776752
201.019 0.757576
202.229 0.678528
203.239 0.576952
204.25 0.842688
205.259 0.574104
206.269 0.755136
207.278 0.561416
208.399 0.76608
209.418 0.364176
