0 1.321344
1.18 1.12964
2.191 1.269928
3.211 0.71312
4.463 1.446536
5.471 1.381584
6.472 1.332384
7.481 1.305672
8.611 1.39136
9.662 0.981728
10.671 1.261896
11.723 1.476384
12.73 1.649488
13.83 2.032632
14.84 2.443656
15.879 2.95488
16.88 2.775072
17.889 3.06884
18.892 2.2784
19.893 2.2398
20.902 3.113752
22.03 2.89816
23.211 2.68156
24.219 3.08432
25.22 3.478328
26.221 3.268424
27.222 4.094464
28.224 3.959112
29.231 3.565376
30.34 3.267264
31.351 3.558528
32.511 2.440512
33.543 2.3154
34.551 3.425472
35.553 2.16404
36.56 2.059896
37.564 2.309184
38.57 1.827616
39.571 2.539008
40.58 1.98852
43.28 5.727872
44.299 1.006848
45.31 1.455552
46.33 0.786464
47.34 0.864576
48.35 0.864576
49.37 0.645064
50.53 1.958976
51.531 1.295936
52.54 1.546744
53.55 1.455552
54.559 1.17116
55.569 1.685376
56.57 1.225568
57.578 2.112192
58.588 2.446416
59.589 2.464592
60.59 1.378944
61.598 1.491744
62.778 2.276352
63.788 1.390304
64.798 1.871424
65.807 2.79224
66.808 2.753856
67.828 1.938464
68.837 1.866016
69.868 1.871424
70.869 1.74212
71.887 2.240056
72.967 2.560896
73.968 1.97748
74.969 2.217128
75.978 2.253424
76.979 2.330592
77.988 1.926144
78.998 1.835744
79.999 2.308464
81.001 2.151352
82.002 2.779776
83.003 2.433088
84.004 2.577432
85.011 1.887016
86.012 2.109816
87.022 2.823552
88.023 2.651992
89.032 2.258968
90.033 2.581896
91.195 3.129984
92.196 2.170888
93.205 2.66788
94.216 2.917176
95.355 2.956984
96.505 3.151872
97.506 2.939208
98.515 3.202424
99.516 3.295384
100.526 2.859784
101.527 2.33872
102.605 3.1012
103.606 3.479688
104.607 3.49492
105.616 3.055608
106.626 3.767416
107.706 3.088592
108.707 2.393104
109.715 3.578688
110.716 0.94892
113.046 5.665656
114.056 2.057472
115.057 1.772928
116.076 2.06372
117.078 1.820528
118.157 2.775976
119.328 2.495232
120.338 2.32616
121.349 1.414488
122.368 1.86048
123.384 1.783952
124.387 1.576336
125.392 1.864272
126.394 2.035584
127.414 1.63616
128.424 1.621056
129.454 2.199744
130.465 1.91268
131.474 1.628424
132.475 1.928504
133.484 1.699312
134.494 1.730944
135.504 2.287296
136.505 1.787888
137.514 1.820368
138.515 1.946736
139.524 2.046528
140.534 1.566104
141.544 2.023584
142.545 2.782384
143.705 2.177856
144.706 1.977552
145.715 2.1888
146.726 1.733808
147.729 1.948032
148.738 1.198424
149.739 1.619712
150.748 1.872976
151.759 2.112192
152.771 1.368
153.772 1.116288
154.782 0.689472
155.791 0.390672
160.972 5.52672
161.981 0.539584
162.982 0.404928
164.014 0.306432
165.061 0.2736
166.091 0.240768
167.101 0.142272
168.541 0.065664
190.641 0.448704
191.677 0.445256
193.081 0.466968
194.141 0.515928
195.151 0.584176
196.251 0.67844
197.271 0.556208
198.308 0.447904
199.348 0.3056
200.36 0.339264
201.378 0.30092
202.39 0.295488
203.441 0.40884
204.47 0.262656
205.51 0.229824
206.52 0.171792
207.57 0.306432
208.741 0.260104
209.789 0.322936
