0 0.076608
1.059 0.043776
3.219 0.087552
4.228 0.070112
6.407 0.076608
7.528 0.032832
8.577 0.032832
12.367 0.284544
13.397 0.071096
14.467 0.229824
15.527 0.175104
16.547 0.146952
17.587 0.21888
18.627 0.186048
19.677 0.10472
20.707 0.120384
21.797 0.021888
22.937 0.361152
24.307 0.065664
25.337 0.076608
26.477 0.117352
27.517 0.43776
28.528 0.295488
29.537 0.213768
30.547 0.317376
31.577 0.303384
32.627 0.350208
33.647 0.18412
34.837 0.142272
36.147 0.153216
37.237 0.098496
38.717 0.126248
39.728 0.16416
41.027 0.207936
42.058 0.152528
43.077 0.284544
44.097 0.225576
45.126 0.499
46.127 0.738
47.457 0.60056
48.677 0.53888
49.707 0.618416
50.777 0.49248
51.787 0.261888
52.817 0.36912
53.827 0.643352
54.837 0.722184
55.857 0.339264
56.877 0.210288
57.886 0.229824
58.936 0.147904
60.167 0.207936
61.177 0.231064
62.466 0.433336
63.558 0.539152
64.566 0.654856
65.816 0.629376
67.146 1.189232
68.286 0.959632
69.296 0.77088
70.306 0.935736
71.309 1.060312
72.315 1.483856
73.445 1.53828
74.645 1.581384
75.865 1.21488
76.875 1.142984
77.876 1.031792
78.895 0.884712
79.904 1.06944
80.982 0.880024
82.142 1.144784
83.143 1.008536
84.261 1.18668
85.282 1.493632
86.342 1.5742
87.351 1.350544
88.43 1.464432
89.479 1.287232
90.489 1.149216
91.498 1.235008
92.5 1.198808
93.509 1.115248
94.518 0.968456
95.519 1.037
96.698 1.096496
97.908 1.076872
98.918 1.142832
99.919 1.01744
100.938 1.549416
101.949 1.30912
102.958 1.12192
103.961 1.27136
104.969 1.492104
106.179 1.487384
107.18 1.274552
108.368 1.413176
109.378 1.300736
110.38 1.34752
111.398 1.25196
112.408 1.12436
113.409 1.398128
114.418 1.158168
115.428 0.886368
116.438 0.9956
117.468 1.1298
118.469 1.118112
119.488 0.949536
120.588 0.971944
121.648 0.988856
122.688 1.034472
123.788 1.145048
124.789 1.025312
125.798 1.342248
126.808 1.142808
127.908 1.294176
128.918 0.816024
129.921 1.329168
131.088 0.8586
132.207 1.030488
133.208 1.214192
134.228 1.252792
135.427 1.434288
136.479 1.346448
137.482 1.423336
138.767 1.32948
139.956 1.624984
141.138 1.463552
142.296 1.291928
143.302 0.545224
144.315 0.330848
145.316 0.284544
146.335 0.385576
147.356 1.04152
148.375 1.340528
149.376 1.294672
150.377 1.164432
151.456 1.224792
152.466 1.023472
153.476 1.04676
154.485 1.14408
155.486 1.059624
156.586 1.140224
157.596 1.281816
158.638 1.261264
159.846 0.79728
160.856 1.101232
161.866 0.976216
162.876 1.022416
163.986 1.388424
165.185 1.529912
166.197 1.167576
167.204 1.162816
168.425 1.092496
169.615 0.964648
170.624 1.018448
171.644 0.737648
172.645 1.178376
173.804 1.017752
174.884 1.029128
175.894 0.597448
177.024 0.459648
178.034 0.360072
179.054 0.249712
180.084 0.207936
181.114 0.196992
182.124 0.34376
183.134 0.6848
184.154 1.036488
185.364 1.105896
186.374 0.824496
187.485 1.222752
188.495 1.008688
189.604 0.794976
190.614 0.846928
191.624 1.185136
192.764 1.270048
193.765 1.213176
194.974 0.809528
196.035 1.102008
197.044 0.841168
198.045 1.068352
199.054 0.96208
200.164 1.042656
201.174 0.452224
202.224 0.566888
203.234 0.435608
204.235 0.730208
205.254 0.752032
206.364 0.834376
207.374 0.689024
208.384 0.519376
209.504 0.404928
