0 2.51712
1.012 2.4624
2.019 1.999136
3.02 2.4624
4.021 0.864576
5.51 4.969448
6.541 3.545856
7.549 3.25628
8.629 5.176512
9.63 3.771992
10.64 4.235328
11.641 3.303976
12.642 1.225728
14.32 4.328944
15.36 2.757888
16.361 3.309392
17.362 3.113152
18.369 3.764736
19.373 0.940688
20.379 2.549952
21.389 2.244232
22.39 3.042432
23.391 2.742512
24.41 1.171008
25.429 0.919296
26.439 0.71136
27.458 1.00612
28.488 1.061568
29.492 0.897408
30.498 0.448704
31.558 0.10944
32.589 1.098936
33.59 1.685376
34.599 1.660656
35.71 1.980864
36.718 1.80576
37.719 1.736392
38.72 2.637504
39.721 1.87228
40.818 1.926144
41.819 2.145024
44.629 6.39824
45.639 1.980864
46.648 2.714112
47.65 2.40768
48.658 2.539008
49.659 0.131072
57.747 0.964824
59.43 2.385792
60.432 4.104888
61.433 4.957344
62.48 5.176512
63.495 3.658376
64.6 4.963056
65.601 4.038336
66.862 4.548224
67.863 5.85504
68.869 4.692384
69.87 4.681376
70.871 5.69088
71.88 4.723416
72.89 4.618272
73.891 5.773776
75.069 0.142272
75.264 1.028064
76.265 3.185696
77.394 1.721896
78.514 1.371216
79.676 1.411104
80.838 1.234928
81.844 1.426768
82.924 1.588736
84.054 1.910464
85.056 1.609856
86.057 1.889784
87.064 1.5008
88.095 1.643968
89.233 1.155024
90.234 1.111832
91.244 0.91968
92.253 0.44316
93.273 0.2736
94.303 0.07644
95.343 0.120384
96.363 0.142272
97.743 0.175104
98.763 0.065664
99.873 0.050288
101.093 0.590928
102.153 0.722664
103.154 0.835296
104.163 1.208168
105.283 1.069528
106.303 1.02724
107.413 0.83652
108.473 1.0202
109.493 0.943344
110.573 1.00472
111.582 0.841112
112.583 0.934104
113.592 1.246944
114.593 1.204072
115.692 1.166608
116.823 0.913048
117.832 0.89356
119.013 0.897232
120.023 0.954176
121.073 0.744192
122.083 0.54748
123.102 0.864472
124.113 0.860688
125.122 1.164824
126.123 0.895024
127.132 1.013408
128.152 0.526328
129.222 0.82008
130.313 0.826968
131.552 0.84808
132.683 0.904768
133.685 0.862528
134.702 0.884528
135.703 0.805736
136.831 0.716872
137.841 0.716512
138.851 0.70612
139.861 0.601912
141.191 0.377536
142.231 0.361152
143.271 0.285176
144.281 0.498616
145.32 0.49248
146.33 0.456488
147.35 0.546608
148.36 0.5582
149.38 0.605584
150.4 0.818216
151.41 0.627472
152.44 0.692552
153.56 0.849712
154.57 0.780416
155.58 0.8222
156.59 0.945992
157.6 0.948224
158.79 0.884792
159.87 0.767016
160.88 0.456224
161.889 0.485408
163.11 0.659456
164.13 0.961576
165.27 1.12452
166.29 0.686648
167.31 0.592216
168.32 0.8354
169.321 1.028664
170.33 0.66732
171.34 0.933736
172.349 0.658856
173.54 0.680272
174.55 0.828648
175.57 0.671792
176.585 0.841976
177.59 0.686976
178.6 0.378168
179.61 0.418176
180.64 0.490864
181.669 0.537872
182.678 0.540672
183.68 0.577808
184.878 0.634752
185.889 0.458568
186.918 0.448656
187.938 0.698224
188.949 0.657008
190.148 0.848504
191.159 0.928824
192.168 0.729664
193.178 0.61976
194.198 0.80712
195.199 1.055688
196.319 1.129952
197.327 0.803736
198.337 0.824912
199.338 0.532656
200.357 0.834152
201.368 0.407576
202.578 0.616512
203.607 0.437296
204.618 0.390376
205.647 0.16416
206.697 0.257264
207.827 0.761336
209.028 0.71136
