0 0.301952
1.076 0.496064
2.176 0.097056
3.477 0.118624
4.54 0.118624
5.68 0.150976
6.72 0.10784
7.796 0.010784
10.4 0.516096
12.256 0.129408
13.301 0.140192
14.536 0.194112
15.541 0.140192
16.576 0.140192
17.62 0.150976
18.64 0.172544
19.66 0.172544
20.716 0.118624
24.064 0.301952
25.221 0.399008
26.281 0.140192
27.3 0.118624
28.38 0.10784
29.421 0.10784
30.66 0.086272
31.78 0.129408
32.816 0.086272
33.88 0.05392
34.976 0.10784
36.056 0.075488
40.201 0.129408
41.401 0.084736
43.464 0.097056
44.565 0.118624
45.644 0.140192
46.924 0.140192
47.984 0.16176
49.124 0.129408
50.184 0.10784
51.304 0.129408
52.425 0.16176
53.464 0.140192
54.524 0.106176
58.484 0.249696
59.724 0.506848
60.725 0.150976
61.784 0.16176
62.804 0.16176
63.84 0.10784
66.068 0.140192
67.284 0.238912
68.325 0.136992
69.36 0.150976
70.445 0.129408
71.504 0.129408
72.54 0.140192
73.62 0.16176
74.64 0.140192
75.644 0.16176
76.704 0.150976
77.724 0.140192
78.884 0.021568
82.408 0.280384
83.504 0.409792
84.6 0.10784
85.68 0.10784
86.7 0.10784
87.78 0.097056
88.784 0.150976
89.812 0.150976
90.825 0.021568
94.169 0.494528
95.984 0.118624
97.02 0.129408
98.065 0.129408
99.228 0.172544
100.284 0.140192
101.304 0.150976
102.361 0.174208
106.309 0.483616
107.368 0.16176
108.383 0.129408
109.424 0.172544
110.643 0.204896
111.923 0.140192
113.023 0.10784
114.163 0.129408
115.379 0.10784
116.639 0.10784
117.683 0.097056
118.723 0.118624
119.819 0.172544
120.843 0.127872
123.344 3.025624
124.345 2.36344
125.404 1.593328
126.405 1.340696
127.484 2.671288
128.485 2.320248
129.494 2.230896
130.495 3.374432
131.496 3.578328
132.554 3.309496
133.573 3.251376
134.574 3.152232
135.577 4.412272
136.578 3.246776
137.583 3.153328
138.584 3.549776
139.633 4.264656
140.644 3.417664
141.654 3.472512
142.694 4.253624
143.714 3.369296
144.715 3.259936
145.717 3.360632
146.733 3.654576
147.743 3.924616
148.923 4.094808
149.993 2.07372
151.332 2.798408
152.333 2.8672
153.363 3.654536
154.542 3.846472
155.553 2.76544
156.554 3.455736
157.651 3.82928
158.657 2.770064
159.658 3.288808
160.692 4.52192
161.693 2.968976
162.701 3.731376
163.713 2.944392
164.731 3.713656
165.741 4.154216
166.742 3.805504
167.81 3.640056
168.889 4.15556
170.069 4.250568
171.07 3.184184
172.071 3.082464
173.25 3.268248
174.252 3.953768
175.379 4.164536
176.38 2.644552
177.391 2.353872
178.4 3.599592
179.401 3.665216
180.41 3.016216
181.659 2.274776
182.66 3.262872
183.729 3.642456
184.73 3.827104
185.731 3.080696
186.732 3.567688
187.839 3.959832
189.009 3.481456
190.02 4.303008
191.129 4.329344
192.141 4.359848
193.142 3.640088
194.209 3.37708
195.218 4.0716
196.369 3.916488
197.37 3.234
198.371 3.40184
199.409 4.1238
200.568 4.636496
201.57 3.160696
202.578 4.732288
203.739 4.125536
204.74 3.109
205.741 4.178456
206.749 3.285864
207.75 4.183712
209.147 3.196904
