0 0.913792
1.01 0.836128
2.03 0.53356
3.1 0.553424
4.101 0.658896
5.11 0.710576
6.111 0.516176
7.12 0.616048
8.14 0.570256
9.34 0.538432
10.352 0.510704
11.391 0.6152
12.4 0.448032
13.86 0.736368
14.87 0.692888
15.871 0.49304
16.889 0.370416
17.909 0.463712
19.069 0.567032
20.449 0.536256
21.478 0.346552
22.489 0.375432
23.498 0.361176
24.51 0.43776
25.534 0.142704
26.831 0.558144
27.848 0.528208
28.869 0.501552
29.879 0.476672
30.899 0.547864
32.008 0.567184
33.069 0.514368
34.08 0.44608
35.088 0.29964
36.109 0.394576
37.119 0.337336
38.128 0.320608
39.148 0.53192
40.319 0.554272
41.438 0.470408
42.458 0.533496
43.468 0.557144
44.469 0.648728
45.533 0.6604
46.539 0.699752
47.559 0.79944
48.788 0.717008
49.798 0.53044
50.799 0.670864
51.809 0.179688
52.959 0.479176
53.988 0.54304
55.008 0.5654
56.018 0.7542
57.258 0.688112
58.348 0.702184
59.547 0.773104
60.777 0.730232
61.787 0.70688
62.797 0.542296
63.817 0.375016
64.987 0.503424
66.007 0.163144
67.028 0.58308
68.247 0.51176
69.337 0.402992
70.356 0.417128
71.366 0.374096
72.377 0.317376
73.426 0.260776
74.446 0.45792
75.466 0.549816
76.545 0.55348
77.555 0.580384
78.565 0.491192
79.595 0.580488
80.605 0.61188
81.615 0.601936
82.805 0.569144
83.814 0.751872
85.025 0.505488
86.085 0.240768
87.255 0.81112
88.305 1.076968
89.424 1.070728
90.634 0.229824
91.653 0.20768
92.956 0.545728
93.985 0.480056
95.124 0.523544
96.133 0.410376
97.283 0.569088
98.307 0.448024
99.313 0.489152
100.314 0.474168
101.354 0.331984
102.374 0.360176
103.384 0.543248
104.393 0.52632
105.404 0.551904
106.413 0.481536
107.434 0.311704
108.443 0.306432
109.465 0.452896
110.683 0.339264
111.713 0.183848
112.723 0.64692
113.733 0.532584
114.744 0.455112
115.764 0.588456
116.773 0.474416
117.793 0.448704
118.804 0.50336
119.824 0.498608
120.833 0.59192
121.843 0.262936
122.873 0.386432
124.113 0.607856
125.333 0.614352
126.403 0.251712
127.764 0.421104
128.893 0.79424
129.894 0.456488
131.083 0.545688
132.533 0.525312
133.543 0.333544
134.583 0.366936
135.593 0.479176
136.633 0.326384
137.642 0.39312
138.692 0.361152
139.727 0.29556
140.753 0.153216
141.316 1.480608
142.317 2.523512
144.006 1.384944
145.016 1.57144
146.187 1.362584
147.326 1.42384
148.327 1.723632
149.336 1.732472
150.347 1.840832
151.348 1.354152
152.356 2.80428
153.498 2.941864
154.499 2.397744
155.506 3.086064
156.617 2.982856
157.627 2.896568
158.657 3.426928
159.726 3.666704
160.737 2.911056
161.797 3.720712
162.798 2.422008
163.807 2.440864
164.808 0.364064
165.816 0.240768
166.856 0.49248
167.877 1.116288
168.887 0.346616
169.896 0.864576
170.897 1.006848
171.906 0.593904
172.907 0.306432
173.916 0.186048
175.006 0.251712
176.036 0.186048
177.126 0.16416
178.198 0.728864
179.347 2.035584
180.357 1.734312
181.358 1.5694
182.367 1.413144
183.377 1.520672
184.387 1.515808
185.389 1.701008
186.397 2.295288
187.418 2.165584
188.427 2.343768
189.428 1.990528
190.437 1.006848
191.438 1.09904
192.447 1.72784
193.458 2.898896
194.46 2.562032
195.467 2.415416
196.468 2.294768
197.469 2.293568
198.478 2.309632
199.499 2.856384
200.507 2.020456
201.517 1.112736
202.837 2.670336
203.838 0.674576
204.857 2.13408
205.867 0.887808
208.887 2.02464
209.889 2.685688
