0 0.175104
1.41 0.852832
2.451 1.130288
3.461 1.030216
4.48 1.43408
5.511 1.144328
6.521 1.227856
7.531 1.107928
8.7 1.158672
9.711 1.224128
10.721 1.02032
11.74 1.199968
12.751 0.78228
13.754 0.889336
14.763 1.031144
15.88 0.757296
16.881 0.534424
17.9 0.882768
18.901 0.95104
19.91 1.016312
21.061 0.682648
22.08 0.671936
23.091 0.487464
24.113 0.774224
25.12 0.475968
26.24 0.441672
27.26 0.458456
28.45 0.350208
29.46 0.223328
30.49 0.432248
31.632 0.573768
32.64 0.38304
33.66 0.15944
34.94 0.21888
35.97 0.065664
39.26 0.065664
40.36 0.142016
43.53 0.216104
46.97 0.16416
47.978 0.087552
49.3 0.618696
50.72 0.569088
51.75 0.358104
52.761 0.304504
53.78 0.295488
54.819 0.175104
56.07 0.016808
57.239 0.076608
58.249 0.098496
59.479 0.196992
60.539 0.141584
61.889 0.175104
62.898 0.120384
63.999 0.142272
65.018 0.07236
66.148 0.207936
67.189 0.302008
68.228 0.16416
69.238 0.16416
70.278 0.175104
71.308 0.131328
72.448 0.098496
73.528 0.13608
74.539 0.43776
75.559 0.184688
76.588 0.284544
77.62 0.21056
78.649 0.306432
79.679 0.043776
99.126 0.153216
100.136 0.093104
101.196 0.087552
102.556 0.010944
128.13 0.34944
129.391 0.470592
130.411 0.53328
131.45 0.588632
132.451 0.612744
133.46 0.472944
134.481 0.552832
135.491 0.544016
136.65 1.194008
137.849 1.306336
138.859 1.088864
139.919 1.142976
140.959 1.192656
142.063 1.546368
143.069 1.26052
144.179 1.585304
145.278 1.585792
146.419 1.600744
147.569 1.502384
148.57 1.20536
149.579 1.705424
150.589 1.814056
151.75 1.9382
152.808 1.49912
153.834 1.923752
154.839 1.427952
155.848 1.41448
156.849 0.919392
158.07 1.868016
159.249 1.735768
160.257 1.597152
161.258 1.742808
162.267 1.593648
163.367 1.744752
164.409 1.916424
165.429 2.053088
166.43 2.055936
167.437 1.72432
168.518 2.266576
169.687 2.509856
170.688 1.3566
171.736 1.145672
172.837 1.649248
173.846 1.439144
174.907 1.573336
175.997 2.040352
177.007 1.443312
178.008 1.782328
179.026 1.567304
180.028 1.250864
181.029 1.390536
182.037 1.553728
183.076 1.066336
184.077 1.47864
185.078 1.668584
186.079 1.800664
187.267 2.01152
188.268 1.928056
189.446 1.697608
190.447 1.660608
191.616 2.070528
192.617 1.52448
193.706 1.497888
194.707 1.889272
195.708 1.955688
196.906 1.758336
197.946 2.153088
198.947 1.60036
199.948 1.701504
200.956 1.707368
201.957 1.925208
203.096 2.002016
204.157 1.946608
205.166 2.086144
206.167 1.453304
207.206 1.386456
208.216 1.370752
209.227 0.137192
