0 2.762432
1.001 2.685824
2.01 2.473344
3.011 2.12768
4.012 1.952576
5.019 1.871424
6.029 1.85408
7.031 1.991808
8.039 1.427264
9.049 1.6416
10.05 1.394432
11.055 1.893312
12.059 1.668032
13.069 1.871424
14.07 1.6352
15.079 1.729152
16.089 1.109888
17.11 0.886464
18.119 1.017792
19.138 0.781568
20.209 0.678528
21.218 1.072512
22.229 1.017792
23.239 1.219328
24.249 1.466496
25.258 0.733248
26.259 0.70496
27.269 1.31328
28.289 0.404928
29.359 0.76608
30.39 0.453248
31.538 1.411776
32.548 0.755136
33.549 0.645696
34.57 0.628352
35.578 0.667584
36.588 0.251712
37.678 1.236672
38.679 2.226176
39.689 1.999072
40.69 1.660768
41.691 1.624256
42.829 2.374848
43.83 1.022336
44.837 1.302336
45.848 1.444608
46.85 1.449152
47.857 1.127232
48.858 1.028736
49.887 0.475136
50.897 0.590976
51.917 0.503424
52.937 0.372096
53.947 0.448704
54.967 0.470592
55.987 0.497024
57.297 0.558144
58.298 0.2736
59.317 0.21888
60.337 0.284544
61.347 0.798912
62.348 1.536704
63.349 2.123136
64.357 1.14272
65.367 0.514368
66.377 0.426816
67.439 0.306432
68.467 0.645696
69.477 0.667584
70.497 0.661184
71.517 1.411776
72.529 1.52848
73.547 1.09168
74.557 1.761984
75.559 1.492936
76.577 2.226176
77.737 2.528064
78.757 1.624256
79.777 1.028736
80.796 0.623808
81.817 0.748736
82.897 0.864576
83.906 0.87552
84.916 1.536704
86.016 1.411776
87.025 1.6416
88.027 1.755584
89.035 1.31328
90.055 0.934784
91.065 1.80576
92.066 2.324672
93.067 1.893312
94.075 1.886912
95.076 1.897856
96.077 1.948032
97.086 1.569536
98.091 1.772928
99.094 1.52576
100.115 1.105344
101.125 1.20384
102.135 2.062016
103.144 1.79936
104.154 1.729152
105.155 1.569536
106.164 2.068416
107.165 2.379392
108.166 2.259008
109.18 2.692224
110.214 2.412224
111.225 2.532608
112.244 1.985408
113.246 2.659392
114.247 2.40128
115.255 2.280896
116.256 2.259008
117.264 2.309184
118.265 2.149568
119.266 2.062016
120.274 1.9152
121.294 2.01824
122.295 2.495232
123.296 1.941632
124.304 1.788416
125.314 1.652544
126.315 1.138176
127.334 1.19744
128.335 2.29184
129.336 2.484288
130.337 2.215232
131.344 2.335616
132.345 3.692672
133.354 2.56544
134.364 2.943936
135.366 2.40128
136.384 1.317824
137.394 2.057472
138.395 2.007296
139.405 3.068864
140.406 2.926592
141.414 2.62016
142.604 2.331072
143.614 1.766528
144.615 1.948032
145.624 1.613312
146.644 1.69632
147.645 1.394424
148.646 1.904256
149.654 1.897856
150.655 2.083904
151.664 1.619712
152.665 1.405376
153.714 1.324224
154.724 0.864576
155.733 0.623808
156.743 0.284544
158.373 0.48608
159.383 0.569088
160.384 0.87552
161.393 0.251712
162.444 0.306432
163.473 0.393984
164.482 0.317376
165.492 0.256256
166.863 0.60192
167.873 0.93088
168.892 0.480896
170.143 0.49248
171.152 0.912896
172.153 1.061568
173.188 1.335168
174.202 0.847232
175.212 1.006848
176.222 0.952128
177.223 1.117512
178.224 1.27336
179.243 1.346112
180.253 1.067968
181.573 1.526896
182.583 1.36396
183.584 1.305928
184.585 2.067312
185.594 2.340152
186.722 2.442752
187.723 2.382888
188.724 2.760504
189.892 2.442688
190.893 2.125368
191.902 2.27736
192.904 2.243376
194.052 2.4624
195.061 1.721416
196.102 2.790008
197.103 2.332528
198.162 2.99912
199.163 2.4768
200.172 3.01704
201.294 2.330824
202.383 2.225016
203.384 2.15632
204.392 2.15888
205.401 2.47268
206.512 3.738464
207.523 2.88784
208.524 2.784016
209.756 4.233
