0 0.404928
1.025 0.678528
2.055 0.446384
3.075 0.536256
4.076 1.748656
5.246 2.015912
6.247 2.40636
7.255 1.280448
8.276 0.630904
9.496 0.32832
10.512 1.105344
11.515 0.93024
12.525 0.755136
13.526 1.284248
14.536 1.555752
15.545 1.431064
16.556 1.379568
17.575 1.504944
18.795 1.31328
19.805 1.104
20.815 0.866552
21.855 1.845328
23.015 2.20836
24.016 2.554744
25.275 2.72844
26.277 2.404272
27.466 2.622536
28.475 2.729416
29.805 2.07936
30.845 2.218384
31.905 2.331448
32.906 3.507208
33.907 2.884864
35.024 2.541184
36.035 2.60228
37.045 2.5056
38.055 2.599464
39.056 3.55584
40.057 3.487752
41.065 2.752008
42.074 2.495232
43.075 1.792024
44.085 1.783872
45.097 1.399896
46.104 1.444608
47.124 1.181952
48.134 0.999432
49.144 1.608768
50.154 0.91204
51.164 0.809856
52.175 1.127232
53.184 0.938728
54.198 0.864576
55.225 0.459648
56.255 0.630576
57.265 0.481536
58.432 0.645696
59.434 0.321032
60.444 0.65664
61.455 0.577608
62.494 0.777024
63.514 0.510728
64.515 0.831744
65.524 0.574312
66.535 0.595312
67.775 0.98496
68.795 0.600864
69.804 0.788248
70.975 0.831744
72.015 0.675192
73.024 0.853632
74.034 0.76608
75.044 0.445752
76.074 0.514368
77.084 0.481536
78.095 0.426816
79.119 0.527192
80.124 1.072512
81.134 0.72552
82.144 0.93024
83.164 0.233048
84.224 0.196992
85.494 0.404928
86.514 0.544064
87.524 1.0944
88.535 1.339816
89.735 1.179056
90.754 1.033672
91.774 0.878744
92.791 1.007872
93.794 1.054816
94.894 1.42272
95.904 0.716448
96.914 0.689472
97.934 0.415872
98.964 0.426816
99.984 0.681432
101.014 0.641096
102.024 0.306432
103.074 0.755136
104.084 0.630056
105.1 0.684536
106.144 0.908352
107.164 0.751568
108.174 0.864576
109.375 0.754504
110.384 0.828056
111.394 0.898016
112.395 1.347896
113.404 0.787968
114.414 0.63508
115.435 0.481536
116.614 0.481536
117.624 0.49248
118.634 1.190776
119.674 1.661752
120.675 1.540552
121.684 1.31212
122.694 1.414568
123.695 1.441744
124.714 1.4168
125.715 1.701144
126.724 1.982008
127.725 2.098192
128.734 2.009424
129.735 1.736808
130.854 1.880936
131.896 2.06816
132.904 2.799272
133.915 2.932696
134.916 2.336688
135.917 0.839456
137.034 2.155968
138.035 2.151464
139.044 2.2972
140.045 2.122656
141.054 1.71536
142.103 1.564992
143.114 1.170288
144.323 1.564992
145.324 1.724536
146.361 2.101248
147.363 1.721728
148.364 2.166912
149.374 1.406424
150.394 1.138176
151.403 0.562792
152.474 0.897408
153.484 1.507896
154.493 1.893312
155.494 1.602248
156.504 1.421008
157.505 1.765024
158.523 2.155968
159.533 1.132896
160.543 0.777024
161.684 1.213096
162.894 1.006848
163.913 1.16956
164.914 1.650728
165.933 1.844992
166.934 2.762992
168.023 2.355984
169.034 2.68252
170.143 2.509576
171.144 2.753408
172.234 2.189984
173.283 2.13408
174.284 1.919248
175.303 1.5426
176.304 1.9152
177.313 1.236672
178.316 0.81364
179.323 1.368
180.324 1.643832
181.333 1.991808
182.334 1.772928
183.344 1.359736
184.356 1.228112
185.433 1.335168
186.443 0.65664
187.483 0.456016
188.563 1.061568
189.574 2.594752
190.743 2.473344
191.753 2.157888
192.754 2.506176
193.773 1.400832
194.38 0.052784
195.398 1.051888
196.399 3.109088
197.589 1.286128
198.59 1.41868
199.659 1.294984
200.709 1.70652
201.848 1.005856
202.849 1.079768
203.858 0.951768
205.008 1.209504
206.018 1.00048
207.019 1.146176
208.02 1.018208
209.028 1.117168
