0 0.527016
1.2 0.142272
2.219 0.098496
3.4 0.05472
4.47 0.131328
5.58 0.074368
6.6 0.16416
7.61 0.316464
8.64 0.350208
9.66 0.377
10.68 0.285384
11.74 0.448704
12.761 0.39788
13.78 0.622608
14.79 0.345872
15.83 0.24068
16.95 0.120384
18.0 0.186048
19.12 0.010944
41.363 0.05472
42.483 0.043776
43.543 0.032832
44.842 0.032832
73.292 0.032832
74.87 0.011888
75.871 0.009008
126.212 0.065664
127.332 0.065664
128.933 0.032832
130.171 0.065664
131.271 0.065664
132.371 0.81044
133.515 0.961664
134.532 1.124632
135.542 1.259712
136.901 0.863224
137.911 0.730184
138.94 0.95136
139.941 1.21348
140.951 1.320808
141.952 1.479112
142.972 1.110984
143.981 1.527432
144.991 1.580688
146.001 2.07936
147.011 1.339176
148.031 1.380752
149.261 1.663488
150.271 1.602784
151.272 1.617184
152.281 1.393568
153.291 1.853992
154.401 1.576888
155.421 1.505888
156.431 1.652544
157.432 1.334304
158.451 1.4646
159.461 1.163512
160.521 1.58384
161.731 1.378552
162.821 1.437552
164.021 1.394984
165.191 1.543104
166.201 1.222104
167.21 1.239008
168.22 1.440912
169.23 1.446368
170.25 1.827648
171.251 1.267336
172.259 1.309992
173.26 1.785056
174.469 1.729152
175.48 1.240784
176.499 1.543104
177.5 0.966616
178.51 1.411776
179.53 1.344592
180.531 1.31812
181.599 2.002752
182.6 1.685376
183.61 0.915312
184.62 1.378944
185.63 1.772928
186.64 1.126224
187.65 1.53216
188.67 1.134712
189.671 1.190496
190.68 1.528688
191.69 1.433664
192.7 1.1316
193.71 1.597824
194.72 1.128392
195.73 1.411776
196.74 1.072376
197.75 1.247616
198.751 0.795832
199.762 1.171008
200.769 1.01608
201.77 1.444608
202.785 1.193296
203.795 1.466496
204.805 0.9152
205.816 1.510272
206.817 1.208008
207.823 1.183576
208.833 1.357056
209.843 1.172024
