0 1.424512
1.009 1.243032
2.01 1.019256
3.011 0.931632
4.22 1.047376
5.229 1.226992
6.24 1.033992
7.35 1.175664
8.37 1.062176
9.371 1.266512
10.38 1.027528
11.39 1.204528
12.401 1.00804
13.411 1.269232
14.421 1.042496
15.422 1.620512
16.591 1.296104
17.601 0.966656
18.811 1.047504
19.821 1.077592
20.892 1.43928
21.893 1.1456
22.922 1.469832
23.952 1.56424
25.022 1.513128
26.023 1.015152
27.063 0.92848
28.064 1.073472
29.203 1.36156
30.213 1.02272
31.323 1.43316
32.333 1.509312
33.334 1.781944
34.335 1.871016
35.343 1.83432
36.344 1.85692
37.544 1.884328
38.565 2.552312
39.724 2.84324
40.914 2.007848
41.924 1.95108
42.945 2.406488
43.965 2.316288
44.976 1.951392
45.985 2.126472
46.997 1.73772
48.005 1.970856
49.007 1.95428
50.075 2.155968
51.076 1.725912
52.077 1.551888
53.096 2.021792
54.136 2.757888
55.137 2.51436
56.138 2.433176
57.146 2.757888
58.147 1.978736
59.148 2.725056
60.157 2.779776
61.167 1.8102
62.168 2.423952
63.277 2.24352
64.287 1.561272
65.307 1.761984
66.317 1.54876
67.318 1.433664
68.328 0.744192
69.337 0.534256
70.338 0.339264
71.359 0.021888
72.381 0.87552
73.398 0.481536
74.448 1.1494
75.458 2.176176
76.469 2.597472
77.679 2.359336
78.909 2.035584
79.919 0.63292
80.939 0.678528
81.949 0.897408
82.969 1.028672
83.989 1.346112
84.999 1.020696
86.01 1.225728
87.02 0.963808
88.03 1.324224
89.05 1.093816
90.051 2.123136
91.052 1.8046
92.06 1.594672
93.14 1.871424
94.141 1.600816
95.151 1.653136
96.171 2.177856
97.172 1.261792
98.181 1.346112
99.191 1.42272
100.203 0.932896
101.222 1.116288
102.232 0.761832
103.483 0.448704
104.952 0.131328
106.792 0.229824
107.852 0.175104
108.912 0.010944
121.503 0.032832
133.618 0.295464
134.718 2.856384
135.719 4.0576
136.721 4.29428
137.723 4.443264
138.725 4.187
139.728 4.212072
140.729 4.995864
141.879 5.482944
142.88 4.111992
143.881 4.982552
144.882 4.582576
145.89 4.896
146.971 5.099608
148.04 4.789032
149.09 2.265408
150.111 3.002528
151.301 3.11904
152.302 2.724176
153.303 4.793472
154.305 4.766448
155.306 4.712832
156.311 4.673808
157.322 4.749488
158.323 4.29592
159.329 4.804648
160.33 4.97952
161.331 3.781336
162.347 3.822264
164.112 6.60696
166.812 3.39264
167.813 2.739232
168.823 2.17228
169.953 1.986264
171.023 2.390904
172.042 1.523864
173.044 2.608176
174.213 2.550184
175.403 2.481872
176.404 1.97876
177.504 2.088104
178.634 1.895288
179.714 1.975976
180.794 2.289232
181.944 2.611048
182.945 2.069296
184.094 2.539496
185.285 2.369936
186.286 1.781568
187.295 2.11496
188.296 1.575888
189.305 1.947448
190.375 1.335352
191.385 1.406752
192.445 1.734536
193.447 1.515072
194.448 1.82416
195.456 2.107416
196.465 1.56288
197.576 1.836136
198.656 2.104872
199.766 2.34632
200.767 1.987432
201.926 2.164232
203.037 2.205744
204.038 1.762912
205.078 1.807144
206.087 1.919144
207.088 1.924112
208.258 1.874864
209.547 1.490848
