0 1.302336
1.009 1.980584
2.098 1.94188
3.108 1.758336
4.299 1.45692
5.489 1.84444
6.649 1.594152
7.679 1.6124
8.759 2.195648
9.76 1.635336
10.788 1.926144
11.808 0.980344
12.821 1.521984
13.828 1.73812
14.832 1.556472
15.842 1.541208
16.922 2.049928
17.933 3.08912
18.942 2.536936
19.943 2.532864
20.952 2.213176
21.962 2.962168
22.963 2.347144
23.964 2.098424
24.972 1.73692
26.092 1.904416
27.093 2.34244
28.272 2.365624
29.283 2.029792
30.472 1.935584
31.482 2.342016
32.483 2.566848
33.492 2.4978
34.501 1.715536
35.502 2.457632
36.503 2.365496
37.652 2.590024
38.83 2.71056
39.921 2.871008
41.081 2.714112
42.091 2.081376
43.092 3.195648
44.099 2.548088
45.109 2.153128
46.199 2.665112
47.339 2.743912
48.459 2.615616
49.469 2.215448
50.47 2.436376
51.471 2.18292
52.479 2.906736
53.48 2.906696
54.481 3.20848
55.49 2.9362
56.5 2.329128
57.509 2.23984
58.529 2.673664
59.53 2.834936
60.619 2.867328
61.62 1.895664
62.64 2.075488
63.649 2.410272
64.72 2.838536
65.721 2.79072
66.73 2.319192
67.731 2.59456
68.75 2.616088
69.76 2.709256
70.77 3.100432
71.772 2.76548
72.889 3.271208
73.9 3.259416
74.91 3.11904
75.92 1.418832
77.802 6.164528
78.81 2.101248
79.812 2.279752
80.82 2.388056
81.821 2.437872
82.83 2.747472
83.85 3.072288
84.86 2.685056
85.861 2.655192
86.862 2.30968
87.872 2.749072
88.882 3.298816
89.992 3.197584
90.993 2.241104
92.011 1.825568
93.012 2.099304
94.013 3.024752
95.021 2.273256
103.088 1.597824
104.089 1.803536
105.099 2.616976
106.11 2.46364
107.119 2.945528
108.121 3.659344
109.228 4.34368
110.449 4.199704
111.456 4.25628
112.459 4.14036
113.46 3.897296
114.558 3.837168
115.559 3.278952
116.568 4.211064
117.569 3.520208
118.57 3.584232
119.618 3.510176
120.619 5.264064
121.62 4.531
122.629 3.763584
124.61 8.473096
125.638 3.469248
126.649 4.169664
127.659 4.574592
128.66 2.834896
129.679 2.943936
130.688 2.582376
131.788 3.261312
132.797 3.760712
133.998 3.086208
134.999 2.221632
136.0 1.282576
139.009 5.644104
140.161 1.86048
141.18 1.75132
142.189 1.683488
143.209 1.926144
144.218 1.803896
145.219 1.637768
146.238 1.47744
147.249 1.006848
148.279 0.472
149.289 0.393984
150.329 0.339264
151.36 0.262656
152.39 0.229824
153.42 0.131072
163.435 1.806016
164.47 0.065664
180.345 0.413264
181.405 0.647664
182.406 1.107176
183.415 0.651624
184.435 0.837112
185.437 0.953848
186.455 0.639992
187.546 0.852616
188.575 0.736528
189.596 0.588504
190.715 0.611712
191.727 0.40692
192.746 0.361152
193.767 0.1128
194.806 0.339264
195.816 0.257752
196.818 0.339264
197.828 0.362288
198.85 0.470592
199.868 0.550768
201.139 0.845296
202.159 0.696912
203.168 0.722144
204.379 0.485248
205.518 0.306432
206.519 0.47896
207.528 0.589016
208.549 0.685992
209.569 0.685896
