0 1.20936
1.001 1.277176
2.011 1.107256
3.112 0.920664
3.664 3.043656
4.674 2.356352
5.676 1.527664
6.704 0.822856
7.724 1.327816
8.764 1.713688
9.774 2.443832
10.775 2.0336
11.814 2.948304
12.825 3.69864
13.834 2.685688
14.835 2.850288
16.014 2.08632
17.015 3.37684
18.018 2.097656
19.144 3.153904
20.154 2.101136
21.404 3.231936
22.422 3.640848
23.425 2.793856
24.426 3.513376
25.445 2.691544
26.446 3.888048
27.447 2.791496
28.462 3.212368
29.464 3.441408
30.544 3.97736
31.545 2.62228
32.546 3.90748
33.683 3.625792
34.785 3.928768
35.964 3.66548
37.114 1.942216
38.213 3.271152
39.223 2.670624
40.263 3.420328
41.273 2.858824
42.343 3.291816
43.344 2.621224
44.345 3.26336
45.353 3.283224
46.354 2.421224
47.355 3.293528
48.363 3.133936
49.463 3.623224
50.473 3.50852
51.474 3.159808
52.602 3.543024
53.603 2.469808
54.604 3.128896
55.613 2.652744
56.623 2.286776
57.631 2.776688
58.741 2.417968
59.742 1.918672
60.751 1.821168
61.841 3.099136
62.852 3.19052
63.853 2.917896
64.93 2.452624
65.931 2.932008
66.94 3.041408
67.941 3.04572
68.942 1.56832
69.95 1.946456
70.959 2.137544
71.969 2.132176
72.98 3.029592
73.989 2.677984
74.99 3.317816
75.998 2.576696
77.028 3.167704
78.118 2.924944
79.12 1.742432
80.178 1.7828
81.179 3.690144
82.358 3.672704
83.359 3.374888
84.418 3.667232
85.438 3.292304
86.478 3.679952
87.618 3.710592
88.619 2.414888
89.628 2.798512
90.629 3.73016
91.828 3.385016
92.829 2.292832
93.831 3.678808
95.007 2.761328
96.008 2.752104
97.018 3.216856
98.022 2.841072
99.069 3.955704
100.078 2.307032
101.079 3.2562
102.088 3.053608
103.128 2.812312
104.138 1.959776
105.148 1.715928
106.258 2.735856
107.259 1.862976
108.268 3.289272
109.468 3.583472
110.478 3.539968
111.479 3.86136
112.48 3.859808
113.638 2.63812
114.639 3.207816
115.64 2.585928
116.718 3.449552
117.719 2.93604
118.728 3.459432
119.868 3.466344
120.878 2.845192
121.879 2.744312
122.888 2.875704
123.94 3.301896
125.028 3.307024
126.029 3.766704
127.088 3.319656
128.089 2.737752
129.098 2.047064
130.099 2.06804
131.1 2.796296
132.107 1.609624
133.116 2.237456
134.297 2.363904
135.307 2.079096
136.317 2.29412
137.318 2.047032
138.407 2.673568
139.42 1.95784
140.427 2.46144
141.437 2.697352
142.447 2.114064
143.455 2.594336
144.456 2.439152
145.595 2.4468
146.596 2.39824
147.605 2.833896
148.606 2.418592
149.847 2.278848
150.965 2.65964
151.966 2.512104
153.105 2.807808
154.125 2.820376
155.126 3.980688
156.127 4.098064
157.136 3.122536
158.169 4.269664
159.172 4.108888
160.336 3.14264
161.337 3.16028
162.338 3.126656
163.345 3.395504
164.346 3.136368
165.347 2.620176
166.965 4.58736
167.966 3.334576
168.968 3.819744
170.055 3.764512
171.056 3.3096
172.175 4.08452
173.177 3.250536
174.255 4.121872
175.256 3.2164
176.269 3.377904
177.27 3.036112
178.275 3.123384
179.289 3.19976
180.295 3.102744
181.296 3.887104
182.305 3.097976
183.315 3.388616
184.317 3.092544
185.322 4.173048
186.496 4.112872
187.497 3.246712
188.499 4.384888
189.506 3.6576
190.507 2.371672
191.624 2.956136
192.625 3.032536
193.636 3.069472
194.637 3.373904
195.644 3.217648
196.714 3.266128
197.716 2.997288
198.724 3.661664
199.763 4.219616
200.764 4.05004
201.933 3.786664
203.054 4.078912
204.173 3.848376
205.603 3.44212
206.683 3.929184
207.694 3.757448
208.696 2.88316
209.703 3.630736
