0 3.686272
1.091 3.725496
2.092 2.817152
3.1 3.276648
4.11 3.276952
5.29 3.086208
6.291 3.320576
7.293 3.145472
8.3 3.565888
9.37 4.020992
10.381 4.185152
11.382 4.20704
12.4 3.93344
13.41 3.303232
14.42 3.758336
15.421 4.020992
16.43 2.696768
17.431 3.265856
18.432 2.642048
19.489 3.2768
20.58 4.141376
21.581 3.69268
22.582 4.141376
23.59 3.736448
24.599 3.824
25.6 3.401728
26.628 2.867328
27.629 1.569536
28.631 1.991808
29.639 2.29184
30.64 1.886912
31.649 2.385792
32.651 3.156416
33.659 3.522112
34.769 3.703616
35.77 2.89376
36.779 3.692672
37.78 3.364352
38.781 3.375296
39.788 3.189248
40.789 3.736448
41.79 3.616064
42.799 3.692672
43.801 3.648896
44.809 3.375296
45.819 2.116736
46.829 2.1824
47.928 3.33152
48.929 3.22208
49.93 3.2768
50.999 3.572288
52.0 3.38624
53.009 3.211136
54.01 3.637952
55.011 3.561344
56.019 3.736448
57.02 4.414976
58.021 3.970816
59.119 4.217984
60.129 3.758336
61.13 4.020992
62.131 4.397632
63.239 3.79116
64.24 3.397184
65.241 3.648896
66.242 3.955328
67.249 3.65984
68.25 3.889664
69.259 3.451904
70.269 3.686272
71.408 3.2768
72.468 3.287744
73.479 3.517568
74.488 3.178304
75.489 3.134528
76.529 3.747392
77.53 3.65984
78.538 2.499752
79.54 3.309656
80.542 3.87872
81.548 3.287744
82.558 3.068864
83.568 3.079816
84.577 2.84544
85.578 2.357504
86.58 3.0032
87.588 2.806208
88.589 2.762432
89.59 3.0032
90.598 3.16736
91.599 2.94848
92.607 2.615616
93.608 1.624256
94.609 2.477888
95.61 2.83904
96.708 3.206592
97.717 3.16736
98.718 3.437272
99.719 3.295976
100.798 3.517568
101.799 3.145472
102.8 3.200192
103.807 3.233024
104.848 3.287592
105.938 3.097152
106.947 1.722904
107.948 3.681728
108.949 4.04288
109.951 2.89376
110.957 2.335616
111.967 2.138624
112.976 3.025088
114.077 3.2768
115.197 3.2768
116.306 3.287744
117.308 3.217536
118.316 3.587776
119.317 3.539456
120.318 2.78432
121.326 3.233024
122.375 3.725504
123.377 3.38624
124.378 3.5504
125.386 4.075712
126.395 2.740544
127.397 2.1824
128.448 1.389888
129.455 1.886912
130.545 3.075264
131.546 2.904704
132.547 2.762432
133.555 3.068864
134.556 3.561344
135.557 3.046976
136.565 2.456
137.566 2.642024
138.567 2.860952
139.575 3.020544
140.577 2.981312
141.578 3.419072
142.586 2.368448
143.595 2.12768
144.605 2.302776
145.615 3.287744
146.726 3.430016
147.727 3.955328
148.728 4.502528
149.729 3.473792
150.735 3.123584
151.736 3.506624
152.737 2.762432
153.745 2.379392
154.746 2.751488
155.754 2.320128
156.755 1.3616
157.774 1.47744
158.784 0.131072
159.787 1.733952
160.794 0.908352
161.804 0.831744
162.824 1.230272
163.842 1.948032
164.844 2.062016
165.855 2.215232
166.856 2.123136
167.864 0.885792
168.884 3.327968
170.045 1.721896
171.105 1.38216
172.135 1.542432
173.136 1.569624
174.154 1.245288
175.235 1.731008
176.245 1.772224
177.254 1.699848
178.265 2.03352
179.445 1.947056
180.614 1.7976
181.734 1.604312
182.735 1.231344
183.974 1.155584
185.044 1.042832
186.144 0.504184
187.314 1.005264
188.324 1.250616
189.335 0.872776
190.344 0.832352
191.345 1.1088
192.364 0.751168
193.374 0.8222
194.496 1.001224
195.654 1.065432
196.716 1.07184
197.736 1.188032
198.744 1.074384
199.754 1.010368
200.794 1.254712
201.974 1.190384
202.979 1.547768
204.064 1.445016
205.094 1.237032
206.104 1.21288
207.134 0.371616
208.143 0.6632
209.144 0.985976
