0 0.569088
1.04 0.339264
2.09 0.245416
3.12 0.569088
4.13 0.409136
5.131 0.404928
6.14 0.681536
7.15 0.401952
8.16 0.952128
9.17 0.5788
10.21 0.403432
11.221 0.339264
12.311 0.34808
13.42 0.372096
14.44 0.434336
15.46 0.545296
16.47 0.747392
17.521 0.693696
18.529 0.816232
19.549 0.81776
20.559 1.58556
21.561 1.950104
22.639 1.707888
23.669 0.897408
24.679 0.68156
25.709 0.634752
26.719 0.409672
27.739 0.448704
28.769 0.559968
29.77 1.06128
30.849 0.634752
31.85 0.437432
32.869 0.645696
33.889 0.685144
34.899 0.562736
35.909 0.6344
36.939 0.722304
37.949 0.356888
39.389 0.60192
40.399 0.934912
41.449 1.017792
42.469 0.525952
43.473 0.900944
44.508 1.296776
45.509 0.582024
46.518 0.588024
47.528 0.948448
48.537 1.183704
49.538 0.802
50.549 0.434264
51.588 0.339264
52.607 0.6852
53.868 1.331024
54.878 1.979248
55.889 1.68608
56.898 1.927168
57.911 1.788968
58.978 1.940136
60.038 1.662296
61.078 1.681536
62.208 1.754696
63.218 1.507848
64.219 1.480792
65.228 1.310608
66.229 1.746992
67.238 1.697096
68.248 1.152352
69.257 1.720016
70.517 2.002752
71.528 1.332768
72.537 1.68852
73.597 2.166912
74.607 1.69136
75.838 0.328576
77.169 2.784296
78.377 1.247616
79.387 1.326272
80.448 1.42272
81.506 1.459008
82.507 1.81108
83.537 2.0
84.617 1.864464
85.628 1.497648
86.637 1.786808
87.646 1.72996
88.686 2.385792
89.687 1.861888
90.695 2.309184
91.707 1.967304
92.727 2.191496
93.786 2.659392
94.796 1.7022
95.816 2.090304
96.825 1.592832
97.826 2.013696
98.836 1.533888
99.856 2.07936
100.866 1.757256
101.887 2.210688
102.896 1.649672
103.897 2.166912
104.906 1.830072
105.916 2.166912
106.927 1.586848
107.928 2.123136
108.936 1.999464
110.086 2.309184
111.096 2.4624
112.097 2.017856
113.106 2.439008
114.115 2.253832
115.186 2.302784
116.346 2.279992
117.475 2.703168
118.485 1.970072
119.486 1.893152
120.495 2.725056
121.496 1.899216
122.515 1.88456
123.525 2.287296
124.534 1.852896
125.543 1.642016
126.544 1.86048
127.545 1.69784
128.552 1.991808
129.553 1.659456
130.563 1.730528
131.564 2.265408
132.572 1.559584
133.573 1.818728
134.583 2.29824
135.592 2.19628
136.603 2.163528
137.611 1.499328
138.621 1.177448
139.622 1.619712
140.631 1.2028
141.632 1.597824
142.641 1.192416
143.652 1.507424
144.781 1.794816
145.791 1.301616
146.8 1.663488
147.82 1.171008
148.821 0.444088
149.83 0.448704
150.84 0.38304
151.859 0.32832
152.869 0.240768
153.909 0.262656
154.929 0.2736
155.959 0.32832
156.968 0.5472
157.978 0.649064
158.988 1.1114
160.498 1.105344
161.508 0.755864
162.518 0.800544
163.598 0.853632
164.618 0.690688
165.638 0.952128
166.648 1.030752
167.658 1.388136
168.688 1.488384
169.698 1.077032
170.708 0.92016
171.718 1.064248
172.738 0.886624
173.928 0.536256
174.961 0.569088
175.968 0.395808
176.998 0.306432
178.004 0.284544
179.028 0.372096
180.078 0.372096
181.088 0.32832
182.108 0.404928
183.117 0.626536
184.128 0.731168
185.218 0.864576
186.228 0.602072
187.248 0.555072
188.257 0.582896
189.267 0.642752
190.277 0.73036
191.287 0.393984
192.317 0.240768
193.356 0.196992
195.306 0.202032
196.566 0.21888
197.577 0.196992
198.846 0.16416
199.856 0.095088
200.896 0.207936
201.925 0.120384
