0 0.798912
1.002 0.593344
2.033 0.801552
3.182 0.54868
4.212 0.426952
5.312 0.021888
6.342 0.932688
7.412 0.850176
8.422 0.801952
9.432 0.572528
10.452 0.393984
11.462 0.173352
12.531 0.440504
13.561 0.415872
14.58 0.499864
15.581 0.398616
16.596 0.631624
17.611 0.503424
18.681 0.251392
19.82 0.284544
21.351 0.371184
22.371 0.78892
23.381 0.956616
24.6 0.746512
25.609 0.400904
26.63 0.463464
27.66 0.576984
28.669 0.463872
29.719 0.404928
30.789 0.544032
31.799 0.439728
32.809 0.470592
33.819 0.176008
34.929 0.021888
47.488 0.32832
48.528 0.45864
49.588 0.850552
50.628 1.209888
51.629 1.395152
52.757 1.45636
53.798 1.325048
54.808 1.404328
55.929 1.266872
56.937 1.345688
57.938 1.529184
58.939 2.08532
59.94 2.012176
61.028 2.49024
62.029 2.363648
63.037 1.682984
65.098 0.70012
66.247 0.459648
80.291 0.2736
81.292 0.645696
82.302 0.684304
83.461 1.045016
84.462 0.94492
85.471 1.113136
86.481 1.14392
87.491 1.027088
88.701 1.70348
89.71 1.12044
90.77 1.100392
91.771 1.03968
92.791 0.529832
93.8 1.018656
94.809 1.447288
95.81 1.36816
96.87 0.8208
97.879 0.2736
114.673 0.043776
115.815 0.065664
116.892 0.043776
118.112 0.043776
119.292 0.065664
120.472 0.058488
121.531 0.019944
122.612 0.043776
123.792 0.065664
124.952 0.065664
126.362 0.697328
127.363 1.146376
128.372 0.361152
129.392 0.425144
130.423 0.923616
131.642 1.161208
132.662 0.393984
136.691 0.492992
137.7 1.120904
138.71 1.594424
139.72 1.580992
140.721 2.007512
141.78 2.282912
142.79 2.22224
143.839 2.600472
144.85 2.090736
146.03 1.868384
147.031 1.739704
148.038 1.45944
149.039 1.252712
150.048 1.419096
151.138 1.60016
152.299 1.495632
153.328 1.072512
154.329 1.030496
155.349 1.291392
156.368 0.588808
157.378 1.214784
158.398 0.773736
159.408 1.072512
160.409 1.13936
161.418 0.995904
162.429 0.842688
163.449 0.638864
164.458 1.269504
165.468 1.097944
166.469 1.6416
167.478 1.114768
168.479 0.60192
169.608 0.700416
170.609 0.7162
171.618 1.050624
172.628 0.93024
173.838 1.378944
174.849 0.816816
175.858 0.590976
176.868 0.941184
177.878 0.142272
179.118 0.032832
189.643 0.065664
190.778 0.05472
191.838 0.021888
192.981 0.043776
194.269 0.043776
195.438 0.043776
196.838 0.05472
197.859 0.065664
199.018 0.043776
200.118 0.043776
201.298 0.043776
202.501 0.043776
203.698 0.043776
204.938 0.032832
206.058 0.05472
207.198 0.076608
208.358 0.05472
209.618 0.043776
