0 0.27932
1.01 1.181952
2.011 1.091752
3.06 0.809856
4.071 1.325104
5.1 1.58688
6.111 0.494752
7.18 1.017792
8.19 0.854344
9.261 2.199744
10.262 1.170568
11.27 1.354968
12.34 0.459648
13.341 2.182104
14.78 2.736
15.782 1.006616
16.783 1.71372
17.85 2.659392
18.862 1.326448
19.863 2.63788
20.982 1.6326
22.062 2.447424
23.081 1.761984
24.082 0.832272
25.181 2.648448
26.182 1.184184
27.194 2.107936
28.391 0.569088
29.392 2.495232
30.412 1.962984
31.422 1.236032
32.472 2.593728
33.482 0.385264
34.502 2.265408
35.503 2.239096
36.632 1.970432
37.802 2.075232
38.842 2.062544
39.972 2.575736
40.973 0.813832
42.022 2.68856
43.033 2.298896
44.034 1.45804
45.042 1.718208
46.043 1.224664
47.073 1.357056
48.082 0.524016
49.093 1.400832
50.094 1.052088
51.103 1.171008
52.113 0.673392
53.213 1.335168
54.223 0.771816
55.263 0.831744
56.273 1.105344
57.293 0.787968
58.303 0.590848
59.643 0.787968
60.644 0.71136
61.653 0.514368
62.673 0.536256
63.693 0.27628
64.713 0.470592
65.794 0.941184
66.823 0.374568
67.984 0.2736
69.074 0.645696
70.114 0.350208
71.134 0.43596
72.184 0.2736
73.284 0.481536
74.354 0.627408
75.604 0.798912
76.634 0.604912
77.674 0.558144
78.694 0.678528
79.704 0.312968
80.714 0.43776
81.715 0.514368
82.734 0.20136
83.774 0.525312
84.805 0.369736
86.075 0.508376
87.275 0.475168
88.475 0.493776
89.665 0.525312
90.685 0.131264
91.705 0.415872
92.725 0.158016
93.775 0.175104
94.886 0.284544
95.935 0.135208
96.965 0.470592
98.785 0.639816
99.975 0.586864
101.055 0.393984
102.056 0.529032
103.076 0.33196
104.145 0.503424
105.146 0.25592
106.155 0.498064
107.466 0.350208
108.476 0.20604
109.486 0.384592
110.666 0.494336
111.667 0.575104
112.696 0.593256
113.706 0.5438
114.717 0.415616
115.796 0.448704
116.807 0.554112
117.827 0.578656
118.836 0.388448
119.867 0.39176
121.066 0.426816
122.077 0.192768
123.117 0.314648
124.337 0.558824
125.577 0.426816
126.587 0.297032
127.617 0.443472
128.787 0.284544
129.998 0.244496
131.067 0.131328
132.097 0.175104
133.378 0.185048
134.478 0.098496
135.488 0.142272
136.587 0.348368
137.688 0.288584
138.868 0.54964
139.908 0.634752
140.938 0.148776
141.978 0.175104
143.048 0.010944
144.218 0.076608
145.348 0.049152
147.738 0.032832
148.748 0.043776
150.388 0.021888
154.608 0.087552
155.618 0.120384
156.628 0.151352
157.677 0.196992
158.687 0.240768
159.718 0.162728
160.728 0.32832
161.758 0.422696
162.838 0.405136
164.268 0.430656
165.288 0.575576
166.298 0.431544
167.478 0.244992
168.508 0.525312
169.518 0.314784
170.519 0.691424
171.538 0.250328
172.55 0.91464
173.589 0.55208
174.658 0.910712
175.689 1.028752
176.718 0.915128
177.719 0.815736
178.729 1.061568
179.739 0.286928
180.749 0.536256
181.759 0.65664
182.769 0.379032
183.77 1.127232
184.789 0.560104
186.02 1.017704
187.029 0.93024
188.039 0.100928
189.069 0.590976
190.07 0.569952
191.11 0.426816
192.13 0.481536
193.15 0.4246
194.16 0.5472
195.18 0.558144
196.23 0.201832
197.25 0.49248
198.28 0.60192
199.3 0.14584
200.35 0.63428
201.45 0.525312
202.47 0.668592
203.48 0.5886
204.501 0.54996
205.67 0.295488
206.69 0.3216
207.869 0.38304
208.88 0.241576
209.949 0.196992
