0 1.66968
1.001 2.246688
2.121 2.29824
3.122 1.108288
4.279 2.320128
5.282 3.21684
6.29 1.509472
7.319 0.700416
8.321 1.772928
9.331 1.154232
10.34 2.609752
11.49 2.757888
12.502 3.18456
13.701 3.345088
14.702 2.471944
15.92 1.072512
16.922 2.151856
17.923 0.842688
18.926 0.927512
19.94 1.269504
20.941 2.786936
21.961 3.126272
22.962 2.475888
23.964 3.022016
25.061 3.42308
26.171 2.615616
27.172 0.938312
28.181 0.98496
29.182 1.050624
30.191 0.667584
31.241 0.726912
32.381 1.47744
33.382 1.980864
34.383 0.8192
35.391 1.6416
36.403 1.473568
37.404 1.707264
38.422 1.046448
39.723 1.335168
40.732 1.302336
41.742 0.256768
43.011 0.262656
44.012 0.65664
45.121 2.336808
46.122 2.17752
47.123 2.601304
48.125 1.932896
49.131 2.326424
50.201 1.693896
51.202 1.750152
52.212 1.801856
53.221 2.343984
54.222 2.913768
55.231 3.31404
56.242 1.643912
57.351 0.8208
58.352 3.278736
59.492 2.90016
60.493 2.17852
61.502 2.341264
62.503 2.867328
63.504 1.738248
64.671 1.105344
65.672 3.600576
66.673 1.507408
67.674 3.06432
68.682 2.8228
69.822 1.247616
70.823 3.567744
71.824 2.408928
72.832 2.320128
73.833 1.976536
74.962 0.919296
75.963 2.577872
77.012 1.510272
78.023 2.04932
79.033 1.981336
80.213 1.991808
81.235 0.788144
82.242 2.174904
83.642 1.685376
84.644 0.861296
85.673 0.700416
86.703 1.31328
87.713 1.329984
88.714 1.69632
89.724 0.93732
90.883 0.580032
91.884 1.597824
92.885 0.905928
93.963 1.543104
94.974 0.830848
96.013 1.499328
97.024 0.986736
98.154 0.71136
99.155 1.6308
100.273 1.291392
101.334 1.02276
102.553 0.798912
103.554 0.952128
104.564 0.507184
105.644 0.777024
106.645 1.083456
107.664 0.62452
108.684 1.061568
109.694 0.478616
110.754 1.225728
111.764 0.704544
112.766 0.87552
113.785 0.20476
114.794 0.98496
115.814 0.791144
116.824 1.028736
117.845 0.401248
118.885 1.171008
119.895 0.383344
120.915 0.974016
121.925 0.488424
122.926 1.133392
123.955 0.733248
124.975 0.25028
126.015 1.394296
127.025 1.46052
128.045 0.557824
129.055 0.966752
130.136 1.679672
131.145 0.913888
132.156 0.89808
133.176 0.883328
134.177 1.18796
135.186 0.637344
136.276 1.167064
137.336 1.002448
138.675 1.03968
139.676 0.590496
140.686 0.470592
141.726 0.558144
142.736 0.229824
143.966 0.207936
145.066 0.317376
146.097 0.065664
147.117 0.334464
148.126 0.131328
149.286 0.262656
150.486 0.229824
152.54 0.244136
153.559 0.306432
155.843 1.045272
156.929 1.386984
157.93 1.08228
159.1 1.208912
160.109 1.866208
161.12 1.499072
162.239 1.817432
163.24 1.473448
164.259 2.101464
165.26 1.394616
166.28 1.127232
167.301 1.611624
168.32 2.03656
169.322 2.04896
170.33 1.787728
171.331 1.32632
172.449 2.163632
173.45 2.194968
174.451 1.94652
175.46 2.587744
176.661 2.714112
177.67 1.64556
178.671 1.720952
179.82 2.429568
180.84 1.066736
181.85 1.575936
182.851 0.032832
184.2 0.831744
185.208 0.636224
186.209 1.160064
187.22 1.2288
188.229 1.400832
189.24 0.698192
190.259 1.893312
191.27 1.179792
192.28 1.55048
193.31 1.47744
194.311 0.456944
195.312 2.111256
196.41 1.608768
197.421 0.609504
198.501 2.14812
199.56 1.0944
200.576 0.843744
201.62 1.91728
202.81 1.42272
203.821 0.688584
204.909 2.396736
205.911 1.037136
206.912 0.875008
207.931 1.409768
209.031 1.575936
