0 0.10944
1.002 0.076608
2.107 0.087552
3.161 0.065664
4.181 0.076608
5.321 0.065664
6.521 0.05472
7.66 0.05472
9.001 0.087552
10.138 0.05472
11.2 0.076608
12.341 0.087552
13.38 0.076608
14.417 0.076608
15.437 0.065664
16.5 0.120384
17.72 0.076608
29.019 0.032832
30.117 0.043776
31.197 0.076608
32.217 0.026088
33.656 0.021888
39.536 0.032832
40.689 0.087552
41.869 0.043776
42.97 0.032832
44.369 0.021888
45.389 0.032832
46.789 0.032832
48.089 0.10944
50.395 0.076608
51.529 0.05472
52.689 0.021888
53.709 0.032832
54.989 0.026112
56.049 0.065664
57.129 0.587808
58.14 1.261432
59.221 1.779784
60.222 1.263712
61.25 1.37416
62.251 1.423528
63.399 1.09524
64.4 1.027184
65.409 1.518584
66.42 1.663064
67.43 1.217176
68.439 1.8916
69.441 1.153024
70.478 0.5472
71.577 0.946528
72.719 1.14512
73.728 1.401544
74.928 1.105344
75.938 0.844816
76.957 1.218328
78.107 1.539688
79.317 1.406608
80.327 1.309792
81.397 1.160064
82.407 0.353832
83.417 1.036744
84.558 1.533336
85.567 1.466496
86.577 1.127488
87.587 0.793872
88.598 1.116288
89.607 0.753744
90.627 1.31328
91.636 0.53244
92.677 1.346112
93.836 0.70484
94.846 1.25856
95.856 0.939472
96.866 1.740096
97.867 0.977056
98.886 1.20384
99.896 1.110072
100.906 1.198632
101.925 1.202392
102.945 1.849536
103.965 1.530344
104.975 1.297792
105.985 1.47744
106.998 0.957232
108.004 0.744192
109.014 0.426816
110.023 0.372096
111.034 0.353232
112.173 1.105344
113.174 0.905008
114.182 1.280448
115.203 0.928288
116.204 1.098016
117.213 1.328216
118.283 1.061568
119.292 0.530616
120.293 0.8208
121.303 0.98652
122.452 0.919296
123.462 1.20384
124.482 1.18472
125.492 1.160064
126.502 0.911192
127.51 0.65664
128.53 0.87552
129.534 0.853632
130.541 0.805336
131.56 0.762968
132.81 0.426816
133.819 0.404928
134.85 0.295488
135.859 0.21888
136.869 0.251712
137.889 0.272832
148.179 1.685376
150.709 1.752064
174.76 0.361152
175.761 0.548064
176.762 1.595552
177.832 1.889664
178.861 1.498072
179.862 1.685832
180.863 1.58504
181.881 1.630144
183.002 1.949288
184.012 2.166272
185.163 2.41776
186.21 2.114272
187.211 1.960752
188.37 2.340064
189.371 1.711328
190.459 2.031552
191.46 1.48044
192.569 1.892816
193.57 1.694784
194.59 2.026568
195.768 1.985664
196.828 1.649056
197.978 1.716416
198.988 1.29628
199.989 1.399792
201.268 1.780136
202.468 1.954936
203.469 2.07272
204.47 1.9546
205.598 2.153288
206.769 2.283712
207.958 2.024208
208.959 1.369384
