0 0.733248
1.01 0.612864
2.032 0.514368
3.05 0.393984
4.07 0.361152
5.119 0.393984
6.159 0.2672
7.19 0.426816
8.192 0.339264
9.199 0.38304
10.239 0.481536
11.243 0.525312
12.249 0.623808
13.279 0.43776
14.299 0.59552
15.32 0.623808
16.339 0.43776
17.369 0.49248
18.389 0.404928
19.419 0.470592
20.429 0.343808
21.439 0.448704
22.449 0.426816
23.489 0.459648
24.499 0.525312
25.529 0.426816
26.549 0.459648
27.569 0.43776
28.589 0.551736
29.599 0.590976
30.619 0.722304
31.639 0.569088
32.649 0.689472
33.669 0.584576
34.679 0.536256
35.699 0.49248
36.709 0.503424
37.719 0.459648
38.739 0.404928
39.759 0.507968
40.859 0.645696
41.879 0.612864
42.899 0.700416
43.949 0.590976
44.959 0.361152
45.979 0.409472
46.989 0.963072
47.99 1.324224
48.999 1.449152
50.0 2.07936
51.009 1.755584
52.019 2.035584
53.02 1.449152
54.039 1.53216
55.049 1.120832
56.059 1.083456
57.069 1.03968
58.09 0.59552
59.109 0.361152
60.149 0.240768
75.188 0.404928
76.198 0.612864
77.208 0.777024
78.218 0.792512
79.468 0.634752
80.478 0.831744
81.488 0.853632
82.518 0.908352
83.528 1.120832
84.548 0.941184
85.568 1.263104
86.588 1.346112
87.598 1.42272
88.608 1.219328
89.609 1.400832
90.618 1.41632
91.619 1.346112
92.628 1.755584
93.648 1.466496
94.658 1.127232
95.678 0.88004
96.686 0.700416
97.698 0.853632
98.708 0.60192
99.718 0.60192
100.738 0.321944
101.748 0.32832
102.788 0.16416
103.878 0.098496
104.897 0.131328
105.947 0.295488
106.978 0.404928
107.988 0.317376
109.078 0.032832
110.387 0.733248
111.406 0.694016
112.527 1.105344
113.537 0.864576
114.556 0.755136
115.566 0.694016
116.586 1.25856
117.587 1.050624
118.607 0.825344
119.647 0.908352
120.648 0.536256
121.666 0.339264
122.697 0.251712
123.706 0.240768
124.726 0.207936
125.748 0.16416
126.816 0.153216
127.836 0.10944
128.926 0.142272
129.996 0.098496
170.296 0.116704
176.111 0.008224
179.987 0.908352
180.995 1.20384
182.005 1.164616
183.075 1.433664
184.085 1.083456
185.095 1.30688
186.105 1.575936
187.122 1.339712
188.125 1.685376
189.135 1.405376
190.205 1.575936
191.215 1.411776
192.216 1.219328
193.225 1.138176
194.235 1.083456
195.26 0.92384
196.265 0.941184
197.275 1.050624
198.284 1.022336
199.287 0.941184
200.305 0.93024
201.315 1.098944
202.324 1.42272
203.335 1.53216
204.346 1.120832
205.347 1.236672
206.354 1.241216
207.355 1.499328
208.356 1.378944
209.365 0.891008
