0 4.601024
1.004 3.839488
2.038 3.71456
3.039 2.860928
4.048 4.053824
5.049 5.290496
6.05 1.810304
7.057 1.930688
8.298 2.02464
9.307 1.492928
10.316 1.794816
11.317 1.514792
12.327 2.506176
13.328 3.123608
14.337 2.07296
15.347 2.138624
16.356 2.254464
17.357 1.74464
18.358 2.280896
19.417 2.418624
20.418 2.445048
21.426 4.787072
22.428 4.331968
23.43 4.633856
24.436 3.900608
25.437 3.451904
26.438 3.408128
27.446 3.664384
28.447 4.48064
29.448 3.93344
30.457 3.944384
31.466 3.156416
32.467 3.025088
33.475 3.824
34.486 3.462848
35.487 3.22208
36.488 3.309632
37.496 3.412672
38.506 3.637952
39.516 2.926592
40.526 2.932992
41.527 2.56544
42.535 2.445056
43.536 1.865024
44.615 2.057472
45.616 1.996352
46.626 2.740544
47.636 2.101248
48.645 1.974464
49.647 2.23712
50.665 2.57184
51.666 1.788416
52.675 2.193344
53.685 2.703168
54.687 2.368448
55.695 1.810304
56.696 2.725056
57.697 2.488832
58.707 2.937536
59.708 2.62016
60.716 2.762432
61.717 2.685824
62.726 2.473344
63.727 2.12768
64.728 1.952576
65.735 1.871424
66.745 1.85408
67.747 1.991808
68.755 1.427264
69.765 1.6416
70.766 1.394432
71.771 1.893312
72.775 1.668032
73.785 1.871424
74.786 1.6352
75.795 1.729152
76.805 1.109888
77.826 0.886464
78.835 1.017792
79.854 0.781568
80.925 0.678528
81.934 1.072512
82.945 1.017792
83.955 1.219328
84.965 1.466496
85.974 0.733248
86.975 0.70496
87.985 1.31328
89.005 0.404928
90.075 0.76608
91.106 0.453248
92.254 1.411776
93.264 0.755136
94.265 0.645696
95.286 0.628352
96.294 0.667584
97.304 0.251712
98.394 1.236672
99.395 2.226176
100.405 1.999072
101.406 1.660768
102.407 1.624256
103.545 2.374848
104.546 1.022336
105.553 1.302336
106.564 1.444608
107.566 1.449152
108.573 1.127232
109.574 1.028736
110.603 0.475136
111.613 0.590976
112.633 0.503424
113.653 0.372096
114.663 0.448704
115.683 0.470592
116.703 0.497024
118.013 0.558144
119.014 0.2736
120.033 0.21888
121.053 0.284544
122.063 0.798912
123.064 1.536704
124.065 2.123136
125.073 1.14272
126.083 0.514368
127.093 0.426816
128.155 0.306432
129.183 0.645696
130.193 0.667584
131.213 0.661184
132.233 1.411776
133.245 1.52848
134.263 1.09168
135.273 1.761984
136.275 1.492936
137.293 2.226176
138.453 2.528064
139.473 1.624256
140.493 1.028736
141.512 0.623808
142.533 0.748736
143.613 0.864576
144.622 0.87552
145.632 1.536704
146.732 1.411776
147.741 1.6416
148.743 1.755584
149.751 1.31328
150.771 0.934784
151.781 1.80576
152.782 2.324672
153.783 1.893312
154.791 1.886912
155.792 1.897856
156.793 1.948032
157.802 1.569536
158.807 1.772928
159.81 1.52576
160.831 1.105344
161.841 1.20384
162.851 2.062016
163.86 1.79936
164.87 1.729152
165.871 1.569536
166.88 2.068416
167.881 2.379392
168.882 2.259008
169.896 2.692224
170.93 2.412224
171.941 2.532608
172.96 1.985408
173.962 2.659392
174.963 2.40128
175.971 2.280896
176.972 2.259008
177.98 2.309184
178.981 2.149568
179.982 2.062016
180.99 1.9152
182.01 2.01824
183.011 0.350208
184.084 0.884768
185.087 0.114064
185.611 0.595048
186.77 1.088128
187.871 0.590976
188.931 0.625656
189.935 0.861272
190.942 0.8438
192.082 0.761392
193.087 0.602184
194.106 0.196992
195.226 0.567032
196.234 0.968024
197.238 1.553792
198.459 1.20776
199.475 1.294712
200.656 1.497232
201.675 1.324336
202.775 1.303656
203.78 1.195944
204.787 1.411344
205.967 1.407472
207.047 1.652944
208.052 0.98384
209.088 1.543024
