0 1.359464
1.13 1.263664
2.14 0.905056
3.162 0.934432
4.169 0.775552
5.178 0.977104
6.349 0.990128
7.519 1.079896
8.52 1.130976
9.529 0.491568
10.538 0.705544
11.648 0.978624
12.662 0.863152
13.679 1.257736
14.688 1.335248
15.759 1.55272
16.859 1.785944
17.869 1.577784
18.949 1.482888
19.999 1.866952
21.11 1.816304
22.279 1.78172
23.379 1.81552
24.38 1.721648
25.381 1.598312
26.389 1.546928
27.41 1.98076
28.489 1.894144
29.498 1.797248
30.607 2.44524
31.757 1.818256
32.827 1.481696
33.937 1.79036
35.067 1.66208
36.068 1.382088
37.138 1.57052
38.357 1.642816
39.358 1.235296
40.487 1.46484
41.488 1.343616
42.497 1.07272
43.558 1.356128
44.566 1.200816
45.686 1.155952
46.688 0.973352
47.717 1.709008
48.727 1.28084
49.736 1.326504
50.756 1.529408
51.766 1.67004
52.767 1.372528
53.785 1.491208
54.795 1.10712
55.835 1.260312
56.875 0.691096
57.886 1.112728
58.887 1.538536
59.895 1.122184
61.055 1.02192
62.075 0.62368
63.085 0.592256
64.098 0.753712
65.115 0.652032
66.127 0.848088
67.135 0.775008
68.141 0.936872
69.145 0.824544
70.155 0.87832
71.205 1.079672
72.206 1.226312
73.305 0.684032
74.315 0.557536
75.355 0.470592
76.375 0.244792
77.545 0.631792
78.555 0.38304
79.556 0.725584
80.655 0.805576
81.685 0.940296
82.835 1.006792
84.015 1.089296
85.024 0.94924
86.045 0.538528
87.049 0.448704
88.075 0.267
89.095 0.248848
90.186 0.295488
91.195 0.208312
92.208 0.142272
93.275 0.131328
94.796 0.010944
96.475 0.354376
97.525 0.31184
98.566 0.065664
99.875 0.530144
100.901 0.566
101.915 0.82524
103.034 1.057368
104.165 0.774944
105.205 1.016664
106.265 0.787176
107.286 0.741496
108.295 0.636152
109.375 0.784232
110.395 0.872464
111.415 1.008288
112.545 0.8596
113.555 0.90996
114.564 0.9086
115.584 0.831192
116.594 0.855504
117.605 0.998576
118.615 0.817976
119.624 0.786856
120.644 0.779416
121.645 0.614776
122.704 0.926144
123.884 0.654056
124.893 0.73196
126.013 1.190672
127.024 1.557328
128.173 1.493752
129.293 1.103632
130.334 0.984432
131.344 1.176168
132.353 0.733344
133.384 0.936936
134.433 0.857216
135.605 1.088792
136.624 1.023984
137.704 1.054056
138.793 0.898144
139.803 0.760208
141.033 0.63464
142.073 0.645696
143.093 0.76004
144.193 1.01204
145.453 1.29524
146.513 1.54084
147.683 1.423
148.693 1.353056
149.763 0.731352
150.773 0.409976
151.793 0.229824
153.023 0.131072
154.227 0.796432
155.233 0.702104
156.237 0.687152
157.464 0.941672
158.473 0.63296
159.483 0.449088
160.493 0.295488
161.533 0.281216
162.553 0.404928
163.593 0.379856
164.613 0.455416
165.633 0.420208
166.783 0.295488
167.803 0.262656
168.834 0.018928
171.003 0.459648
172.012 0.845992
173.022 1.146392
174.023 1.250544
175.032 1.104992
176.042 1.134368
177.052 1.466712
178.062 1.144552
179.232 1.020088
180.242 1.284552
181.244 1.097776
182.262 1.19032
183.282 1.68472
184.284 1.3232
185.292 1.404536
186.302 1.4502
187.482 1.503768
188.483 1.264376
189.622 1.220304
190.702 1.45228
191.844 1.293304
192.845 1.259984
194.001 0.764264
195.002 1.249736
196.005 1.235048
197.152 1.453224
198.322 1.372752
199.324 1.265696
200.332 1.323648
201.342 1.06036
202.352 1.36068
203.353 1.116616
204.362 1.034072
205.372 1.402912
206.373 0.866176
207.492 1.128
208.512 0.879944
209.532 1.066344
