0 1.665504
1.017 2.346048
2.178 2.244408
3.179 2.179456
4.358 2.582592
5.477 2.288576
6.487 2.987712
7.488 2.704272
8.489 2.716424
9.507 2.199744
10.508 2.155968
11.519 1.918288
12.527 2.418624
13.537 1.603992
14.557 2.320128
15.583 1.82296
16.587 1.674432
17.597 1.771272
18.607 1.723376
19.608 2.199744
20.609 1.861128
21.61 1.64352
22.619 1.893312
23.639 1.24772
24.649 1.31328
25.659 1.127232
26.66 0.683512
27.72 0.514368
28.74 1.269504
29.75 0.863328
30.76 0.76608
31.779 0.610248
32.781 0.426816
33.799 1.10244
34.989 1.840376
35.992 1.595792
36.999 0.798912
38.019 1.010296
39.02 0.97888
40.289 0.897408
41.29 1.20384
42.31 0.690992
43.33 0.131072
46.224 1.265672
47.252 0.295488
48.307 0.196992
49.361 0.021888
108.299 0.503424
109.333 0.260384
110.352 0.10944
111.47 0.996712
112.705 1.236512
114.011 1.038392
115.111 0.962696
116.121 1.202624
117.312 1.11964
118.321 0.799728
119.341 0.864256
120.371 0.65664
121.391 0.603968
122.392 1.41664
123.401 1.472024
124.402 1.874472
125.411 1.340664
126.551 1.738208
127.602 2.402888
128.603 2.120744
129.612 2.113696
130.621 1.717608
131.622 1.905328
132.669 2.286192
133.732 2.705664
134.734 2.375096
135.742 2.856384
136.758 2.184448
137.761 1.225728
138.821 0.43776
141.625 0.311592
142.692 1.574104
143.702 1.957632
144.703 2.20776
145.722 3.080272
146.933 2.98612
148.283 2.93808
149.284 2.956384
150.294 3.015176
151.303 3.14024
152.305 2.610768
153.313 2.472248
154.315 2.384416
155.433 2.393992
156.554 2.001416
157.555 1.979816
158.563 1.798296
159.573 2.161992
160.693 2.396736
161.694 1.922448
162.704 2.24352
163.723 1.553464
164.733 1.663488
165.752 1.335168
166.764 1.6416
167.773 0.854312
168.783 1.03968
169.793 1.017792
170.804 1.277168
171.814 1.707264
172.841 0.420456
173.881 0.262656
175.062 1.236672
176.082 0.744192
177.091 1.220608
178.092 0.908352
179.101 1.006848
180.102 1.48784
181.103 1.466272
182.112 0.5472
183.147 0.5472
184.177 0.448704
185.197 0.065664
186.217 0.48948
187.218 1.51324
188.429 1.937088
189.439 1.480776
190.449 1.904848
191.459 1.669144
192.469 1.883024
193.661 1.863936
194.67 1.902672
195.681 1.437072
196.69 1.72992
197.691 1.673472
198.708 1.192896
199.718 1.220088
200.73 1.20572
201.748 1.534392
202.749 0.81256
203.75 0.589032
204.769 0.678528
205.799 0.584864
206.805 0.580032
207.819 0.777024
208.823 0.674904
209.864 1.236672
