0 2.084672
1.06 2.066152
2.101 1.875168
3.11 1.685376
4.39 1.756464
5.601 1.895096
6.602 1.978832
7.61 1.973368
8.611 1.985728
9.612 1.927664
10.613 1.779784
11.62 1.955784
12.77 2.604672
13.771 1.21672
14.961 1.346112
15.97 1.906224
17.16 2.013696
18.17 1.667112
19.171 1.752792
20.172 1.718744
21.173 2.009128
22.181 1.996
23.192 2.117768
24.193 1.719064
25.231 1.214784
26.56 1.685376
27.571 1.174576
28.58 1.58688
29.591 1.707264
30.601 1.315224
31.611 1.926144
32.62 1.625544
33.621 1.71412
34.641 2.48656
35.871 2.160424
36.89 2.244296
37.96 2.33108
39.061 2.631176
40.281 1.247616
41.282 1.696288
42.291 1.958976
43.292 1.36308
44.301 2.145024
45.302 1.6856
46.311 1.763496
47.331 2.495232
48.332 2.018896
49.521 2.714112
50.531 1.752704
51.541 1.602176
52.542 2.057472
53.551 1.224632
54.561 2.287032
55.6 2.582784
56.601 1.298136
57.611 1.718208
58.612 2.033824
59.621 2.898128
63.321 2.812608
64.331 0.969664
67.321 2.582784
68.331 0.618024
69.732 2.1888
70.742 0.994104
71.743 1.745416
72.761 2.396736
73.763 2.068112
74.771 2.002752
75.781 2.046528
76.782 2.44348
77.791 2.641728
78.792 3.588672
79.801 3.577528
83.321 2.342016
84.331 1.734288
85.351 2.145024
86.361 1.723928
87.531 1.761984
88.542 1.766984
89.543 2.483192
90.551 1.376968
91.552 1.740696
93.331 2.372104
95.321 2.001416
97.332 1.706216
99.333 2.093784
101.661 2.161992
103.351 2.622864
105.322 3.140928
106.323 2.056888
107.382 2.4624
108.391 2.320128
109.392 2.02532
110.393 1.80248
111.412 2.631144
113.311 2.385792
114.312 0.618688
115.322 2.320128
116.323 1.37536
117.333 2.29824
118.334 1.170544
121.332 2.57184
122.333 1.43504
123.342 2.506176
124.343 0.86204
125.352 2.834496
126.362 1.30832
127.364 2.998656
128.372 0.504456
129.373 3.0096
130.382 2.544752
131.392 2.061336
132.402 2.55124
135.322 2.62656
136.332 0.173728
137.333 2.256552
139.322 0.952128
140.342 0.5472
141.372 0.426816
142.382 1.001088
143.392 1.795984
144.393 1.58688
145.412 0.317376
146.422 0.131328
148.114 1.673248
149.115 2.53304
150.123 2.291592
151.133 2.08548
152.143 1.590504
153.153 1.017792
154.162 0.974008
155.327 1.707264
156.332 2.090408
157.334 2.254336
158.335 2.79072
159.342 1.987568
160.493 2.198816
161.494 1.870072
165.332 1.138176
166.342 1.335168
167.343 0.165384
169.363 1.444608
170.372 1.374848
171.902 1.335168
172.903 1.757344
173.934 2.29072
175.103 2.725056
176.104 2.452216
177.105 2.473344
178.113 0.60188
179.333 2.532864
181.323 2.692224
182.325 0.07576
183.343 1.75104
184.344 1.740592
185.345 2.254464
186.353 2.440512
187.354 1.578904
188.363 2.451456
189.373 1.430104
190.374 1.20552
191.393 0.787968
192.402 0.98496
193.413 0.685392
194.423 1.160064
195.433 1.408736
196.443 1.404824
197.613 1.028736
198.618 0.076608
199.833 0.098496
200.873 0.590976
201.903 0.317896
202.913 0.339264
204.073 0.71136
205.843 0.32832
207.844 0.010944
