0 0.076608
1.057 0.032832
2.137 0.08652
4.343 0.01996
5.719 0.043776
6.78 0.043776
7.998 0.05472
9.061 0.05472
10.26 0.05472
11.616 0.05472
12.979 0.043776
16.938 0.131328
18.078 0.029744
34.259 0.010944
35.796 0.065664
36.998 0.065664
38.098 0.05472
39.239 0.087552
40.318 0.065664
41.495 0.076608
42.497 0.098496
43.577 0.01656
51.498 0.043776
52.896 0.032832
55.096 0.021888
57.437 0.065664
58.697 0.010944
59.795 0.032832
61.636 0.032832
62.637 0.043776
63.874 0.032832
66.12 0.142272
67.197 0.076608
68.613 0.076608
70.618 0.043776
71.903 0.052704
73.696 0.043776
74.794 0.05472
76.077 0.043776
77.134 0.032832
78.154 0.05472
79.436 0.043776
80.476 0.05472
81.615 0.021888
82.695 0.065664
84.154 0.065664
85.235 0.018104
87.153 0.032832
88.334 0.043776
89.856 0.032832
90.916 0.043776
92.174 0.043776
93.176 0.032832
94.534 0.021888
95.696 0.0
100.989 0.395584
102.109 0.556152
103.117 0.586872
104.128 0.361152
105.137 0.423192
106.305 0.425024
107.404 0.470712
108.416 0.526304
109.428 0.580032
110.436 0.623808
111.445 0.479448
112.472 0.426816
113.491 0.206504
114.531 0.284544
115.552 0.49972
116.559 1.167088
117.564 0.556048
118.572 1.624048
119.579 1.179048
120.607 1.56804
121.62 1.56456
122.628 1.42936
123.636 1.379344
124.647 1.005728
125.668 1.47736
126.676 1.519704
127.695 1.384424
128.703 1.158016
129.803 1.383712
130.804 1.320904
131.976 1.532552
132.984 1.607672
133.991 1.432464
135.14 1.5628
136.144 1.345736
137.151 1.374928
138.152 1.18624
139.22 1.150824
140.239 1.279248
141.26 1.337832
142.267 1.3284
143.268 1.357344
144.475 1.494064
145.488 1.27644
146.496 1.31928
147.576 1.52056
148.723 1.641072
149.724 1.063952
150.734 1.419072
151.743 1.209576
152.922 1.015984
153.931 0.948632
154.939 1.092632
155.95 0.983032
156.958 1.205384
157.967 1.051528
158.971 1.259816
159.986 1.101072
161.055 1.618992
162.127 1.654536
163.146 1.983976
164.158 1.462232
165.346 1.543304
166.35 0.95988
167.367 1.564992
168.374 1.279512
169.375 1.291248
170.383 1.08028
171.395 1.064776
172.396 1.00944
173.403 1.349392
174.415 1.140384
175.418 0.908352
176.438 0.692856
177.439 1.32788
178.61 1.177656
179.798 0.64236
181.225 0.621336
182.406 0.968416
183.825 1.158656
184.834 0.855104
185.846 0.842688
186.853 0.32832
188.013 0.363664
189.026 1.192896
190.034 1.057
191.046 1.029792
192.053 0.846984
193.065 0.612064
194.066 1.083456
195.086 0.537416
196.106 0.295488
197.146 0.459648
198.173 0.153216
199.177 0.284544
200.186 0.329048
201.221 0.689472
202.226 0.71556
203.234 0.302864
204.326 0.645696
205.333 0.317376
206.365 0.253024
207.366 0.175104
208.465 0.590976
209.714 0.232176
