0 0.854448
1.01 0.759064
2.021 0.927288
3.03 0.668744
4.12 0.32832
5.15 0.131328
6.19 0.094064
7.25 0.452144
8.76 0.043776
9.771 0.659912
10.79 0.617696
11.809 0.76944
12.81 0.771904
13.89 1.077128
15.051 1.073152
16.065 1.059432
17.08 0.933264
18.1 0.715072
19.14 0.525312
20.17 0.735
21.231 0.91104
22.3 1.138456
23.422 1.194368
24.43 0.764128
25.44 0.817704
26.45 0.682656
27.46 0.481408
28.47 0.701696
29.57 0.863152
30.58 0.398
31.59 0.297808
32.6 0.300888
33.61 0.469352
34.611 0.926592
35.661 0.897688
36.72 0.789992
37.73 0.976816
38.74 0.897408
39.91 1.001088
40.93 0.593536
41.96 0.476096
42.97 0.469984
43.99 0.737272
45.0 0.897864
46.221 1.225592
47.225 0.85436
48.23 1.008672
49.24 1.147184
50.25 0.697528
51.29 0.251712
52.35 0.131072
56.061 1.188824
57.229 0.71944
58.239 0.580408
59.249 0.452872
60.26 0.36656
61.289 0.322208
62.329 0.393984
63.359 0.095408
64.489 0.448704
65.508 0.540696
66.629 1.057368
67.639 1.048544
68.64 0.885336
69.649 0.94864
70.749 0.897464
71.759 0.68708
72.849 1.0804
74.029 1.117728
75.03 1.364632
76.129 1.488632
77.138 1.041
78.14 1.494352
79.268 1.415488
80.368 1.492288
81.369 1.189352
82.388 1.166984
83.389 2.005512
84.398 1.847896
85.408 1.481032
86.498 1.887
87.5 1.528008
88.538 1.535744
89.54 1.465608
90.541 1.427624
91.578 1.658352
92.728 1.534832
93.739 1.159176
94.748 1.187576
95.788 1.107776
96.798 1.349584
97.888 1.021576
99.028 1.304032
100.208 1.141328
101.358 0.949392
102.367 0.888152
103.378 1.56316
104.558 1.691584
105.648 1.480968
106.649 1.406592
107.688 1.569592
108.689 1.119888
109.698 0.960496
110.728 1.037632
111.918 1.49692
112.919 1.48788
113.928 1.239856
115.099 1.36116
116.1 1.535384
117.108 0.851208
118.118 1.66488
119.127 1.8602
120.268 1.365368
121.277 0.862768
122.336 0.709176
123.347 0.564768
124.356 0.631296
125.376 0.447784
126.406 0.41512
128.776 1.083128
129.785 1.13888
130.796 1.001976
131.798 0.936752
132.977 1.065288
134.116 0.998304
135.177 1.194496
136.185 1.056096
137.236 0.987904
138.276 0.964
139.316 1.133472
140.435 1.104792
141.446 0.721728
142.465 0.914128
143.466 0.6606
144.476 0.414984
145.505 1.06608
146.515 0.9634
147.536 0.790528
148.545 0.462424
149.565 0.4146
150.576 0.320728
151.595 0.393984
152.616 0.430632
153.625 0.914552
154.805 1.100768
155.825 0.843848
156.955 0.454024
157.965 0.098496
159.075 0.437408
160.085 1.007368
161.094 1.2914
162.095 1.069208
163.104 1.13
164.114 1.0526
165.115 0.98668
166.184 0.93092
167.204 0.777016
168.214 0.880032
169.215 0.86744
170.234 0.701688
171.274 1.033808
172.324 1.020568
173.325 1.196624
174.346 1.050504
175.354 0.84224
176.364 0.645808
177.375 0.812008
178.384 0.923224
179.406 1.04112
180.474 1.132208
181.504 1.300904
182.544 1.245376
183.56 1.226384
184.563 0.628328
185.643 1.12472
186.644 1.071224
187.653 1.14624
188.654 1.293088
189.663 1.080064
190.673 0.97516
191.674 0.981368
192.683 1.047768
193.693 0.977512
194.694 0.959208
195.702 1.093992
196.703 1.289432
197.704 1.281824
198.712 1.463128
199.713 1.094848
200.723 1.25384
201.734 0.881624
202.841 1.145192
203.842 0.92596
204.853 1.126528
206.042 1.3752
207.053 0.941792
208.056 1.171024
209.201 1.10488
