0 0.27052
1.015 0.746664
2.23 0.339264
3.278 0.610064
4.28 0.604536
5.289 0.370296
6.308 0.46244
7.32 0.345952
8.338 0.317376
9.369 0.283608
10.379 0.305472
11.393 0.472088
12.569 0.350208
13.589 0.16348
15.039 0.579688
16.059 0.513872
17.068 0.339264
18.439 0.177096
19.479 1.075792
20.488 0.593584
21.658 1.012272
22.659 0.861088
23.669 1.014584
24.898 0.898408
26.019 0.793088
27.029 0.976928
28.238 1.150384
29.248 1.01948
30.258 0.910552
31.268 0.69936
32.407 0.609608
33.408 0.905024
34.416 0.766416
35.417 0.699208
36.537 0.850016
37.547 0.779088
38.677 0.649128
39.679 0.9628
40.816 0.600016
41.826 0.562864
42.836 0.603968
43.866 0.722304
44.916 0.342896
45.946 0.301552
46.966 0.448584
48.176 0.350208
49.226 0.234656
50.366 0.317376
51.389 0.30424
52.406 0.251712
53.446 0.26828
54.616 0.295488
55.626 0.226856
57.236 0.240768
58.246 0.032832
59.616 0.410336
60.626 0.381552
61.666 0.251712
62.676 0.16416
63.686 0.198152
64.717 0.284544
65.859 0.237344
66.905 0.251712
67.906 0.216976
69.086 0.21888
70.626 0.316104
71.686 0.361152
72.736 0.310904
73.745 0.21888
74.756 0.179328
75.765 0.553576
76.865 0.787968
77.876 0.664544
78.895 0.611152
79.904 0.613824
80.93 0.706504
81.935 0.456416
82.965 0.640504
84.184 0.75784
85.255 0.282632
86.344 0.142272
87.735 0.715344
94.815 0.371104
95.836 0.999056
96.845 1.022248
97.915 1.280224
98.926 1.215016
99.985 1.456624
101.054 1.559528
102.154 1.749672
103.224 1.711384
104.253 1.173808
105.254 1.112616
106.444 0.451744
108.304 0.922736
109.333 0.996896
110.343 1.412848
111.354 1.835144
112.355 0.995944
113.364 0.869064
114.473 0.9942
115.633 1.34688
116.638 1.204896
117.644 1.348984
118.654 1.101256
119.674 0.946552
120.684 0.722088
121.693 0.849864
122.703 0.622792
123.713 0.648976
124.723 0.558144
125.742 0.46812
126.743 0.403776
127.752 0.505416
128.762 0.594336
129.792 0.587208
130.872 0.765464
132.032 0.514368
133.072 0.288728
134.092 0.298096
135.122 0.196992
136.362 0.186048
137.823 0.142272
138.843 0.368592
139.852 0.809696
140.952 0.583744
141.972 0.489904
142.992 0.610904
144.012 0.576552
145.032 0.530648
146.052 0.636784
147.062 0.395688
148.092 0.43552
149.112 0.655728
150.122 0.43172
151.142 0.4386
152.172 0.59472
153.182 0.480488
157.272 0.339264
158.302 0.36776
159.312 0.415784
160.322 0.371104
161.372 0.32832
162.422 0.407192
163.452 0.284544
164.46 0.206256
165.481 0.2736
166.502 0.246544
167.525 0.430576
168.542 0.350208
169.572 0.24464
170.582 0.310904
171.742 0.562384
172.752 0.795824
173.881 0.361152
174.912 0.337912
176.102 0.556752
177.142 0.795664
178.282 0.925192
179.292 0.431368
180.423 0.2736
181.431 0.317376
182.461 0.062256
184.04 0.306432
185.071 0.295296
186.121 0.121088
187.221 0.120384
188.731 0.778872
189.85 0.615632
190.861 0.495488
191.881 0.207936
193.2 0.021888
194.37 0.354744
195.39 0.186048
196.44 0.076608
197.51 0.087552
198.6 0.10944
199.61 0.153216
200.661 0.120384
201.67 0.112248
202.7 0.009
204.01 0.10944
205.02 0.503424
206.06 0.310632
207.071 0.49248
208.1 0.343736
209.12 0.372096
