0 1.428144
1.008 1.25856
2.009 0.995904
3.488 0.984496
4.498 1.127232
5.499 1.368
6.508 1.303712
7.718 1.302336
8.728 1.444608
9.729 1.266968
10.738 1.663488
11.748 1.302336
12.749 1.69136
13.769 2.135112
14.949 2.648448
15.959 2.041328
16.969 2.254464
17.979 1.645464
18.98 1.772928
19.988 1.40212
20.999 1.443232
22.061 1.86048
23.069 1.73124
24.079 1.810944
25.098 1.850704
26.099 2.08912
27.179 2.549952
28.18 2.029616
29.181 1.722504
30.182 1.888488
31.189 1.557672
32.19 2.090296
33.199 2.626664
34.409 2.637504
35.41 1.893184
36.419 1.674432
37.42 1.234136
38.429 1.333464
39.43 2.012768
40.438 1.596472
41.44 2.265408
42.449 0.931616
43.469 1.116288
44.509 0.864576
45.519 0.89316
46.529 0.612864
47.539 0.65664
48.549 0.284544
49.559 0.42412
50.579 0.578088
51.598 0.744192
52.599 0.62428
53.609 0.886464
54.619 1.006848
55.629 0.933152
56.639 0.590976
57.64 0.76608
58.659 0.6518
59.689 0.88124
60.899 0.98496
61.904 0.849264
62.909 1.13364
64.049 1.225728
65.05 1.097976
66.059 0.862632
67.06 0.993256
68.099 1.214784
69.109 1.041448
70.11 1.108528
71.119 1.0536
72.229 1.181408
73.23 1.048784
74.239 0.945584
75.24 1.030632
76.249 0.746912
77.259 0.448704
78.28 0.393984
79.319 0.175104
81.14 0.065664
82.97 0.0
106.474 0.009008
107.518 0.931504
108.528 1.041992
109.547 1.028736
110.551 0.882456
111.559 0.91512
112.598 0.570688
113.711 0.57804
114.717 0.55404
115.718 0.66964
116.737 0.4868
117.747 0.534584
118.947 0.701416
119.957 0.667256
120.978 0.53484
121.987 0.684904
122.998 0.687144
123.999 0.801128
125.007 0.651536
126.008 0.568552
127.057 0.856112
128.067 0.359216
129.097 0.376128
130.098 0.448704
131.117 0.410768
132.147 0.286704
133.169 0.021888
146.043 0.291016
147.163 0.519256
148.274 0.707416
149.275 1.135168
150.324 1.435616
151.424 1.758
152.475 1.68476
153.514 1.756656
154.515 2.042408
155.516 1.835528
156.615 1.800104
157.623 1.667552
158.775 1.93452
159.974 1.723472
160.976 1.710512
161.994 1.477672
163.003 1.521512
164.039 2.173832
165.044 1.819032
166.144 1.99876
167.294 1.972296
168.414 1.76956
169.444 1.636104
170.613 1.555856
171.614 2.225512
172.713 1.85916
173.762 1.483136
174.763 1.445872
175.962 1.966224
176.963 1.930504
177.964 1.974112
179.162 2.21564
180.173 2.326912
181.201 1.805728
182.202 1.722336
183.291 1.514112
184.292 1.68896
185.303 2.04976
186.322 1.937952
187.483 2.124136
188.492 1.64836
189.493 2.378656
190.502 1.944712
191.503 2.332256
192.652 2.127296
193.653 1.88448
194.801 2.101312
196.001 1.891072
197.002 1.80724
198.008 2.023072
199.122 2.047096
200.272 2.246472
201.282 1.702632
202.462 1.929472
203.662 1.969168
204.841 1.923928
206.011 1.348632
207.021 1.762824
208.052 1.768984
209.053 2.0576
