0 0.3354
1.009 0.756352
2.01 1.042896
3.02 0.811872
4.03 0.88508
5.05 0.849624
6.07 1.076376
7.099 0.615528
8.11 0.917552
9.119 1.108376
10.12 1.289416
11.21 1.013496
12.391 1.481152
13.52 1.164424
14.53 1.394544
15.54 1.325912
16.541 1.268688
17.64 1.349736
18.67 1.714832
19.671 1.24308
20.82 0.913832
21.839 0.59848
22.849 0.578
23.879 0.70056
24.889 1.0014
25.909 1.249064
26.912 1.533016
27.919 1.53308
28.92 1.677768
29.93 1.643056
31.01 1.429728
32.019 1.188176
33.039 1.555384
34.2 1.621848
35.21 1.48684
36.219 1.107656
37.38 1.546352
38.409 1.364576
39.43 1.239704
40.59 1.007568
41.591 1.083256
42.699 1.002072
43.709 1.303328
44.719 1.069152
45.739 1.633152
46.809 1.70496
47.82 1.321232
48.821 0.921416
49.851 1.569952
50.852 1.739376
52.039 1.635928
53.04 1.671488
54.041 1.672992
55.049 1.85644
56.06 2.181944
57.229 1.770904
58.239 2.105992
59.388 2.1438
60.398 1.883688
61.399 2.33412
62.408 2.00008
63.578 1.957552
64.618 2.305024
65.62 2.338272
66.628 1.801496
67.689 1.975328
68.83 2.45228
69.99 2.113552
71.108 2.327008
72.259 2.093384
73.27 2.37612
74.378 2.186704
75.388 2.07584
76.538 2.49432
77.639 2.150056
78.678 1.92336
79.758 1.775752
80.788 1.072192
81.799 1.253368
82.819 1.34564
84.018 1.26312
85.067 1.538056
86.077 1.506
87.226 1.765392
88.227 1.977832
89.229 2.48152
90.23 2.243856
91.358 2.049968
92.456 1.884448
93.598 2.144232
94.599 2.153056
95.6 1.88644
96.717 2.258688
97.727 1.86592
98.878 1.65704
99.967 1.598584
101.037 1.945104
102.187 1.786352
103.317 1.84332
104.486 1.934056
105.497 1.659808
106.656 1.739456
107.657 1.452472
108.767 1.599232
109.806 1.797968
110.848 2.266832
111.849 1.57692
112.855 0.986112
113.856 1.058048
114.857 1.529784
115.996 1.552256
117.104 1.888352
118.286 1.84584
119.296 1.823456
120.394 2.365592
121.395 1.863384
122.396 2.281496
123.525 2.090976
124.535 2.277296
125.714 1.959808
126.883 2.450808
127.973 2.173176
128.983 1.941024
129.985 2.077608
131.094 2.305576
132.263 1.994728
133.411 1.963944
134.413 1.741344
135.543 2.053616
136.544 1.5
137.638 1.838752
138.642 1.442424
139.644 1.588208
140.645 1.625656
141.764 1.58564
142.772 1.633216
143.852 1.729728
144.962 1.765416
146.021 1.294352
147.062 1.612168
148.222 1.734936
149.382 1.638696
150.582 1.594416
151.682 1.703184
152.683 1.996344
153.862 1.764936
154.882 1.781152
155.932 1.3874
156.942 1.289528
157.944 1.199616
158.981 1.027736
159.982 0.953912
161.001 1.277984
162.161 1.372144
163.162 0.768824
164.232 0.74004
165.241 0.499288
166.242 0.570936
167.491 0.694384
168.522 0.570312
169.541 0.776672
170.551 0.657016
171.601 0.31844
172.602 0.696112
173.611 0.946104
174.691 0.845544
175.701 0.285576
176.711 0.382976
177.761 0.54376
178.991 0.815872
179.992 1.301912
181.111 1.34208
182.121 1.061712
183.131 1.072184
184.191 1.181304
185.192 1.001264
186.231 1.254232
187.241 1.034264
188.261 1.167664
189.262 1.174176
190.271 0.693512
191.291 1.004928
192.441 1.067864
193.451 0.677392
194.651 0.778512
195.671 0.73424
196.711 0.653936
197.731 0.750664
198.911 1.133952
200.041 0.79788
201.042 1.098536
202.051 0.83232
203.091 0.96472
204.152 0.987408
205.331 1.073104
206.451 1.097896
207.461 1.08404
208.541 1.150016
209.731 1.037544
