0 1.7032
1.009 2.215616
2.019 2.029072
3.029 1.980864
4.039 1.47744
5.059 1.328808
6.069 2.343472
7.07 2.967032
8.071 3.152672
9.08 2.702976
10.18 2.29824
11.19 1.532608
12.196 1.61112
13.197 1.652544
14.206 1.368
15.216 0.791136
16.236 1.072512
17.243 1.127232
18.254 1.028736
19.263 0.936344
20.273 0.974016
21.283 1.105344
22.291 0.91448
23.301 1.357056
24.311 1.136232
25.321 1.009704
26.33 1.454568
27.512 1.050624
28.513 1.302336
29.523 1.005824
30.533 1.0944
31.543 1.072512
32.545 0.933528
33.555 1.138176
34.565 1.02112
35.865 0.87552
36.875 0.928664
37.895 0.908352
38.896 0.944648
39.994 1.247616
41.004 1.070608
42.014 1.499328
43.024 1.387992
44.034 1.47744
45.044 1.058272
46.054 1.772928
47.065 2.683064
48.151 2.215544
49.241 2.08904
50.242 2.16212
51.251 1.71016
52.252 1.446944
53.261 2.2718
54.402 2.451456
55.412 1.67916
56.431 1.923192
57.592 2.035584
58.602 1.444608
59.622 1.56404
60.623 1.335168
61.624 2.166912
62.632 1.396424
63.732 1.838592
64.743 2.199744
65.752 1.466496
66.762 1.26056
67.772 1.4416
68.822 2.29824
69.832 1.632056
70.833 2.216656
71.834 2.506176
72.842 1.880216
73.843 1.868688
74.862 2.112192
75.872 1.620848
76.903 2.341656
77.904 2.40768
78.912 1.82724
79.913 1.389888
80.922 1.119984
81.932 1.444608
82.952 1.30532
83.962 1.6416
84.982 1.356704
85.992 1.9152
87.003 1.238952
88.023 1.772928
89.033 1.790472
90.182 1.980864
91.183 2.066872
92.184 3.0096
93.192 2.0262
94.2 1.855744
95.201 3.108096
96.211 1.927
97.22 1.942008
98.221 2.807512
99.352 3.086848
100.463 3.381696
101.464 2.993752
102.465 2.592112
103.473 2.567424
104.514 2.331072
105.516 1.998656
106.524 1.895376
107.544 2.287296
108.554 2.105968
109.574 2.380016
110.575 2.37192
111.584 2.976768
112.585 1.967264
115.235 5.8198
116.236 2.725448
117.255 3.360912
118.256 3.731904
119.264 2.54132
120.274 3.844432
121.434 3.644352
122.435 3.562968
123.436 3.267568
124.445 3.204936
125.446 3.08108
126.565 3.2304
127.575 3.195752
128.576 3.069304
129.577 3.019296
130.578 4.075168
131.579 2.624336
132.593 3.863096
133.595 2.973288
134.604 4.640256
135.605 3.461424
136.606 4.02588
137.611 4.254728
138.705 4.54176
139.711 0.326752
140.992 8.339056
142.101 2.692224
143.102 4.673088
144.11 4.038336
145.111 3.42304
146.112 3.731904
147.113 2.345
148.12 3.644352
149.131 2.849808
150.141 2.84544
151.151 2.228744
152.16 2.506176
153.161 2.776976
154.162 3.761752
155.171 0.216936
156.388 6.602392
157.39 2.61332
158.456 2.254464
159.457 2.2252
160.458 2.932992
161.477 1.829592
162.487 2.101248
163.496 1.910088
164.497 2.447368
165.506 1.797088
166.537 2.138536
167.616 2.244296
168.674 2.221632
169.675 1.554056
170.685 1.460168
171.694 2.276352
172.714 1.488352
173.723 1.986888
174.724 2.539232
175.854 3.075264
176.864 2.452968
177.865 2.281552
178.894 2.792384
179.914 2.860736
181.015 2.877176
182.024 2.57184
183.034 1.816288
184.035 1.965872
185.224 1.236672
186.234 1.368
187.264 1.508512
188.274 1.827648
189.283 2.482256
190.292 2.495232
191.302 2.075008
192.622 2.19396
193.624 1.80396
194.63 1.707264
195.631 1.5922
196.636 1.652544
197.65 1.564688
198.66 1.926144
199.661 2.123136
200.708 1.688344
201.71 1.619712
202.72 1.569216
203.731 1.761984
204.735 1.85952
205.755 1.718208
206.764 2.090304
207.765 1.782712
208.773 1.980864
209.774 2.47848
