0 0.93024
1.557 0.67892
2.73 2.309184
3.731 1.996864
4.732 1.869552
5.741 2.670336
6.742 2.010624
7.75 2.068064
8.751 2.09092
9.76 2.419848
10.761 2.10588
11.762 2.274864
12.77 2.355152
13.771 1.767296
14.78 1.772928
15.79 1.14316
16.8 1.116288
17.809 0.972768
18.82 1.017792
19.841 0.809856
20.849 1.20784
21.85 1.671528
22.86 1.282232
23.861 1.17992
24.87 1.51372
26.02 1.931008
27.04 2.310704
28.05 2.272264
29.059 2.07096
30.061 2.150232
31.07 1.151056
35.099 6.251608
36.25 1.521216
37.26 2.399008
38.261 2.853936
39.271 2.966
40.31 2.891992
41.311 2.581944
42.321 3.299808
43.328 3.751496
44.33 3.75736
45.331 4.051224
46.37 3.8034
47.371 4.625224
48.372 3.136712
49.381 3.853072
50.383 4.207112
51.385 3.731872
52.386 3.081512
53.441 4.83876
54.452 4.251112
55.453 3.995552
56.46 5.504832
57.462 0.569352
58.901 6.236856
59.909 2.62656
60.922 2.171704
61.929 3.11904
62.93 3.25244
63.931 5.14368
64.933 0.66748
65.942 2.692224
66.95 2.90016
67.951 2.556136
68.952 3.316032
69.96 3.856104
70.97 5.264064
71.971 3.142296
72.972 4.274656
73.973 3.764736
74.98 3.395904
75.981 4.158944
76.982 4.32288
77.983 3.07352
78.985 0.689472
80.362 7.558688
81.722 1.652544
82.723 2.385792
83.759 2.714112
84.78 2.014568
85.781 3.491136
86.79 3.770648
87.8 4.071168
88.802 3.498392
89.81 3.961728
90.811 3.183592
91.839 3.108096
92.84 3.195648
93.841 2.588848
94.842 2.101248
95.849 1.974224
96.85 2.002752
97.86 1.657752
98.869 1.400832
99.879 0.851656
100.902 0.295488
103.12 2.287896
104.129 1.619712
105.13 1.310536
106.147 1.476104
107.148 1.531112
108.15 1.612248
109.197 1.904256
110.198 2.01972
111.199 2.086608
112.208 2.495232
113.217 1.991224
114.218 2.604672
115.227 2.233256
116.259 2.593728
117.268 1.846256
118.269 1.832232
119.27 1.80576
120.278 1.264384
121.287 1.564992
122.297 1.670848
123.347 1.937088
124.356 1.739632
125.357 2.232576
126.367 2.069792
127.387 2.57184
128.388 1.923608
129.407 2.363904
130.421 1.833632
131.427 1.99284
132.437 1.543104
133.446 1.400832
134.447 1.132976
135.457 2.363904
136.458 1.601688
137.466 1.291392
138.477 1.062856
139.497 1.893312
140.507 1.158688
141.517 1.58688
142.526 0.790056
143.537 0.897408
144.557 0.738432
145.626 1.20384
146.637 0.955984
147.657 1.095168
148.756 1.160064
149.767 0.666624
150.789 1.373304
151.857 1.346112
152.867 0.93212
153.876 0.987192
154.887 1.303096
156.127 1.378944
157.137 1.12112
158.147 1.364376
159.397 1.466496
160.398 1.07812
161.407 1.013352
162.437 1.116288
163.447 0.81512
164.457 0.8906
165.517 1.138176
166.527 0.965856
167.547 1.335168
168.557 1.124736
169.558 1.256448
170.567 0.722304
171.668 1.105816
172.698 1.160064
173.699 1.097312
174.844 1.25856
175.859 1.357056
176.867 0.818728
177.868 0.514368
178.878 0.415872
179.897 0.131328
181.427 0.147072
183.217 0.087552
196.388 0.021888
197.828 0.021888
204.947 0.350208
205.958 0.240768
206.974 0.687048
208.707 2.978264
209.708 2.478384
