0 0.0
0.001 4.8e-05
1.834 8e-06
2.254 3.2e-05
3.584 2.4e-05
4.642 2.4e-05
5.691 1.6e-05
6.179 1.6e-05
6.948 1.6e-05
7.597 0.0
7.598 1.6e-05
8.095 1.6e-05
8.584 8e-06
8.941 1.6e-05
9.438 8e-06
9.763 8e-06
10.222 4e-05
11.728 2.4e-05
12.764 1.6e-05
13.507 3.2e-05
14.614 5.6e-05
16.732 1.6e-05
17.348 8e-06
17.749 2.5926
18.798 2.906288
19.818 3.132352
20.919 2.683296
21.92 2.853648
23.083 3.96684
24.089 3.584944
25.179 4.009984
26.18 1.286816
27.182 2.40916
28.188 2.781144
29.248 2.706928
30.278 2.883584
31.279 1.417672
32.287 2.737152
33.289 1.45628
34.298 1.982464
35.309 1.825496
36.328 2.838528
37.338 2.993152
38.34 3.00484
39.399 3.271488
40.4 3.650864
41.401 3.114672
42.419 2.953776
43.578 2.962432
44.579 0.7166
45.638 0.180224
47.322 2.816
48.328 1.508872
49.339 2.004992
50.348 1.103872
51.358 1.531904
52.36 1.145736
53.378 1.768448
54.379 2.095104
55.38 1.147344
56.561 0.315392
57.608 0.236544
58.879 1.092608
60.981 1.360064
61.984 1.407192
62.999 1.103872
64.001 0.584416
65.024 1.46432
66.031 1.02328
67.685 1.550208
68.7 1.9794
69.73 2.0552
70.76 2.251312
71.91 2.173952
72.911 1.930032
73.912 1.603904
74.92 0.589048
75.96 1.678336
76.971 1.123936
77.98 1.979472
79.0 2.56628
80.42 2.523136
81.422 1.685336
82.532 2.894848
83.561 2.155968
84.571 1.88476
85.731 2.746488
86.781 1.91488
87.8 1.177176
88.871 2.095104
89.872 0.9808
90.881 1.317888
91.882 2.500608
92.883 0.545432
93.902 2.342912
94.904 1.179824
95.921 1.734656
96.922 1.924608
98.271 1.374208
99.272 1.97056
100.671 1.700864
101.672 1.720464
102.794 2.640816
103.802 1.977408
104.823 1.83768
105.924 2.565392
106.933 2.061312
107.953 1.725856
109.076 3.131392
110.083 1.99452
111.183 2.579456
112.186 1.595656
113.343 3.244032
114.346 1.39816
115.347 1.396736
116.363 0.833536
117.383 1.322952
118.523 2.782208
119.524 2.484944
120.593 2.75968
121.595 2.222104
122.604 2.004992
123.605 1.912688
124.614 2.142856
125.724 0.698368
126.725 2.185072
127.854 2.072576
128.855 1.348296
129.886 2.480832
130.894 1.6896
131.904 1.805736
132.979 2.452024
134.194 1.622016
135.196 2.207264
136.205 1.891296
137.207 1.985112
138.315 2.230272
139.316 0.568504
140.345 0.811008
141.346 0.99692
142.405 2.376704
143.415 1.02612
144.435 0.720896
145.455 0.46928
146.615 0.540672
148.575 1.317888
149.586 0.45056
150.589 0.168304
151.766 0.304128
152.946 0.146432
160.462 1.01376
161.466 0.084056
162.526 0.4554
163.537 0.46488
165.127 0.146432
166.247 0.636792
167.307 0.50688
168.497 0.240856
169.507 0.371712
170.748 0.239688
171.787 0.157696
173.487 0.11264
176.037 0.179784
177.368 0.135168
185.006 0.396784
186.046 0.2816
187.056 0.18908
188.176 1.044144
189.266 1.299224
190.457 0.795952
191.506 0.452176
192.587 0.461824
193.597 0.836888
194.599 0.74832
195.607 0.761008
197.247 0.371712
198.278 0.140528
199.597 0.05632
200.837 0.180224
202.308 0.214016
203.408 0.122496
204.488 0.214016
205.528 0.067584
207.038 0.067584
208.059 0.481312
209.078 0.507784
