0 0.665688
1.01 0.568152
2.02 0.542848
3.04 0.479704
4.041 0.541656
5.05 0.518096
6.07 0.669296
7.13 0.634752
8.14 0.383288
9.15 0.779552
10.16 0.589032
11.17 0.591208
12.189 0.746392
13.19 0.798912
14.39 0.733456
15.4 0.740504
16.409 0.803576
17.53 1.140832
18.532 0.582472
19.539 0.434528
20.55 0.499968
21.56 0.671072
22.57 0.598104
23.59 0.532128
24.599 0.620864
25.7 0.569088
26.72 0.472128
27.731 0.586224
28.749 0.752088
29.902 1.04764
30.99 1.081024
32.0 0.865792
33.113 0.493344
34.2 0.842152
35.21 0.916928
36.22 0.704952
37.359 0.484088
38.38 0.558512
39.389 0.762216
40.399 0.824872
41.419 0.86752
42.439 0.721672
43.459 0.814536
44.46 0.751024
45.56 0.682648
46.57 0.475936
47.839 0.569904
48.857 0.726232
49.867 0.68652
50.907 0.909512
51.986 1.027592
53.038 0.681952
54.047 0.814688
55.067 0.77848
56.168 1.091912
57.346 1.094976
58.516 1.053104
59.676 1.017128
60.686 0.82904
61.696 0.933496
62.886 0.664576
63.956 0.8662
64.966 0.882904
65.986 0.825704
66.987 0.865424
68.116 0.502096
69.125 0.631656
70.145 0.507552
71.165 0.744064
72.205 0.479408
73.215 0.430224
74.245 0.66616
75.25 0.684864
76.405 0.912512
77.575 0.69964
78.595 0.707048
79.705 0.71308
80.715 0.516392
81.725 0.736048
82.855 0.740408
83.865 0.682312
84.885 0.508608
85.924 0.3856
86.925 0.563648
88.005 0.590368
89.155 0.616888
90.165 0.620848
91.265 0.605336
92.435 0.733112
93.455 0.623808
94.474 0.521032
95.495 0.699528
96.505 0.708136
97.506 0.840752
98.625 0.8398
99.635 0.503424
100.664 0.418144
101.684 0.836088
102.705 0.697928
103.844 0.846856
104.845 0.677824
105.915 0.62072
106.924 0.838056
107.935 0.647584
108.944 0.583016
109.954 0.449368
110.965 0.358408
111.974 0.464944
112.975 0.497
114.004 0.41508
115.024 0.555448
116.138 0.547256
117.157 0.548544
118.159 0.598184
119.167 0.528968
120.176 0.562376
121.187 0.39348
122.237 0.614808
123.257 0.47656
124.277 0.393984
125.287 0.278952
126.288 0.33552
127.307 0.339264
128.317 0.307072
129.347 0.273208
130.407 0.474608
131.587 0.553576
132.607 0.647568
133.608 0.69212
134.627 0.459672
135.637 0.298784
136.647 0.37692
137.667 0.361152
138.726 0.267624
139.737 0.519232
140.747 0.57148
141.757 0.658552
142.826 0.612856
143.847 0.40084
144.887 0.402344
146.177 0.492824
147.207 0.404928
148.257 0.239136
149.267 0.21888
150.287 0.240768
151.347 0.304208
152.357 0.372096
153.377 0.339264
154.427 0.245752
155.437 0.153216
156.447 0.196992
157.476 0.131072
159.483 0.534808
160.486 0.317376
161.496 0.31744
162.539 0.2736
163.566 0.284544
164.586 0.1038
165.716 0.10944
166.765 0.186048
167.785 0.153216
168.886 0.170544
169.935 0.186048
171.027 0.16416
172.035 0.156064
173.085 0.207936
174.172 0.196992
175.246 0.229824
176.255 0.152688
177.256 0.251712
178.296 0.196992
179.326 0.098496
180.495 0.131328
181.545 0.125544
182.565 0.229824
183.595 0.153216
184.615 0.275712
185.665 0.503424
186.695 0.37008
187.715 0.411624
188.725 0.317376
189.736 0.174328
190.785 0.207936
191.895 0.10944
193.096 0.120384
194.116 0.087552
195.125 0.05472
196.275 0.037192
197.326 0.065664
198.365 0.142272
199.425 0.098496
200.495 0.087552
201.535 0.065664
202.795 0.043776
203.825 0.034224
204.986 0.065664
206.104 0.05472
207.285 0.05472
208.364 0.087552
209.444 0.05472
