0 0.05472
1.1 0.032832
2.479 0.032832
3.799 0.010944
9.753 0.043776
10.894 0.120384
11.895 0.146272
13.552 0.142272
14.795 0.229824
15.815 0.130832
17.333 0.120384
18.372 0.196992
19.39 0.153216
20.513 0.197072
21.531 0.186048
22.551 0.196992
23.754 0.167976
24.772 0.21888
25.81 0.153216
26.854 0.207936
27.951 0.130928
28.953 0.207936
29.974 0.21888
31.213 0.12472
32.454 0.240768
33.577 0.220728
35.05 0.142272
36.114 0.120384
37.175 0.16416
38.229 0.120992
39.428 0.120384
40.495 0.16416
41.532 0.186048
42.591 0.116688
44.091 0.153216
45.114 0.196992
46.209 0.142456
47.469 0.175104
48.489 0.16416
49.508 0.175696
50.971 0.10944
52.13 0.142272
53.168 0.175104
54.17 0.09372
55.449 0.120384
56.693 0.16416
57.77 0.10944
58.792 0.10944
59.813 0.055496
60.87 0.175104
62.135 0.229824
63.188 0.126096
64.35 0.186048
65.491 0.196992
66.534 0.148
67.59 0.175104
68.619 0.175104
69.895 0.181472
70.909 0.196992
71.911 0.065664
78.918 0.05472
80.118 0.065664
81.458 0.032832
82.857 0.032832
84.118 0.032832
85.378 0.032832
86.658 0.021888
87.698 0.01352
89.097 0.05472
90.317 0.032832
91.37 0.098496
109.31 0.35248
110.371 0.505952
111.831 0.70852
112.832 1.337176
113.841 1.437968
114.851 1.10152
115.911 1.5614
117.041 1.369688
118.201 1.32524
119.351 1.36104
120.43 1.5358
121.569 1.379672
122.577 1.401344
123.636 1.42948
124.64 1.44548
125.649 1.37608
126.65 1.449528
127.658 1.131056
128.668 1.359632
129.669 1.290968
130.677 1.574744
131.688 1.105072
132.689 1.267216
133.748 1.312344
134.796 1.314136
135.907 1.46108
136.916 1.489488
137.917 1.53492
138.928 1.558424
140.007 1.674784
141.076 1.800456
142.115 1.680272
143.125 1.611872
144.127 1.302912
145.128 1.268952
146.155 1.229944
147.156 0.893952
148.166 0.544232
149.195 0.317376
150.235 0.19896
151.245 0.404928
152.295 0.065664
156.225 0.649072
157.264 0.598056
158.374 0.621672
159.384 1.297096
160.455 0.909456
161.485 1.351904
162.504 1.333936
163.684 1.719472
164.694 1.330512
165.894 1.27488
166.914 0.823712
167.965 1.075648
169.104 1.311384
170.124 1.49616
171.144 1.00292
172.145 1.440808
173.304 1.351096
174.394 0.981232
175.405 0.72376
176.414 0.818712
177.424 0.681576
178.434 0.638528
179.604 0.61032
180.614 0.67972
181.634 0.765072
182.685 0.687048
183.694 0.769024
184.698 1.097992
185.874 0.968768
186.884 1.524888
187.894 1.240336
188.904 0.764144
189.914 0.327696
190.954 0.153216
191.965 0.2194
192.984 0.677192
193.994 0.32612
195.014 0.558368
196.024 0.735744
197.125 0.372096
199.005 0.411544
200.104 0.499504
201.113 0.317368
202.133 0.29088
203.144 0.39404
204.224 0.6398
205.243 1.046144
206.245 1.088832
207.253 1.169536
208.254 0.93732
209.323 0.854808
