0 0.722304
1.01 0.945728
2.161 0.87552
3.19 0.153216
4.78 1.794816
5.781 1.317824
6.791 1.948032
7.8 1.624256
8.81 1.214784
9.83 1.088
10.84 1.937088
11.851 1.514816
12.86 0.8208
13.88 0.952128
14.89 1.131776
15.97 1.31328
16.98 1.543104
17.982 1.19744
18.992 1.050624
20.12 1.138176
21.15 0.387584
22.17 1.061568
23.18 1.192896
24.19 0.945728
25.2 1.291392
26.21 1.236672
27.22 1.186496
28.23 1.214784
29.24 1.624256
30.31 2.57184
31.32 1.613312
32.332 2.368448
33.42 1.80576
34.43 2.335616
35.431 2.696768
36.44 2.1888
37.441 1.788416
38.442 2.002752
39.45 1.569536
40.47 1.433664
41.48 1.624256
42.481 2.155968
43.5 2.23712
44.51 1.733696
45.52 2.374848
46.521 2.105792
47.522 1.952576
48.531 2.549952
49.541 1.9088
50.55 1.74464
51.56 1.948032
52.561 2.07296
53.562 2.7296
54.563 1.871424
55.58 2.040136
56.581 2.280896
57.59 2.801664
58.591 2.280896
59.6 2.959424
60.601 2.51072
61.61 2.56544
62.62 2.232576
63.63 1.066112
64.631 1.871424
65.632 2.34656
66.633 2.51072
67.64 2.779776
68.641 1.930688
69.65 1.886912
70.651 2.210688
71.652 2.116736
72.66 2.970368
73.662 2.740544
74.67 3.036032
75.671 3.386216
76.672 3.408152
77.68 3.233024
78.682 2.860928
79.79 3.075264
80.792 2.652992
81.8 2.34656
82.807 2.707704
83.811 2.532608
84.812 3.068864
85.99 2.834496
86.992 2.904704
87.993 3.11264
89.0 2.423168
90.001 3.046824
91.003 2.062168
92.03 1.849536
93.031 2.970368
94.04 3.616064
95.041 3.2768
96.042 3.025088
97.05 2.598272
98.051 2.456
99.06 2.725056
100.061 2.576384
101.062 2.67488
102.071 2.707712
103.072 2.390336
104.08 2.429568
105.09 1.120832
106.091 1.597824
107.1 1.85408
108.101 2.484288
109.102 2.368448
110.103 2.29184
111.11 2.762432
112.12 2.78432
113.14 3.76928
114.141 3.528512
115.142 2.488832
116.15 2.746944
117.151 2.456
118.152 2.094848
119.16 2.13408
120.161 2.280896
121.162 2.445056
122.17 2.83904
123.171 2.576384
124.199 3.287744
125.291 2.768832
126.293 3.156416
127.295 3.894208
128.38 3.184704
129.381 1.952576
130.382 3.101696
131.383 3.254912
132.384 2.07296
133.39 2.232576
134.4 2.499776
135.41 2.718656
136.411 1.919744
137.52 2.221632
138.521 2.204288
139.53 2.12768
140.691 2.429568
141.7 1.897856
142.701 2.226176
143.72 2.593728
144.721 2.488832
145.722 2.795264
146.73 2.302784
147.731 3.025088
148.74 3.020544
149.741 2.302784
150.75 2.138624
151.751 2.269952
152.84 1.772928
153.85 1.668032
154.86 1.948032
155.861 2.051072
156.87 2.390336
157.94 2.429568
158.95 2.324672
159.96 2.357504
160.961 2.718656
162.07 3.020544
163.08 2.543552
164.092 2.860928
165.1 3.320584
166.101 3.189248
167.111 2.7296
168.112 2.532608
169.12 2.615616
170.13 2.040128
171.14 2.324672
172.141 2.313728
173.18 2.95488
174.181 2.871872
175.191 3.156416
176.192 3.692672
177.2 3.079808
178.201 2.795264
179.202 2.56544
180.203 2.860928
181.21 2.248064
182.31 2.593728
183.311 2.631104
184.32 2.904704
185.331 2.89376
186.332 2.696768
187.34 2.652992
188.42 3.2768
189.51 3.287744
190.56 3.484736
191.561 3.911552
192.562 3.145472
193.569 3.594176
194.57 2.89376
195.571 3.791168
196.579 3.539456
197.58 3.254912
198.581 2.762432
199.589 2.112192
200.599 1.843136
201.6 2.860928
202.611 3.484736
203.619 3.025088
204.62 3.068864
205.621 2.379392
206.629 2.68128
207.63 2.598272
208.632 3.430016
209.633 3.98816
