0 0.803808
1.01 1.04328
2.051 0.98836
3.052 1.053496
4.151 1.151528
5.291 1.18228
6.43 1.167312
7.431 1.016704
8.432 1.016312
9.44 1.026264
10.45 0.979944
11.46 0.856208
12.615 1.239392
13.62 1.04956
14.627 1.291352
15.63 1.305136
16.633 1.176976
17.635 1.209016
18.641 1.140448
19.65 1.218176
20.658 1.24408
21.88 1.264184
22.89 1.28268
23.892 1.228176
25.09 1.401944
26.099 1.361056
27.1 1.384408
28.319 1.2688
29.329 1.388632
30.33 1.280736
31.339 0.985416
32.34 1.24604
33.559 1.189824
34.57 0.919392
35.59 1.07732
36.739 0.997264
37.759 0.738424
38.769 0.895448
39.859 1.00468
40.91 0.52564
41.939 0.882128
42.941 1.154712
43.989 1.171768
44.999 1.331616
46.0 1.34616
47.01 1.244968
48.119 1.3834
49.139 1.050016
50.229 1.134168
51.23 1.437528
52.239 1.42364
53.258 1.122904
54.387 1.351496
55.388 1.080776
56.517 1.2716
57.518 1.273864
58.529 1.11
59.537 0.74384
60.538 1.275816
61.539 1.276288
62.63 1.307968
63.698 1.304192
64.708 1.410016
65.717 1.131712
66.897 1.396504
67.908 1.176504
68.911 1.29284
69.918 1.139032
70.988 1.106264
72.117 1.156616
73.157 1.331872
74.237 1.28104
75.347 1.046688
76.356 0.991184
77.367 1.427488
78.556 1.512096
79.686 1.026144
80.687 0.928168
81.696 0.94508
82.936 1.045416
84.016 1.024664
85.146 1.001768
86.147 0.563872
87.256 0.495488
88.446 0.153216
89.616 0.849584
90.628 0.588712
91.636 0.883272
92.639 0.635304
93.646 0.832392
94.655 0.778016
95.656 0.72028
96.965 0.545864
98.156 0.63784
99.166 0.634032
100.176 0.678656
101.186 0.738312
102.196 0.299064
103.226 0.521848
104.256 0.963696
105.385 1.022544
106.396 0.728832
107.416 0.882112
108.856 1.111856
109.857 0.624472
110.876 0.597944
111.955 0.542344
113.025 0.575296
114.026 0.858752
115.029 0.582912
116.045 0.505176
117.055 0.414656
118.285 0.556168
119.495 0.987488
120.496 1.00028
121.505 0.49248
122.555 0.484768
123.566 0.901832
124.735 1.090832
125.766 0.667504
126.825 0.796968
127.835 0.788112
128.865 0.294408
129.895 0.353696
130.915 0.549392
131.925 0.598776
132.926 0.732528
133.935 0.429456
134.975 0.421072
136.006 0.118448
137.014 0.350208
138.034 0.26764
139.044 0.56216
140.054 0.702464
141.084 0.536256
142.093 0.526056
143.094 0.777648
144.124 0.435456
145.154 0.519376
146.174 0.808224
147.183 0.7948
148.203 0.594592
149.223 0.633336
150.233 0.521688
151.243 0.295488
152.263 0.599224
153.273 0.604912
154.292 0.466136
155.293 0.590976
156.313 0.243096
157.333 0.229824
158.373 0.21888
159.412 0.25808
160.422 0.350208
161.462 0.205904
162.472 0.295488
163.483 0.239368
164.563 0.393984
165.572 0.259448
166.612 0.49248
167.613 0.624688
168.713 1.063016
169.714 1.56008
170.923 1.759176
171.924 1.063088
173.103 1.402232
174.113 1.25
175.343 1.35688
176.383 1.39764
177.384 1.155184
178.392 1.330376
179.572 1.36856
180.582 0.818144
181.632 1.240912
182.635 1.338352
183.642 1.635312
184.643 1.033632
185.762 1.309944
186.763 1.289872
187.771 1.101984
188.772 1.314464
189.781 0.964392
190.883 1.253368
192.102 1.231176
193.292 1.168192
194.501 1.238568
195.502 0.930696
196.551 1.34684
197.782 1.338576
198.902 1.38216
199.912 1.206592
200.921 1.903432
202.1 1.739472
203.15 1.336616
204.361 1.413624
205.37 1.14932
206.54 1.463752
207.671 1.613704
208.681 1.421768
209.691 1.547904
