0 1.087368
1.009 0.8806
2.019 0.953576
3.079 1.118904
4.247 1.11524
5.436 1.088424
6.506 0.925224
7.526 1.08244
8.536 1.040264
9.537 1.050656
10.546 1.05116
11.587 1.12932
12.815 1.26724
13.827 0.866024
14.845 0.962856
15.934 1.171088
17.095 1.300544
18.232 1.070976
19.295 1.054896
20.304 1.029848
21.313 1.139032
22.324 0.370784
23.353 0.978208
24.363 0.962504
25.373 1.0932
26.443 1.279928
27.503 1.384264
28.513 1.136768
29.522 1.346736
30.533 1.260384
31.543 1.214752
32.762 1.154016
33.763 1.294992
34.764 1.393288
35.766 1.174952
36.962 1.360552
37.963 1.38436
38.965 1.27936
39.973 1.162704
41.153 1.3022
42.163 0.90764
43.382 0.827472
44.422 1.031992
45.423 0.929408
46.472 1.177232
47.482 1.033472
48.502 0.695432
49.543 0.993976
50.562 0.771256
51.582 0.67428
52.612 0.302008
53.652 0.584784
54.653 1.13944
55.672 1.372784
56.673 1.483064
57.674 1.178872
58.843 1.40248
59.844 1.29324
61.012 1.440944
62.013 1.222344
63.024 1.345408
64.033 1.299864
65.183 1.364688
66.184 1.26468
67.333 1.406896
68.334 1.247096
69.487 1.427528
70.492 1.152176
71.504 0.753384
72.507 1.380048
73.691 0.843016
74.692 1.151288
75.693 1.094248
76.823 1.462944
78.063 1.34616
79.132 1.281376
80.133 1.083096
81.143 1.063584
82.163 0.917912
83.172 1.320216
84.182 1.3062
85.184 1.280008
86.192 1.080488
87.432 1.066952
88.441 1.155768
89.442 1.270456
90.451 1.02232
91.452 0.921536
92.462 0.676512
93.65 1.057296
94.651 0.772392
95.741 0.8376
96.75 0.756064
97.761 0.426816
99.17 0.298184
100.18 0.747128
101.181 0.781656
102.189 0.650472
103.199 1.057736
104.289 1.03868
105.299 1.122904
106.379 1.121784
107.509 1.052072
108.51 1.129464
109.52 0.797536
110.529 0.87644
111.62 1.122496
112.63 0.664712
113.659 0.909216
114.66 1.073104
115.799 0.937248
116.849 0.840472
117.85 0.82924
118.851 0.869344
119.9 1.364568
120.901 0.866712
121.909 0.778104
122.91 0.889416
124.069 1.036416
125.089 1.038656
126.09 1.137368
127.1 1.18768
128.119 0.775984
129.129 0.898128
130.13 1.088224
131.141 1.062768
132.249 1.029728
133.259 0.818776
134.699 0.448704
135.826 0.217544
136.909 0.878608
137.929 0.656048
139.489 0.86964
140.49 0.28812
143.009 0.71884
144.029 0.941808
145.219 1.044432
146.229 0.783552
147.239 0.805504
148.319 0.814824
149.329 0.990216
150.549 1.071576
151.629 0.96928
152.63 0.670368
153.76 0.816824
154.769 1.036488
155.929 1.07504
156.939 0.735784
157.949 0.395824
158.959 1.012208
160.159 0.921592
161.16 0.762512
162.198 0.363768
163.258 0.32832
164.307 0.030136
165.478 0.558144
166.5 0.238824
167.527 0.339264
168.536 0.197136
169.547 0.2736
170.567 0.228744
171.626 0.196992
172.647 0.10944
173.677 0.09104
174.697 0.207936
175.737 0.264848
176.997 0.565944
178.037 0.557424
179.046 0.527952
180.055 0.021888
181.477 0.59424
182.885 0.5472
184.174 0.545256
185.284 0.943232
186.314 0.372096
187.344 0.196992
188.394 0.175848
189.404 1.508592
190.405 1.130608
191.454 1.509776
192.455 1.406736
193.464 1.193192
194.513 0.251712
195.523 0.291032
196.574 1.431416
197.723 1.200408
198.803 1.22848
199.813 1.519312
200.814 1.020024
201.815 1.750304
202.973 1.719728
204.083 1.63752
205.193 1.7634
206.313 1.765064
207.393 1.166128
208.603 2.030792
209.613 1.402672
