0 0.065664
1.085 0.05472
2.251 0.022224
3.29 0.295488
4.31 0.372096
5.34 0.279056
6.38 0.302808
7.65 0.306432
8.651 0.231384
9.68 0.317376
10.71 0.244912
11.77 0.306432
12.78 0.361152
13.79 0.28252
14.8 0.371296
16.06 0.361152
17.071 0.283712
18.1 0.361152
19.209 0.224312
20.229 0.43776
21.239 0.277512
22.269 0.317376
23.279 0.259344
24.499 0.284544
25.542 0.24916
26.74 0.284544
27.769 0.120384
28.819 0.147832
30.139 0.284544
31.55 0.214768
32.928 0.05472
34.13 0.339264
35.159 0.184848
36.302 0.32832
37.339 0.222696
38.429 0.372096
39.458 0.226808
40.569 0.415872
41.598 0.242736
42.639 0.317376
43.679 0.248728
44.718 0.306432
45.728 0.259664
46.748 0.272752
47.759 0.372096
48.779 0.280376
49.789 0.251776
50.889 0.43776
51.908 0.283464
52.938 0.323832
54.098 0.339264
55.289 0.377168
56.308 0.36576
57.318 0.282616
58.338 0.23812
59.469 0.459648
60.498 0.282976
61.528 0.317376
62.568 0.341368
63.578 0.289928
64.658 0.372096
65.668 0.292192
66.698 0.32832
67.869 0.380776
68.898 0.372096
69.918 0.243256
70.938 0.350208
72.129 0.349168
73.138 0.372096
74.249 0.287896
75.268 0.324752
76.408 0.32832
78.118 0.162152
79.129 0.032832
95.207 0.010944
97.613 0.021888
99.448 0.021888
100.685 0.021888
101.87 0.021888
102.988 0.043776
104.188 0.032832
105.226 0.032832
106.626 0.043776
108.047 0.021888
109.145 0.021888
110.626 0.032832
111.904 0.021888
112.984 0.032832
114.124 0.032832
115.623 0.032832
116.763 0.032832
117.824 0.032832
118.923 0.032832
119.924 0.032832
121.203 0.032832
122.403 0.025912
123.422 0.009008
124.743 0.076608
125.943 0.131328
126.944 0.076608
127.967 0.153216
129.044 0.065664
130.185 0.087552
131.204 0.05836
132.446 0.10944
133.544 0.120384
134.545 0.120384
135.603 0.10944
136.845 0.131328
137.965 0.08212
139.304 0.10944
140.462 0.043776
141.685 0.021888
143.384 0.043776
145.322 0.043776
146.444 0.021888
151.243 0.05472
152.684 0.05472
154.843 0.010944
157.063 0.021888
158.424 0.021888
159.721 0.032832
160.801 0.032832
161.941 0.031776
163.062 0.009016
164.064 0.098496
165.147 0.120384
166.223 0.120384
167.323 0.120384
168.346 0.023336
169.501 0.032832
175.808 0.575512
176.837 0.942144
178.048 0.965984
179.058 1.32652
180.108 1.63756
181.208 1.810064
182.298 2.276664
183.299 2.548792
184.438 2.369936
185.448 1.996472
186.449 2.244248
187.568 2.84704
188.569 1.693784
189.578 2.508192
190.588 3.090872
191.59 3.1366
192.738 3.626064
193.749 3.933288
194.758 3.41224
195.948 3.44316
196.949 3.317848
198.026 3.941816
199.028 3.502168
200.029 3.356368
201.03 3.251216
202.037 3.228056
203.057 3.133944
204.058 3.51488
205.059 2.916728
206.076 2.585928
207.082 2.161992
208.116 1.96992
209.117 2.037
