0 1.937088
1.001 1.79936
2.002 1.9152
3.003 1.077056
4.01 1.105344
5.02 1.389888
6.03 0.38304
7.12 0.442304
8.14 0.777024
9.16 0.5472
10.17 0.65664
11.173 0.634752
12.18 0.442304
13.42 1.488384
14.421 1.974464
15.43 2.199744
16.431 1.810304
17.45 2.002752
18.46 1.41632
19.47 1.400832
20.471 1.657088
21.472 2.232576
22.48 1.52576
23.49 1.105344
24.5 0.847232
25.63 1.368
26.64 1.816704
27.65 1.47104
28.651 1.630656
29.663 1.449152
30.67 1.86048
31.68 1.624256
32.69 1.761984
33.7 1.503872
34.71 1.247616
35.72 0.989504
36.721 1.346112
37.73 1.53216
38.731 1.536704
39.74 1.597824
40.75 1.14272
41.76 1.061568
42.761 1.061568
43.78 0.989504
44.79 1.171008
45.809 0.678528
46.82 0.131072
48.925 0.88032
49.949 0.415872
50.989 0.886464
52.009 0.43776
53.029 0.590976
54.041 0.584576
55.239 0.678528
56.249 0.514368
57.259 0.536256
58.27 1.225728
59.279 0.562688
60.305 0.38304
61.379 0.787968
62.389 1.006848
63.39 0.934784
64.399 0.2736
65.429 0.569088
66.459 0.60192
67.469 0.612864
68.471 1.050624
69.48 0.70496
70.501 0.897408
71.509 1.499328
72.51 1.865024
73.518 1.678976
74.608 1.75104
75.619 2.12768
76.628 2.309184
77.629 1.766528
78.63 1.875968
79.678 1.86048
80.679 1.58048
81.688 2.429568
82.689 2.160512
83.69 2.07296
84.698 2.506176
85.699 2.445056
86.7 2.543552
87.708 2.280896
88.718 2.002752
89.728 1.832192
90.738 2.40768
91.739 2.16052
92.748 1.602368
93.758 1.499328
94.788 0.733248
95.808 0.65024
96.928 1.871424
97.929 2.007296
98.938 2.090304
99.948 2.1824
100.949 1.821248
101.958 1.991808
102.978 1.536704
103.998 2.035584
104.999 1.788416
106.008 1.761984
107.018 0.694016
108.037 0.623808
109.048 1.455552
110.068 1.405376
111.069 2.068416
112.078 2.456
113.079 1.821248
114.088 2.549952
115.089 1.481984
116.097 2.40128
117.188 2.506176
118.198 1.886912
119.2 2.313728
120.208 2.265408
121.21 2.456
122.218 2.685824
123.219 1.783872
124.238 2.434112
125.239 1.569536
126.247 2.199744
127.248 2.718584
128.249 3.933512
129.25 2.817152
130.259 3.178304
131.26 3.046976
132.268 3.123584
133.269 3.101696
134.27 3.254912
135.277 2.324672
136.278 2.812608
137.288 2.926592
138.289 3.517568
139.29 2.78432
140.298 2.587328
141.299 2.926592
142.308 3.517568
143.309 3.342464
144.31 2.959424
145.319 2.609216
146.328 2.335616
147.337 2.736
148.338 3.451904
149.339 3.375296
150.348 2.67488
151.358 2.510712
152.36 2.083904
153.378 2.83904
154.487 3.151872
155.497 2.412224
156.499 2.642048
157.508 2.521664
158.509 2.860928
159.516 3.49568
160.517 3.364352
161.526 2.477888
162.536 2.725056
163.537 2.587328
164.538 3.627008
165.539 4.167808
166.576 3.44096
167.577 3.22208
168.606 3.16736
169.666 3.086208
170.667 2.981312
171.686 2.390336
172.687 2.849984
173.688 3.419072
174.696 3.254912
175.697 3.0032
176.706 2.149568
177.717 2.57184
178.726 2.324672
179.727 2.07296
180.736 2.363904
181.737 2.029184
182.757 1.558592
183.866 1.521216
184.867 1.521216
185.876 1.41632
186.896 1.674432
187.905 2.313728
188.911 2.762432
189.916 2.062016
190.917 2.199744
191.926 1.832192
192.935 1.937088
193.946 2.01824
194.957 3.05792
195.958 2.29184
196.965 2.440512
197.966 1.284992
198.985 1.335168
200.005 1.208384
201.015 1.236672
202.025 1.302336
203.035 1.405376
204.065 1.389888
205.067 1.449152
206.076 2.29824
207.096 1.514816
208.105 1.31328
209.106 1.383488
