0 0.131328
5.091 0.131328
6.161 0.2736
7.191 0.448704
8.221 0.190152
9.262 0.131328
10.282 0.175104
11.351 0.817232
12.361 0.69132
13.431 0.646304
14.512 0.893896
15.513 0.871336
16.651 0.865352
17.658 0.744688
18.731 0.531672
19.901 0.995904
20.914 0.989016
21.929 1.044328
22.932 1.225992
24.093 1.283912
25.101 0.777024
26.102 0.686952
27.121 0.963072
28.131 0.813816
29.132 1.344336
30.142 1.219304
31.332 1.462144
32.721 0.65664
33.731 0.838328
34.742 0.393984
35.78 0.2736
36.8 0.196992
37.81 0.098496
39.16 0.105784
40.281 0.076608
88.347 0.317376
89.417 0.50088
90.647 0.876784
91.648 0.953816
92.776 1.168424
93.786 0.807272
94.787 1.126456
95.796 0.695752
96.806 0.905712
97.816 0.85436
98.826 1.212632
99.836 1.099952
100.837 1.14708
101.856 0.567072
102.869 0.558144
104.989 0.207936
106.009 0.245088
107.099 0.262656
108.119 0.623808
109.129 0.580696
110.148 0.371744
111.149 0.481912
112.17 0.602984
113.188 0.586672
114.198 0.67136
115.218 0.789112
116.219 0.671472
117.229 0.926728
118.329 1.51624
119.339 1.285736
120.419 1.552224
121.421 1.17496
122.429 0.448704
123.688 0.667584
124.69 0.490664
125.699 0.856624
126.849 1.0636
127.859 1.42696
128.88 0.959824
129.898 1.373552
130.918 0.95332
132.268 1.234768
133.458 0.922496
134.628 0.65664
135.648 0.5472
136.658 0.306672
137.678 0.404928
138.688 0.043776
140.578 1.802888
142.628 0.032832
143.698 0.612864
144.715 0.653688
145.721 0.498232
146.728 0.901216
147.888 1.348936
148.895 1.21248
150.008 1.688872
151.219 1.516728
152.228 1.49768
153.238 1.218672
154.239 1.35864
155.249 1.194992
156.258 1.291392
157.268 1.040968
158.269 1.129928
159.27 1.03068
160.37 1.20384
161.379 0.858296
162.399 1.440192
163.589 2.254112
164.59 2.11416
165.591 1.782968
166.689 1.960528
167.699 2.198472
168.714 1.540672
169.73 1.43712
170.739 1.26624
171.749 0.844376
172.752 1.077032
173.912 1.980864
174.922 0.790264
175.932 0.941184
176.942 0.784848
177.952 1.061568
178.962 0.822248
179.972 1.138176
181.452 0.05472
182.707 0.916152
183.742 1.891392
184.952 2.083432
185.963 1.972992
186.972 2.820088
188.254 2.486232
189.255 2.40892
190.263 2.355376
191.273 2.216232
192.3 1.712928
193.491 3.567744
194.492 3.178424
195.501 2.013696
196.51 1.989744
197.71 1.69632
198.724 1.564992
199.73 1.893312
200.731 3.491136
201.742 2.73656
202.743 2.061208
203.752 1.6416
204.771 1.183352
205.772 1.853096
206.972 1.236672
207.973 0.481536
208.982 0.558144
209.993 0.415872
