0 0.010944
1.109 0.706488
2.19 0.871984
3.191 0.743784
4.401 0.580032
5.41 0.728104
6.42 0.990232
7.44 1.26152
8.45 0.932624
9.509 1.261096
10.61 0.99488
11.63 1.189
12.64 1.02852
13.65 1.020208
14.651 0.814928
15.67 1.201768
16.689 0.789496
17.7 1.25588
18.71 0.982296
19.919 0.643912
20.999 0.404928
22.0 0.754216
23.001 0.944552
24.019 0.963552
25.09 1.06072
26.099 1.389336
27.291 1.227048
28.299 1.050296
29.481 1.171824
30.51 1.10388
31.599 0.884568
32.659 0.83324
33.679 0.688448
34.869 0.524816
35.889 0.361152
36.939 0.098496
38.069 1.023064
39.07 1.28848
40.299 1.342624
41.499 1.364792
42.51 0.958248
43.56 1.334264
44.569 1.000984
45.689 1.23836
46.691 0.636952
47.704 1.180896
48.72 0.814216
49.729 0.799248
50.749 0.516488
51.769 0.751808
52.778 0.887152
53.969 1.150312
55.029 1.12696
56.039 0.987776
57.049 1.48312
58.249 1.176952
59.269 1.053264
60.299 1.05328
61.659 0.85904
62.679 0.929912
63.689 1.100016
64.699 0.966272
65.709 0.984616
66.809 0.87248
67.818 0.96136
68.819 0.920256
69.828 0.692328
70.868 1.034488
72.008 0.801616
73.018 0.392072
74.037 0.584016
75.088 0.174112
76.308 0.46856
77.417 0.475776
78.568 0.947224
79.648 0.972224
80.848 0.623808
81.868 0.404912
82.888 0.487296
83.968 0.956208
85.037 1.217192
86.047 0.886888
87.057 0.88848
88.116 1.28212
89.267 1.20648
90.276 1.238288
91.277 1.108216
92.476 1.192056
93.485 0.966512
94.496 0.975008
95.505 0.909424
96.589 1.00372
97.595 1.115056
98.826 0.810808
99.835 0.945672
100.896 0.9942
102.106 1.007616
103.205 1.27056
104.405 1.28332
105.626 1.199752
106.805 1.07788
107.806 0.75492
108.886 1.343272
109.895 0.865912
110.946 1.123608
112.045 1.0122
113.055 0.959304
114.126 1.126616
115.13 0.718152
116.144 1.036176
117.145 0.941024
118.154 0.767216
119.224 1.078016
120.243 0.913688
121.253 1.076248
122.263 0.664432
123.453 0.781928
124.454 0.825384
125.633 0.56804
126.634 0.903928
127.684 1.183224
128.703 0.989056
129.714 0.894096
130.773 1.07028
132.183 0.927152
133.203 0.896056
134.213 0.741128
135.233 0.973248
136.243 0.710056
137.293 0.861168
138.302 0.503936
139.402 0.5472
140.423 0.352056
141.452 0.374864
142.571 0.372096
143.572 0.232832
144.573 0.94572
145.577 1.204704
146.586 1.026464
147.752 1.05048
148.882 0.477104
149.953 0.837536
151.124 0.989784
152.202 1.069496
153.322 0.966632
154.441 0.906424
155.542 0.901224
156.551 0.542736
157.593 0.853768
158.602 0.775792
159.802 1.064056
160.81 0.678648
161.821 0.426816
162.98 0.098496
164.04 0.304224
165.05 0.339264
166.07 0.121832
167.08 0.065664
168.96 0.120384
170.6 0.992096
171.611 1.316224
172.62 1.300272
173.621 1.282568
174.63 1.415576
175.83 1.445208
176.841 1.097408
177.852 1.023424
178.86 1.128032
179.87 1.366984
180.871 1.064504
182.04 1.432648
183.042 1.19616
184.138 1.396616
185.15 0.904896
186.168 0.284544
187.23 0.010944
188.36 0.6424
189.37 1.258784
190.371 1.206152
191.39 0.618232
192.4 0.724392
193.49 0.649336
194.64 0.612864
195.65 0.388552
196.66 0.314392
197.68 0.450152
198.69 0.663064
199.71 0.490328
200.72 0.429928
201.75 0.621808
202.77 0.377008
203.789 0.31332
204.81 0.295488
205.82 0.130016
207.299 0.448704
208.31 0.357872
209.32 0.259184
