0.013 2.998779381443299
0.498 2.998779381443299
0.625 3.028321167883212
1.036 3.028321167883212
1.121 2.969837037037037
2.066 2.969837037037037
2.117 2.969747572815534
3.147 2.969747572815534
3.215 2.9642406356413167
4.977 2.9642406356413167
5.016 2.980715789473684
5.871 2.980715789473684
5.915 2.972746048472076
6.864 2.972746048472076
6.916 2.957091669571279
9.785 2.957091669571279
9.917 2.922814077497334
15.543 2.922814077497334
15.613 2.978648815653965
21.439 2.978648815653965
21.509 3.083556658982089
27.148 3.083556658982089
27.218 3.0833393217231895
32.673 3.0833393217231895
32.716 3.242653458081086
38.167 3.242653458081086
38.214 3.243987480438185
40.77 3.243987480438185
40.813 3.2539841584158418
42.833 3.2539841584158418
43.105 3.2491684997800263
45.378 3.2491684997800263
45.416 3.2466801007556674
47.798 3.2466801007556674
47.91 3.2518182652592933
50.089 3.2518182652592933
50.212 3.169540312876053
52.705 3.169540312876053
52.817 3.1527474402730378
55.161 3.1527474402730378
55.217 3.1673493788819873
60.369 3.1673493788819873
60.414 3.252101606275682
65.768 3.252101606275682
65.814 3.23657767255509
71.305 3.23657767255509
71.416 3.218382208226727
76.497 3.218382208226727
76.61 3.143633423180593
82.175 3.143633423180593
82.212 3.145069654528478
87.567 3.145069654528478
87.615 3.0965752140895138
93.804 3.0965752140895138
93.914 3.022874880245258
99.133 3.022874880245258
99.406 3.0970097932535365
104.92 3.0970097932535365
105.015 3.2527033333333333
107.415 3.2527033333333333
107.514 3.317868945868946
109.62 3.317868945868946
109.713 3.3083292894280762
112.021 3.3083292894280762
112.113 3.2780074074074075
114.273 3.2780074074074075
114.313 3.2685998421468034
116.847 3.2685998421468034
116.915 3.144999233716475
119.525 3.144999233716475
119.613 3.1089073692877727
122.042 3.1089073692877727
122.114 3.2272805755395684
123.921 3.2272805755395684
124.203 3.2448988764044944
126.517 3.2448988764044944
126.614 3.2578167938931295
131.854 3.2578167938931295
131.913 3.2175712143928035
137.249 3.2175712143928035
137.315 3.1826279245283016
142.615 3.1826279245283016
142.713 3.187409812146635
148.196 3.187409812146635
148.315 3.195073216638434
153.628 3.195073216638434
153.716 3.124945608167576
159.397 3.124945608167576
159.514 2.953370396108409
165.27 2.953370396108409
165.312 2.91943599740091
171.468 2.91943599740091
171.704 3.07251040221914
173.867 3.07251040221914
173.913 3.069338168631006
176.119 3.069338168631006
176.211 3.0749679075738126
177.769 3.0749679075738126
