0.017 2.301278481012658
0.649 2.301278481012658
0.722 2.3307865168539323
1.256 2.3307865168539323
1.318 2.311685950413223
1.802 2.311685950413223
1.924 2.542676641729011
3.127 2.542676641729011
3.211 3.6181186813186814
4.121 3.6181186813186814
4.214 3.032874585896829
6.327 3.032874585896829
6.414 3.1633711790393013
8.704 3.1633711790393013
8.814 3.3024118333982098
11.383 3.3024118333982098
11.41 4.055179284833539
15.465 4.055179284833539
15.513 3.921719322033898
19.938 3.921719322033898
20.01 2.8472533158670377
26.117 2.8472533158670377
26.209 3.5589538721963603
30.935 3.5589538721963603
31.02 4.097288827074641
35.334 4.097288827074641
35.409 5.042384487534626
39.019 5.042384487534626
39.109 5.307043334435991
42.132 5.307043334435991
42.21 4.135414024975985
46.374 4.135414024975985
46.6 5.487571000599162
49.938 5.487571000599162
50.004 5.18605476864967
53.181 5.18605476864967
53.212 3.9020004392708105
57.765 3.9020004392708105
57.808 4.346053400503778
61.778 4.346053400503778
61.809 2.3659828911120777
68.706 2.3659828911120777
68.821 2.677907105505998
75.323 2.677907105505998
75.41 4.646287058823529
79.235 4.646287058823529
79.307 3.8585653610193487
83.545 3.8585653610193487
83.612 3.4807640270592914
88.638 3.4807640270592914
88.901 3.580324829931973
93.605 3.580324829931973
93.714 3.748995962314939
95.2 3.748995962314939
95.311 3.689523114355231
96.955 3.689523114355231
97.011 3.526227458087902
99.218 3.526227458087902
99.314 3.525965672990063
101.528 3.525965672990063
101.613 3.3436598101265824
106.669 3.3436598101265824
106.715 3.6166735424121237
111.466 3.6166735424121237
111.512 4.175462601238685
115.71 4.175462601238685
115.806 6.720825863335783
118.528 6.720825863335783
118.807 2.520794101583834
126.131 2.520794101583834
126.406 3.5857245963912634
128.512 3.5857245963912634
128.608 4.9212624472573845
129.793 4.9212624472573845
129.909 4.920508519003932
131.435 4.920508519003932
131.508 5.1792961165048546
134.804 5.1792961165048546
134.909 2.7217755231452125
141.217 2.7217755231452125
141.316 2.914293020041465
147.104 2.914293020041465
147.211 3.3099560606060603
152.491 3.3099560606060603
152.612 3.3822323171946604
157.631 3.3822323171946604
157.911 2.1849619692307694
166.036 2.1849619692307694
166.309 2.3752173374613004
169.539 2.3752173374613004
169.618 2.375721802237678
172.925 2.375721802237678
173.019 2.472410714285714
175.707 2.472410714285714
175.816 2.6002150537634408
178.42 2.6002150537634408
178.515 3.3673118279569896
179.445 3.3673118279569896
