0.02 1.8503918575063611
0.806 1.8503918575063611
0.923 1.8632335329341319
1.591 1.8632335329341319
1.72 1.8741306532663315
2.317 1.8741306532663315
2.421 1.8642518740629686
3.088 1.8642518740629686
3.231 2.126930232558139
4.779 2.126930232558139
4.812 3.0958763285024156
6.882 3.0958763285024156
6.913 2.5715725949591763
9.73 2.5715725949591763
9.817 2.976805614035088
12.667 2.976805614035088
12.714 3.1082751708428247
14.909 3.1082751708428247
15.016 3.099238660449343
17.375 3.099238660449343
17.413 3.306311345646438
19.687 3.306311345646438
19.816 3.224001533448342
25.033 3.224001533448342
25.109 3.1597611726850197
30.703 3.1597611726850197
30.814 3.2435866001425517
36.426 3.2435866001425517
36.508 3.290236259228876
41.384 3.290236259228876
41.516 3.339124297071941
46.673 3.339124297071941
46.711 3.399686711210096
52.099 3.399686711210096
52.213 3.41685939444214
57.035 3.41685939444214
57.112 3.3545709969788517
62.408 3.3545709969788517
62.701 3.2413736614690967
68.024 3.2413736614690967
68.11 3.443381304072589
72.849 3.443381304072589
72.912 3.367843713733075
78.082 3.367843713733075
78.213 3.3423426845058266
80.53 3.3423426845058266
80.612 3.3381384248210026
82.707 3.3381384248210026
82.809 3.4687629164654754
84.88 3.4687629164654754
84.913 3.4643785850860422
87.005 3.4643785850860422
87.11 3.3709557729941295
89.665 3.3709557729941295
89.713 3.3604299168975067
91.518 3.3604299168975067
91.613 3.355922380336352
93.932 3.355922380336352
94.016 3.434442586889573
96.289 3.434442586889573
96.412 3.399465915946109
101.385 3.399465915946109
101.509 3.313308137292711
106.695 3.313308137292711
106.814 3.3852050984936266
111.992 3.3852050984936266
112.111 3.377162266937419
117.528 3.377162266937419
117.614 3.3739576023391815
123.086 3.3739576023391815
123.216 3.233097832233742
128.521 3.233097832233742
128.614 3.2580076368264743
133.328 3.2580076368264743
133.416 3.0482143364088006
139.052 3.0482143364088006
139.302 3.2082240180417214
144.623 3.2082240180417214
144.714 3.39008014571949
146.91 3.39008014571949
147.008 3.303318903318903
149.087 3.303318903318903
149.213 3.2734690618762476
151.718 3.2734690618762476
151.812 3.2839462714219545
153.971 3.2839462714219545
154.016 3.2738554621848737
156.396 3.2738554621848737
156.517 3.254964785744591
158.874 3.254964785744591
158.916 3.239798762886598
161.341 3.239798762886598
161.412 2.578905704307334
163.989 2.578905704307334
164.308 2.5416623912722986
171.091 2.5416623912722986
171.21 3.1259918233851187
174.879 3.1259918233851187
