0.008 5.288756363636364
0.283 5.288756363636364
0.306 5.341802575107296
0.539 5.341802575107296
0.607 5.21653531598513
1.145 5.21653531598513
1.21 5.228786324786325
1.795 5.228786324786325
1.91 5.242815286624204
2.538 5.242815286624204
2.608 4.4443490701001425
6.103 4.4443490701001425
6.206 5.21301117487164
9.517 5.21301117487164
9.607 5.104869322931179
13.196 5.104869322931179
13.306 4.930660269865068
16.641 4.930660269865068
16.707 4.5039211004412145
20.56 4.5039211004412145
20.613 3.8847578194816803
25.089 3.8847578194816803
25.212 4.1174090575275395
29.297 4.1174090575275395
29.408 4.572091050181066
33.274 4.572091050181066
33.5 3.8590222599109603
38.217 3.8590222599109603
38.31 3.777535201318578
42.557 3.777535201318578
42.611 3.952229515721827
46.968 3.952229515721827
47.009 4.399018251681076
51.173 4.399018251681076
51.211 4.558964028776978
54.825 4.558964028776978
54.908 4.649517927244177
58.729 4.649517927244177
58.809 4.226808427241548
62.891 4.226808427241548
63.007 4.747798661623508
66.444 4.747798661623508
66.509 4.515495850622407
70.365 4.515495850622407
70.601 4.317795918367347
74.717 4.317795918367347
74.811 4.354886817576564
78.566 4.354886817576564
78.607 4.4628367346938775
82.527 4.4628367346938775
82.611 4.462598834128245
86.385 4.462598834128245
86.509 4.461057728119181
90.805 4.461057728119181
90.908 4.64011294117647
94.308 4.64011294117647
94.407 4.6203766233766235
98.103 4.6203766233766235
98.208 4.583828435266084
101.985 4.583828435266084
102.108 4.583932754880694
105.796 4.583932754880694
106.104 4.188887372013651
110.206 4.188887372013651
110.31 4.228852110977081
114.455 4.228852110977081
114.509 4.428488985717744
118.64 4.428488985717744
118.711 4.231559935823975
123.074 4.231559935823975
123.11 4.056666035950804
127.338 4.056666035950804
127.41 3.6497737642585553
131.618 3.6497737642585553
131.713 3.584338827456708
136.506 3.584338827456708
136.616 3.272179413456009
141.833 3.272179413456009
141.913 3.3125525757283425
147.096 3.3125525757283425
147.404 3.3715626624025585
152.407 3.3715626624025585
152.516 3.835945566286216
157.072 3.835945566286216
157.111 4.172916420845624
161.179 4.172916420845624
161.309 4.252171497005988
165.484 4.252171497005988
165.612 4.130126336248785
169.728 4.130126336248785
169.809 4.114479853479854
174.177 4.114479853479854
174.211 3.93704391468005
178.196 3.93704391468005
178.311 3.928023695602643
182.7 3.928023695602643
182.815 4.240023659889094
185.52 4.240023659889094
