0.011 4.179333333333333
0.359 4.179333333333333
0.411 4.162675585284281
0.71 4.162675585284281
0.812 4.1272
1.492 4.1272
1.611 4.111344086021505
2.355 4.111344086021505
2.412 4.1039588265568705
4.355 4.1039588265568705
4.408 4.09486517571885
5.973 4.09486517571885
6.008 4.101993204983012
7.774 4.101993204983012
7.81 4.122398445092323
9.868 4.122398445092323
9.909 4.531207495177735
13.538 4.531207495177735
13.608 4.557144957983193
17.416 4.557144957983193
17.509 4.45507968229567
21.412 4.45507968229567
21.508 4.863972238288028
24.966 4.863972238288028
25.008 5.271608708619147
28.361 5.271608708619147
28.408 5.34282594658057
31.815 5.34282594658057
31.909 4.4901181080324655
35.482 4.4901181080324655
35.507 4.489015641293014
39.343 4.489015641293014
39.601 3.3971646884272997
44.993 3.3971646884272997
45.116 3.6219160255001097
49.665 3.6219160255001097
49.713 3.9488348521893752
54.212 3.9488348521893752
54.313 4.885003397508493
57.845 4.885003397508493
57.906 5.494338047138047
60.876 5.494338047138047
60.905 5.836993630573248
63.888 5.836993630573248
64.006 5.8789440952696
67.029 5.8789440952696
67.107 5.150425196850394
70.282 5.150425196850394
70.307 5.145388235294117
73.707 5.145388235294117
74.001 4.48637400106553
77.755 4.48637400106553
77.809 4.332964955912276
82.232 4.332964955912276
82.31 4.4730320385596825
85.837 4.4730320385596825
85.908 4.763434309623431
89.493 4.763434309623431
89.609 4.787920353982301
93.225 4.787920353982301
93.307 4.950378916544656
96.722 4.950378916544656
96.807 4.946118595279216
100.281 4.946118595279216
100.308 5.229293556085919
103.66 5.229293556085919
103.708 5.266001151410478
107.182 5.266001151410478
107.4 5.268920091324201
110.904 5.268920091324201
111.008 5.316672039677619
114.234 5.316672039677619
114.308 5.4461872340425534
117.128 5.4461872340425534
117.209 4.6990525164113786
120.865 4.6990525164113786
120.91 4.876023993144816
124.411 4.876023993144816
124.509 4.964997108155003
127.967 4.964997108155003
128.008 5.130148418491484
131.296 5.130148418491484
131.409 5.229374027528427
134.751 5.229374027528427
134.807 5.652821844821845
137.81 5.652821844821845
138.1 6.153489081455806
140.985 6.153489081455806
141.113 3.712513649268399
145.692 3.712513649268399
145.813 5.784373350498873
148.92 5.784373350498873
149.006 6.564485355648536
151.396 6.564485355648536
151.506 6.31505347985348
154.236 6.31505347985348
154.307 6.333110988404196
156.118 6.333110988404196
