0.007 5.139250883392227
0.29 5.139250883392227
0.411 5.207698744769875
0.65 5.207698744769875
0.71 5.093459165154265
1.261 5.093459165154265
1.307 5.089584026622296
1.908 5.089584026622296
2.009 5.070866019417475
3.039 5.070866019417475
3.109 5.065979446640316
4.374 5.065979446640316
4.408 4.927972789115646
5.878 4.927972789115646
5.911 4.758798961038961
9.761 4.758798961038961
9.809 4.752529479768786
13.269 4.752529479768786
13.307 4.796464344941957
16.925 4.796464344941957
17.007 4.761274917853231
20.659 4.761274917853231
20.708 4.694283003070053
24.291 4.694283003070053
24.408 4.703486961149548
28.166 4.703486961149548
28.209 4.710923395445135
32.073 4.710923395445135
32.109 4.784727706531465
35.462 4.784727706531465
35.7 4.728133992311917
39.342 4.728133992311917
39.408 4.74669914485618
43.267 4.74669914485618
43.309 4.7798363794604
46.756 4.7798363794604
46.809 4.8237328265001365
50.492 4.8237328265001365
50.608 4.794062795220894
54.207 4.794062795220894
54.308 4.778384773060029
57.723 4.778384773060029
57.809 4.763817236662106
61.464 4.763817236662106
61.51 4.706580508474576
65.286 4.706580508474576
65.409 4.699022988505747
68.889 4.699022988505747
69.201 4.734592692828146
72.896 4.734592692828146
73.007 4.764313437057992
76.542 4.764313437057992
76.608 4.814042702838483
80.589 4.814042702838483
80.708 4.812807809640024
83.986 4.812807809640024
84.109 4.834912797281993
87.641 4.834912797281993
87.706 4.769454545454545
91.336 4.769454545454545
91.409 4.7688417489421715
94.954 4.7688417489421715
95.008 4.783634743875278
98.6 4.783634743875278
98.708 4.803670046588107
102.357 4.803670046588107
102.601 4.785270206643997
106.424 4.785270206643997
106.508 4.7656933402168296
110.382 4.7656933402168296
110.509 4.704219418540867
114.155 4.704219418540867
114.208 4.72561476923077
117.458 4.72561476923077
117.509 4.754978134514253
121.122 4.754978134514253
121.208 4.69240241891149
124.846 4.69240241891149
124.91 4.31706311289917
128.887 4.31706311289917
129.009 4.316255885363358
132.917 4.316255885363358
133.01 4.650497072911123
136.768 4.650497072911123
137.002 4.719328329163192
140.599 4.719328329163192
140.709 4.764577563070317
144.435 4.764577563070317
144.509 4.722111111111111
148.109 4.722111111111111
148.211 4.751995769434162
151.993 4.751995769434162
152.108 4.780353443022547
155.39 4.780353443022547
155.509 4.8129804578447795
159.091 4.8129804578447795
159.211 4.762983388704319
161.619 4.762983388704319
