0.008 4.930196610169491
0.303 4.930196610169491
0.409 4.99855421686747
0.658 4.99855421686747
0.707 4.950690265486726
0.933 4.950690265486726
1.009 4.886325878594249
1.635 4.886325878594249
1.71 4.8681269841269845
3.348 4.8681269841269845
3.41 4.904641616671929
6.577 4.904641616671929
6.607 4.782565807702965
10.216 4.782565807702965
10.308 4.489432982112227
14.389 4.489432982112227
14.506 4.403790037493305
18.24 4.403790037493305
18.31 4.772719471947195
21.946 4.772719471947195
22.009 4.775659434221367
25.65 4.775659434221367
25.709 4.6955935231714125
29.291 4.6955935231714125
29.409 4.773347015933028
33.112 4.773347015933028
33.401 4.703619638242895
37.271 4.703619638242895
37.307 4.7790265117664585
40.664 4.7790265117664585
40.709 4.872627051499717
44.243 4.872627051499717
44.309 4.729540924348051
48.182 4.729540924348051
48.309 4.663485989244268
51.842 4.663485989244268
51.908 4.94318530884808
55.502 4.94318530884808
55.608 4.780779163203103
59.217 4.780779163203103
59.311 3.259725129844187
64.317 3.259725129844187
64.409 3.5974694214876033
69.249 3.5974694214876033
69.501 4.774865126276196
73.223 4.774865126276196
73.307 4.813835737415366
76.704 4.813835737415366
76.81 4.862234574763757
80.408 4.862234574763757
80.508 4.749534122955442
84.054 4.749534122955442
84.11 4.739046488625124
88.154 4.739046488625124
88.208 4.858757006467508
91.455 4.858757006467508
91.508 4.8049836803601575
95.062 4.8049836803601575
95.109 4.892093811811247
98.648 4.892093811811247
98.709 4.84122107674685
102.201 4.84122107674685
102.501 4.801010338083263
106.08 4.801010338083263
106.108 4.873114261884904
109.705 4.873114261884904
109.809 4.949699134199134
113.505 4.949699134199134
113.609 4.735136188766351
117.508 4.735136188766351
117.61 4.8423444381705245
121.152 4.8423444381705245
121.21 4.625978313253012
124.53 4.625978313253012
124.609 4.6095347464448615
128.336 4.6095347464448615
128.41 4.6063032919589855
132.116 4.6063032919589855
132.209 4.594316296494514
135.946 4.594316296494514
136.203 4.735521617069062
139.765 4.735521617069062
139.808 4.833121681415929
143.424 4.833121681415929
143.509 4.7101620421753605
147.113 4.7101620421753605
147.211 4.4194214588001
151.228 4.4194214588001
151.313 3.7084642233856893
155.897 3.7084642233856893
156.009 3.1299282479972135
161.751 3.1299282479972135
161.816 3.8510358370152185
165.89 3.8510358370152185
166.009 4.695015250544662
169.681 4.695015250544662
169.71 4.494225705329153
172.262 4.494225705329153
