0.013 3.217716814159292
0.465 3.217716814159292
0.518 3.224455958549223
0.904 3.224455958549223
1.018 3.167602708803612
1.904 3.167602708803612
2.014 1.5083037475345167
4.042 1.5083037475345167
4.158 0.8113573188762938
8.216 0.8113573188762938
8.384 1.1354472005669738
14.028 1.1354472005669738
14.126 1.1987622042032102
20.169 1.1987622042032102
20.241 1.1589933333333333
21.441 1.1589933333333333
21.545 1.167163601161665
22.578 1.167163601161665
22.645 1.1831879331430901
25.098 1.1831879331430901
25.233 1.4694539781591263
27.156 1.4694539781591263
27.227 1.9788147748719331
30.936 1.9788147748719331
31.013 1.7389366391184573
35.369 1.7389366391184573
35.611 2.086995217719607
39.584 2.086995217719607
39.62 1.9355265017667844
43.016 1.9355265017667844
43.127 1.7207269338303819
47.419 1.7207269338303819
47.517 1.7343781116842343
51.976 1.7343781116842343
52.023 1.910925566343042
55.731 1.910925566343042
55.824 1.8746533807829182
60.039 1.8746533807829182
60.132 1.8828127388535032
64.057 1.8828127388535032
64.123 2.2158533706119914
67.342 2.2158533706119914
67.419 1.9746377260981913
71.289 1.9746377260981913
71.609 2.2696975381008206
75.021 2.2696975381008206
75.12 0.9737399053188527
82.302 0.9737399053188527
82.414 1.0138029918148461
89.5 1.0138029918148461
89.654 2.418244911578245
92.651 2.418244911578245
92.725 2.3642031292890473
96.368 2.3642031292890473
96.426 1.1514001518602885
101.694 1.1514001518602885
101.812 7.837244712990937
102.805 7.837244712990937
102.918 2.9402967984934083
105.573 2.9402967984934083
105.624 2.0839343871160154
108.977 2.0839343871160154
109.023 1.3087764609726196
111.47 1.3087764609726196
111.554 0.9260681458003169
116.602 0.9260681458003169
116.767 0.7027012765957448
121.467 0.7027012765957448
121.568 1.7266403029028186
126.322 1.7266403029028186
126.431 1.0023275816299442
133.965 1.0023275816299442
134.021 1.7116806574699148
137.428 1.7116806574699148
137.529 1.3647211922937112
143.031 1.3647211922937112
143.14 1.5325790172642761
143.893 1.5325790172642761
144.21 2.033467794404684
145.747 2.033467794404684
146.009 2.525184855233853
147.805 2.525184855233853
147.926 1.6655683219733852
151.007 1.6655683219733852
151.315 1.6596535580524343
155.587 1.6596535580524343
155.727 1.7357487190911116
160.216 1.7357487190911116
160.325 1.5920215812409213
165.144 1.5920215812409213
165.246 1.4964784761904761
170.496 1.4964784761904761
170.633 0.8754893953365828
178.224 0.8754893953365828
178.354 1.478698405765451
182.933 1.478698405765451
183.028 1.7239294710327455
185.807 1.7239294710327455
