0.056 0.8193847887323943
1.831 0.8193847887323943
1.966 0.8259057730590578
3.473 0.8259057730590578
3.562 0.8220837619397502
4.923 0.8220837619397502
5.057 0.8245729442970823
6.565 0.8245729442970823
6.653 0.8551576193590582
8.182 0.8551576193590582
8.241 0.9576417061611374
9.296 0.9576417061611374
9.453 0.8428591065292096
10.908 0.8428591065292096
11.062 1.0427239117471674
14.416 1.0427239117471674
14.547 1.0814176573149468
20.856 1.0814176573149468
20.941 1.3680958083832335
26.285 1.3680958083832335
26.311 1.7452534818941503
30.619 1.7452534818941503
30.738 1.3985182926829267
35.986 1.3985182926829267
36.039 1.4483380497131932
41.269 1.4483380497131932
41.331 1.859527248261942
45.79 1.859527248261942
45.928 1.1537735650342287
51.625 1.1537735650342287
51.74 0.8142624035281146
60.81 0.8142624035281146
60.925 2.5512711111111113
61.375 2.5512711111111113
61.418 2.547416490486258
61.891 2.547416490486258
62.038 1.1525017421602788
63.186 1.1525017421602788
63.238 1.1304206285253826
65.72 1.1304206285253826
65.839 1.1729044006069802
68.475 1.1729044006069802
68.532 1.4423588818755637
70.75 1.4423588818755637
70.833 0.8922926604447518
79.512 0.8922926604447518
79.639 1.309380265867815
84.98 1.309380265867815
85.033 1.0615942071819122
91.8 1.0615942071819122
91.949 0.9859919935948759
93.198 0.9859919935948759
93.348 0.979278600269179
94.834 0.979278600269179
94.949 0.9902449888641426
95.847 0.9902449888641426
95.962 0.634290693069307
101.012 0.634290693069307
101.143 1.051892317793828
104.189 1.051892317793828
104.333 1.5763168316831684
106.151 1.5763168316831684
106.226 0.8524290657439446
109.983 0.8524290657439446
110.069 1.177531348744387
116.082 1.177531348744387
116.13 1.322470381606259
122.393 1.322470381606259
122.573 0.9680915202264418
131.052 0.9680915202264418
131.146 1.0777691659646167
132.333 1.0777691659646167
132.624 0.9491914264597192
135.33 0.9491914264597192
135.465 0.7660275423728814
139.241 0.7660275423728814
139.336 1.3837314148681055
140.17 1.3837314148681055
140.231 1.369005694261936
142.514 1.369005694261936
142.645 1.433385587863464
145.809 1.433385587863464
145.927 1.3740013404825737
151.895 1.3740013404825737
152.031 0.977936551724138
159.281 0.977936551724138
159.331 1.284076466710613
165.399 1.284076466710613
165.535 1.167014298752662
172.109 1.167014298752662
172.278 0.727252800148107
183.081 0.727252800148107
183.128 1.754475279106858
183.755 1.754475279106858
183.826 1.7100505415162455
184.38 1.7100505415162455
184.431 1.6701729200652529
185.657 1.6701729200652529
