0.051 0.8917277743715512
1.682 0.8917277743715512
1.749 0.8973612112472963
3.136 0.8973612112472963
3.259 0.8972381716118685
4.506 0.8972381716118685
4.655 0.8971544011544011
6.041 0.8971544011544011
6.15 0.8919072305593452
7.616 0.8919072305593452
7.752 0.8988540925266904
8.876 0.8988540925266904
8.958 0.8938483965014578
10.33 0.8938483965014578
10.466 1.1542231023102312
13.496 1.1542231023102312
13.645 1.2393576748410535
19.15 1.2393576748410535
19.235 1.4273924248340493
24.357 1.4273924248340493
24.417 2.1444814603536795
27.923 2.1444814603536795
28.03 1.7326307837582626
32.266 1.7326307837582626
32.322 1.864797636632201
36.384 1.864797636632201
36.42 1.1908131552491743
43.383 1.1908131552491743
43.444 1.235767625493514
48.763 1.235767625493514
48.836 1.1536019993751951
55.238 1.1536019993751951
55.352 1.0424875406283856
58.121 1.0424875406283856
58.248 0.8225809147898769
66.862 0.8225809147898769
66.973 0.7586422018348624
68.717 0.7586422018348624
68.861 0.7579340954942838
70.348 0.7579340954942838
70.461 0.761695652173913
72.117 0.761695652173913
72.265 0.8219375
73.801 0.8219375
73.964 0.8087607547169812
77.939 0.8087607547169812
78.06 0.7689279824079165
87.155 0.7689279824079165
87.269 0.73377
88.869 0.73377
88.968 0.7378693828639904
90.637 0.7378693828639904
90.935 0.7331022670025189
92.92 0.7331022670025189
93.071 0.8084
94.171 0.8084
94.24 1.2276123876123877
95.241 1.2276123876123877
95.341 1.1806545674531155
101.953 1.1806545674531155
102.048 1.035788911947821
108.794 1.035788911947821
108.943 0.987663174233605
116.674 0.987663174233605
116.745 0.691860074262263
126.979 0.691860074262263
127.07 0.6587163727959697
129.055 0.6587163727959697
129.184 0.6611170506912443
131.354 0.6611170506912443
131.649 0.6933940379403793
133.494 0.6933940379403793
133.669 0.7042675585284282
135.164 0.7042675585284282
135.269 0.6898449797281183
139.462 0.6898449797281183
139.567 0.69006292749658
143.953 0.69006292749658
144.067 1.1024479717813052
146.902 1.1024479717813052
147.056 1.0973220421001693
151.189 1.0973220421001693
151.341 1.9472904298266445
155.552 1.9472904298266445
155.618 1.5950596175478065
160.063 1.5950596175478065
160.131 1.4946817571455977
165.344 1.4946817571455977
165.43 1.514101440694691
170.497 1.514101440694691
170.621 1.9975875921688278
174.554 1.9975875921688278
174.623 2.0866059654631086
177.808 2.0866059654631086
177.917 2.1515602160788054
181.064 2.1515602160788054
181.124 1.794307116104869
183.794 1.794307116104869
