0.018 2.4567702702702703
0.61 2.4567702702702703
0.723 2.494268537074148
1.222 2.494268537074148
1.32 2.459024175824176
1.775 2.459024175824176
1.818 2.4918957915831665
2.317 2.4918957915831665
2.426 2.5191185921958685
3.733 2.5191185921958685
3.819 3.6787967853042476
5.561 3.6787967853042476
5.62 2.6048615605897156
8.401 2.6048615605897156
8.518 2.2379045106831974
12.309 2.2379045106831974
12.418 2.709556791104051
14.936 2.709556791104051
15.012 3.2755842293906814
17.244 3.2755842293906814
17.311 3.124917705735661
19.717 3.124917705735661
19.814 3.216224364592463
22.096 3.216224364592463
22.217 3.2672280961183
27.627 3.2672280961183
27.714 3.1265901751975265
33.536 3.1265901751975265
33.615 3.3360765231856937
38.424 3.3360765231856937
38.516 3.6960429276668814
43.175 3.6960429276668814
43.21 4.016998245614035
47.77 4.016998245614035
47.811 4.078241584158416
51.851 4.078241584158416
51.913 4.343718337408314
56.003 4.343718337408314
56.11 5.715081815170586
59.129 5.715081815170586
59.399 7.340613585245165
61.622 7.340613585245165
61.71 7.13304055714871
64.151 7.13304055714871
64.21 7.218541023558083
66.672 7.218541023558083
66.709 6.9674478057094165
69.056 6.9674478057094165
69.108 5.902267206477733
72.072 5.902267206477733
72.11 5.452200712204597
75.199 5.452200712204597
75.309 3.877140198260166
80.252 3.877140198260166
80.317 3.1775194360523664
85.282 3.1775194360523664
85.411 4.615381621621622
89.111 4.615381621621622
89.402 4.526305882352941
93.227 4.526305882352941
93.312 5.0645727980826845
96.65 5.0645727980826845
96.71 5.731426284189459
99.708 5.731426284189459
99.81 6.8471062499999995
102.37 6.8471062499999995
102.408 7.014604294478528
105.016 7.014604294478528
105.109 6.988
107.751 6.988
107.81 4.623068463611859
111.52 4.623068463611859
111.616 3.365085013146363
116.18 3.365085013146363
116.318 2.118601060550006
124.427 2.118601060550006
124.709 4.547405434203516
128.463 4.547405434203516
128.514 4.043560998586906
132.76 4.043560998586906
132.816 3.7534330218068535
137.31 3.7534330218068535
137.411 4.597886871875822
141.212 4.597886871875822
141.314 4.052380997851516
145.503 4.052380997851516
145.615 3.7900973526900086
150.299 3.7900973526900086
150.419 3.4053685897435897
155.411 3.4053685897435897
155.519 2.653484128155913
162.292 2.653484128155913
162.422 2.0431201979424403
170.101 2.0431201979424403
170.409 2.2934809099374753
177.926 2.2934809099374753
178.026 2.3302039821210894
182.948 2.3302039821210894
