0.014 2.703360594795539
0.552 2.703360594795539
0.647 4.02095643939394
4.871 4.02095643939394
4.91 3.2798436810589346
8.083 3.2798436810589346
8.208 4.526329735764794
10.895 4.526329735764794
11.018 3.2300507111935683
12.635 3.2300507111935683
12.708 4.622029259084473
14.827 4.622029259084473
14.909 4.25727251820621
17.518 4.25727251820621
17.608 4.102050062578223
20.804 4.102050062578223
20.904 6.436475471698113
21.964 6.436475471698113
22.002 5.825580876494024
23.257 5.825580876494024
23.308 4.349218609304652
27.306 4.349218609304652
27.599 4.573033170201196
31.277 4.573033170201196
31.408 4.845313596491228
35.056 4.845313596491228
35.11 5.169840386253905
38.631 5.169840386253905
38.709 5.367411174305788
41.698 5.367411174305788
41.81 5.621894874306236
44.873 5.621894874306236
44.908 5.357564200058497
48.327 5.357564200058497
48.408 5.195867549668874
51.579 5.195867549668874
51.706 5.267064334420398
55.079 5.267064334420398
55.207 5.181330930930931
58.537 5.181330930930931
58.799 5.525968167964782
61.752 5.525968167964782
61.805 5.310079902409271
65.084 5.310079902409271
65.207 3.0747487889273355
70.987 3.0747487889273355
71.116 3.6697935368043084
75.572 3.6697935368043084
75.605 4.8048118648722875
79.246 4.8048118648722875
79.309 5.07284578313253
82.629 5.07284578313253
82.71 5.144886979865771
86.435 5.144886979865771
86.508 5.757804379562044
89.248 5.757804379562044
89.308 2.712343074968234
95.604 2.712343074968234
95.904 3.1432679738562093
101.412 3.1432679738562093
101.511 4.709065181058496
105.101 4.709065181058496
105.207 4.688353615279673
108.872 4.688353615279673
108.911 4.479578839764887
112.824 4.479578839764887
112.906 4.792792245218759
116.723 4.792792245218759
116.809 5.554240673886883
120.133 5.554240673886883
120.208 6.062772711205373
123.037 6.062772711205373
123.107 5.3869687828832
125.958 5.3869687828832
126.007 5.590542141230069
129.08 5.590542141230069
129.398 4.564427807486631
133.138 4.564427807486631
133.208 4.684572987721692
136.873 4.684572987721692
136.912 4.787944365597502
140.435 4.787944365597502
140.508 5.404009894867038
143.742 5.404009894867038
143.807 4.595404439631835
147.501 4.595404439631835
147.612 4.245054041128647
151.794 4.245054041128647
151.91 4.6676551345414605
155.552 4.6676551345414605
155.61 5.1837461782520915
159.077 5.1837461782520915
159.207 4.383660240290584
162.786 4.383660240290584
163.098 3.6233913408995377
167.856 3.6233913408995377
167.907 4.118227648114901
170.692 4.118227648114901
