0.027 1.6214136008918618
0.924 1.6214136008918618
1.036 1.6050905432595572
3.024 1.6050905432595572
3.127 1.6073860252004581
4.873 1.6073860252004581
4.932 1.6048873010717766
8.011 1.6048873010717766
8.129 1.7663145079472438
11.086 1.7663145079472438
11.223 2.2463680518078792
13.076 2.2463680518078792
13.124 2.8319468334636437
15.682 2.8319468334636437
15.711 2.9275003450655626
18.609 2.9275003450655626
18.718 2.438407433881344
21.516 2.438407433881344
21.612 3.772499484004128
23.55 3.772499484004128
23.609 5.206753462603878
25.053 5.206753462603878
25.107 5.774527143981118
26.378 5.774527143981118
26.409 3.7385160744500845
31.137 3.7385160744500845
31.211 5.271650159281784
34.664 5.271650159281784
34.705 4.281609821190285
38.452 4.281609821190285
38.509 5.401462986198243
41.697 5.401462986198243
41.807 8.904964511424405
43.864 8.904964511424405
43.905 7.176
46.201 7.176
46.308 6.311121847246892
49.123 6.311121847246892
49.207 5.491353278166772
52.349 5.491353278166772
52.6 5.2184790534058205
55.727 5.2184790534058205
55.805 5.244503614457832
59.125 5.244503614457832
59.208 5.779527804878049
62.283 5.779527804878049
62.406 5.721693491952415
65.264 5.721693491952415
65.31 5.551989844493812
68.461 5.551989844493812
68.506 5.999945849661561
71.313 5.999945849661561
71.408 6.437589519650655
74.385 6.437589519650655
74.507 3.4416195462478187
79.091 3.4416195462478187
79.213 3.652034217279726
83.889 3.652034217279726
84.199 8.516045253320216
86.232 8.516045253320216
86.303 6.794832797427652
88.791 6.794832797427652
88.906 5.195892349561536
92.213 5.195892349561536
92.31 5.355512373968836
95.583 5.355512373968836
95.707 6.13483836351442
98.689 6.13483836351442
98.804 5.990362102530824
101.886 5.990362102530824
102.008 4.570099653610445
105.761 4.570099653610445
105.81 3.8666283987915406
109.782 3.8666283987915406
109.911 6.2562767662053895
112.657 6.2562767662053895
112.9 6.296923644411656
115.611 6.296923644411656
115.707 6.155955539619936
118.496 6.155955539619936
118.607 5.7826287281453554
121.524 5.7826287281453554
121.607 4.15613983353151
125.812 4.15613983353151
125.92 1.2838771744062927
139.142 1.2838771744062927
139.218 2.8500266495424627
145.447 2.8500266495424627
145.524 3.2038447041085565
150.83 3.2038447041085565
150.907 5.307751919669227
154.293 5.307751919669227
154.411 3.7002641509433962
158.651 3.7002641509433962
158.9 5.12945432906873
162.261 5.12945432906873
162.309 4.170641454545454
165.059 4.170641454545454
