0.134 0.30522728226652673
4.899 0.30522728226652673
5.177 0.31366935483870967
9.145 0.31366935483870967
9.364 0.35655066921606116
12.502 0.35655066921606116
12.74 0.3698560380725759
16.102 0.3698560380725759
16.328 0.37855703532136653
19.782 0.37855703532136653
19.943 0.36980673499267935
22.675 0.36980673499267935
22.844 0.3545417750795028
26.303 0.3545417750795028
26.532 0.3653249277646441
30.339 0.3653249277646441
30.535 0.3402031602708803
34.079 0.3402031602708803
34.26 0.3466791277258567
37.47 0.3466791277258567
37.631 0.36997717639387023
40.698 0.36997717639387023
41.086 0.35989167386920196
44.557 0.35989167386920196
44.763 0.354945625172509
48.386 0.354945625172509
48.558 0.35385190651906523
52.623 0.35385190651906523
52.857 0.3571590691743704
55.994 0.3571590691743704
56.229 0.3456744767260231
59.43 0.3456744767260231
59.637 0.350235509456986
62.915 0.350235509456986
63.157 0.35304072663346026
66.57 0.35304072663346026
66.741 0.3516937799043062
70.503 0.3516937799043062
70.745 0.34382184258694326
74.023 0.34382184258694326
74.401 0.3309808449225925
78.212 0.3309808449225925
78.491 0.31994323365433347
82.437 0.31994323365433347
82.634 0.3681684446939921
86.196 0.3681684446939921
86.471 0.36129658792650915
89.519 0.36129658792650915
89.765 0.34288317757009346
93.189 0.34288317757009346
93.442 0.36959903961584634
96.774 0.36959903961584634
96.938 0.3640750562922192
100.935 0.3640750562922192
101.14 0.357411575562701
103.628 0.357411575562701
103.834 0.35515606936416183
107.294 0.35515606936416183
107.674 0.344675339693553
111.133 0.344675339693553
111.358 0.3433391494002181
115.026 0.3433391494002181
115.236 0.3445184577522559
118.893 0.3445184577522559
119.159 0.3670433673469388
122.295 0.3670433673469388
122.533 0.3633098082800778
126.132 0.3633098082800778
126.37 0.34329361091170135
130.549 0.34329361091170135
130.756 0.35320596355604633
134.378 0.35320596355604633
134.544 0.35861035422343324
137.48 0.35861035422343324
137.648 0.35828385698808235
140.417 0.35828385698808235
140.785 0.3569539127745128
144.018 0.3569539127745128
144.252 0.3562731591448931
147.62 0.3562731591448931
147.853 0.3569794933655006
151.169 0.3569794933655006
151.389 0.34599324894514766
175.089 0.34599324894514766
175.362 0.35865390552639703
178.601 0.35865390552639703
178.832 0.3654549310710498
182.604 0.3654549310710498
182.834 0.3525593667546174
186.624 0.3525593667546174
186.871 0.3441311475409836
190.592 0.3441311475409836
190.839 0.35577490297542047
193.931 0.35577490297542047
194.274 0.35628732606242947
196.933 0.35628732606242947
197.14 0.35712127236580515
199.655 0.35712127236580515
