0.013 3.729251282051282
0.403 3.729251282051282
0.511 3.7376576576576577
0.844 3.7376576576576577
0.912 3.741993311036789
1.211 3.741993311036789
1.312 3.667673860911271
2.146 3.667673860911271
2.214 3.6652575438596493
3.639 3.6652575438596493
3.71 3.682820809248555
4.402 3.682820809248555
4.53 3.6781434159061277
5.297 3.6781434159061277
5.415 3.6521291433491174
7.738 3.6521291433491174
7.815 3.2542552938848206
12.868 3.2542552938848206
12.914 3.490969221484611
17.885 3.490969221484611
18.014 3.4811163163163164
23.009 3.4811163163163164
23.114 3.3545305145592343
28.128 3.3545305145592343
28.215 3.5365554221688678
33.213 3.5365554221688678
33.313 3.568517545579298
38.414 3.568517545579298
38.512 3.4635561312607948
43.144 3.4635561312607948
43.215 3.4907488343807014
48.148 3.4907488343807014
48.403 3.5017228063467787
53.634 3.5017228063467787
53.714 3.5152754427138895
58.401 3.5152754427138895
58.518 3.5541179190751446
61.978 3.5541179190751446
62.017 3.6172491434165446
64.06 3.6172491434165446
64.111 3.61181584772023
68.629 3.61181584772023
68.713 3.6579310924369746
73.473 3.6579310924369746
73.613 3.6917424179476526
78.427 3.6917424179476526
78.516 3.7609475620975164
82.864 3.7609475620975164
82.911 3.553589274832419
87.834 3.553589274832419
87.916 3.433955349376631
91.365 3.433955349376631
91.417 3.4561765650080254
93.909 3.4561765650080254
94.204 3.7212122699386505
95.834 3.7212122699386505
95.91 3.718291447682752
98.003 3.718291447682752
98.11 3.720918970448046
100.208 3.720918970448046
100.311 3.702931637519873
102.198 3.702931637519873
102.313 3.623931656383484
104.42 3.623931656383484
104.517 3.6119085101998762
109.37 3.6119085101998762
109.414 3.724366449511401
114.326 3.724366449511401
114.414 3.74336901865369
119.346 3.74336901865369
119.413 3.7670951021304635
123.966 3.7670951021304635
124.014 3.7679705593719333
128.09 3.7679705593719333
128.212 3.7666599429949574
132.773 3.7666599429949574
132.812 3.682260569456428
137.448 3.682260569456428
137.517 3.6607590618336885
142.207 3.6607590618336885
142.501 3.7517633451957293
146.997 3.7517633451957293
147.113 3.7713785066896848
151.747 3.7713785066896848
151.817 3.7925433422698838
156.293 3.7925433422698838
156.414 3.7476917880515095
161.151 3.7476917880515095
161.211 3.7361758241758243
165.761 3.7361758241758243
165.812 3.9867009760425907
170.32 3.9867009760425907
170.417 3.835032999266683
174.508 3.835032999266683
174.616 3.626440050483803
179.37 3.626440050483803
179.414 3.702151065203357
182.512 3.702151065203357
