0.022 2.0228205841446454
0.741 2.0228205841446454
0.831 2.0043467336683416
2.423 2.0043467336683416
2.53 2.0092040057224607
6.025 2.0092040057224607
6.123 2.060780568589567
9.746 2.060780568589567
9.818 2.0321080530071356
13.742 2.0321080530071356
13.819 2.125527031509121
16.834 2.125527031509121
16.918 2.132377928949358
18.241 2.132377928949358
18.32 2.1642591836734697
22.24 2.1642591836734697
22.32 2.201569538560826
25.419 2.201569538560826
25.521 2.2021397590361445
28.841 2.2021397590361445
28.92 2.202915909756812
32.333 2.202915909756812
32.61 2.204031231231231
35.94 2.204031231231231
36.02 2.203260034904014
39.458 2.203260034904014
39.524 2.19645880794702
43.299 2.19645880794702
43.417 2.1779483101391652
46.435 2.1779483101391652
46.518 2.16643003813435
49.927 2.16643003813435
50.02 2.16687923788176
53.589 2.16687923788176
53.72 1.9622575463860426
57.331 1.9622575463860426
57.422 2.0454734662179654
61.285 2.0454734662179654
61.323 1.4878276625729816
66.29 1.4878276625729816
66.617 1.7154478114478116
70.775 1.7154478114478116
70.818 2.161156108597285
74.354 2.161156108597285
74.419 2.156560289612921
78.01 2.156560289612921
78.119 2.180667290302463
81.326 2.180667290302463
81.417 2.1895178299298994
84.698 2.1895178299298994
84.821 2.1889096949562066
88.132 2.1889096949562066
88.222 2.189321809862735
92.156 2.189321809862735
92.219 2.1913208092485545
94.987 2.1913208092485545
95.018 2.190369828314101
98.571 2.190369828314101
98.811 2.140523169728544
102.458 2.140523169728544
102.518 2.119973300970874
105.814 2.119973300970874
105.918 2.1466471745853246
109.475 2.1466471745853246
109.517 2.1880395550061804
112.753 2.1880395550061804
112.817 2.1871222603644047
116.604 2.1871222603644047
116.717 2.180777895855473
120.481 2.180777895855473
120.518 2.1774901960784314
123.986 2.1774901960784314
124.018 2.1784445274561075
126.695 2.1784445274561075
126.82 1.1699432845123092
133.238 1.1699432845123092
133.508 2.082303065024348
136.999 2.082303065024348
137.123 2.151623121387283
140.583 2.151623121387283
140.619 2.1962264150943396
143.746 2.1962264150943396
143.823 2.10852147081512
147.712 2.10852147081512
147.818 1.9787998883617082
151.401 1.9787998883617082
151.522 1.99994250513347
155.418 1.99994250513347
155.521 2.0684691291453223
159.23 2.0684691291453223
159.32 2.0332587991718425
163.184 2.0332587991718425
163.221 2.1266688
166.346 2.1266688
166.609 2.124556008785692
169.796 2.124556008785692
169.92 2.2067250115154304
172.091 2.2067250115154304
