0.015 3.1143640256959317
0.482 3.1143640256959317
0.516 3.1115999999999997
0.916 3.1115999999999997
1.021 3.077298245614035
1.933 3.077298245614035
2.017 3.067464256368118
4.451 3.067464256368118
4.511 3.06692
7.111 3.06692
7.214 3.1230331384015595
9.266 3.1230331384015595
9.314 2.84641257367387
11.859 2.84641257367387
11.917 2.4309157593123207
15.407 2.4309157593123207
15.517 2.0788129189518587
18.799 2.0788129189518587
18.915 3.068025178346622
21.298 3.068025178346622
21.413 3.0122403846153847
23.909 3.0122403846153847
24.202 3.064477661795407
26.597 3.064477661795407
26.712 3.0094588796185935
29.229 3.0094588796185935
29.316 2.966594633273703
32.111 2.966594633273703
32.215 2.9648389715832204
34.432 2.9648389715832204
34.515 3.0746711074104915
36.917 3.0746711074104915
37.017 3.0640221870047544
39.541 3.0640221870047544
39.62 2.9495338345864663
45.206 2.9495338345864663
45.316 2.937954026790144
51.363 2.937954026790144
51.414 2.8523445197553317
57.463 2.8523445197553317
57.516 2.8139651664080017
63.315 2.8139651664080017
63.417 3.0061726519337015
69.209 3.0061726519337015
69.317 2.920632374691865
75.402 2.920632374691865
75.519 3.085978486506888
80.818 3.085978486506888
80.917 3.0377357180065983
86.676 3.0377357180065983
86.903 3.086283305845703
92.36 3.086283305845703
92.415 3.0881290785227677
95.204 3.0881290785227677
95.315 3.0572459677419355
97.299 3.0572459677419355
97.415 3.041181711606096
99.974 3.041181711606096
100.015 3.08556837944664
102.545 3.08556837944664
102.617 3.09452258635961
104.875 3.09452258635961
104.915 3.1383575832305795
107.348 3.1383575832305795
107.415 3.1329628318584075
109.675 3.1329628318584075
109.715 3.136172661870504
112.356 3.136172661870504
112.602 3.078588627647157
118.599 3.078588627647157
118.716 3.104921071687183
124.24 3.104921071687183
124.314 3.082747490967483
129.296 3.082747490967483
129.414 3.025666784078901
135.092 3.025666784078901
135.217 2.9595977808599168
140.985 2.9595977808599168
141.119 2.550350564468211
147.851 2.550350564468211
147.922 2.3311608961303465
150.868 2.3311608961303465
150.919 2.26208
154.544 2.26208
154.622 3.089342047930283
156.917 3.089342047930283
157.015 3.090748115827053
159.536 3.090748115827053
159.615 2.97362480620155
162.195 2.97362480620155
162.317 2.8884235294117646
165.037 2.8884235294117646
165.115 2.82081494057725
167.471 2.82081494057725
167.516 2.814197838736492
169.922 2.814197838736492
170.205 2.9427518427518424
171.833 2.9427518427518424
