0.034 1.157968152866242
1.29 1.157968152866242
1.437 1.1708748824082784
2.5 1.1708748824082784
2.637 1.169128526645768
3.594 1.169128526645768
3.742 1.1686616541353383
4.806 1.1686616541353383
4.942 1.159163120567376
6.07 1.159163120567376
6.132 1.1679907514450867
6.997 1.1679907514450867
7.133 1.1624265402843603
8.188 1.1624265402843603
8.351 1.1065470196947957
16.018 1.1065470196947957
16.147 1.1201221474306353
22.238 1.1201221474306353
22.343 1.111278917768658
28.922 1.111278917768658
29.037 1.1135296208530805
35.789 1.1135296208530805
35.936 1.0988806707590957
42.615 1.0988806707590957
42.746 1.101943444730077
43.913 1.101943444730077
44.035 1.088054462934947
45.357 1.088054462934947
45.435 1.108217606330366
46.446 1.108217606330366
46.547 1.1026390666164847
49.204 1.1026390666164847
49.342 1.1333385982230997
50.355 1.1333385982230997
50.441 1.1170737551478847
53.112 1.1170737551478847
53.237 1.0986740823136818
60.429 1.0986740823136818
60.536 1.1010190703218117
67.248 1.1010190703218117
67.342 1.0990496147919877
73.832 1.0990496147919877
73.939 1.0927853567853567
80.932 1.0927853567853567
81.036 1.1305310344827586
82.196 1.1305310344827586
82.334 1.1495114822546972
83.292 1.1495114822546972
83.44 1.1376279069767443
84.472 1.1376279069767443
84.536 1.1090178897407814
87.275 1.1090178897407814
87.342 1.0868691767709
90.476 1.0868691767709
90.541 1.062086499737349
96.252 1.062086499737349
96.344 1.0325572508955818
103.881 1.0325572508955818
104.038 1.1163289003289003
111.031 1.1163289003289003
111.326 1.1008461538461538
112.47 1.1008461538461538
112.536 1.102278215223097
113.679 1.102278215223097
113.735 1.102536398467433
114.779 1.102536398467433
115.02 1.0878445322793149
118.056 1.0878445322793149
118.154 1.0840251276010993
123.248 1.0840251276010993
123.522 1.0896877344877345
130.452 1.0896877344877345
130.545 1.0920779026217229
135.885 1.0920779026217229
136.038 1.085071676300578
142.958 1.085071676300578
143.043 1.1042013863553448
145.784 1.1042013863553448
146.119 1.102875
147.207 1.102875
147.337 1.1047673860911271
149.839 1.1047673860911271
149.947 1.09234375
152.763 1.09234375
153.018 1.0879912280701753
155.754 1.0879912280701753
155.842 1.0824569479965898
160.534 1.0824569479965898
160.822 1.0751053811659192
167.958 1.0751053811659192
168.041 1.1088937191249117
175.126 1.1088937191249117
175.247 1.1303559539052497
177.59 1.1303559539052497
177.739 1.1427840772014475
178.568 1.1427840772014475
178.643 1.1319137645107793
180.452 1.1319137645107793
