0.039 1.1170568356374808
1.341 1.1170568356374808
1.437 1.133551912568306
2.535 1.133551912568306
2.632 1.1313003033367037
3.621 1.1313003033367037
3.729 1.1324735883424408
4.827 1.1324735883424408
4.934 1.1233127147766322
6.098 1.1233127147766322
6.244 1.116299605781866
8.527 1.116299605781866
8.635 1.111558707643814
11.173 1.111558707643814
11.248 1.1064027125717266
18.916 1.1064027125717266
19.031 1.1170045841519318
25.139 1.1170045841519318
25.233 1.11466747979875
31.792 1.11466747979875
31.93 1.1074608926204152
38.719 1.1074608926204152
39.007 1.1264057709648332
40.116 1.1264057709648332
40.232 1.1260665499124343
41.374 1.1260665499124343
41.427 1.122003120124805
42.709 1.122003120124805
42.827 1.115166253101737
45.245 1.115166253101737
45.332 1.116080761904762
47.957 1.116080761904762
48.031 1.1078057584873227
55.012 1.1078057584873227
55.138 1.1078348968105065
61.534 1.1078348968105065
61.628 1.1076063919259882
68.762 1.1076063919259882
68.835 1.1281761761761762
69.834 1.1281761761761762
70.115 1.1182340425531916
71.243 1.1182340425531916
71.329 1.1282359249329759
72.448 1.1282359249329759
72.535 1.1276147893379191
73.698 1.1276147893379191
73.828 1.1221542227662178
76.279 1.1221542227662178
76.61 1.1182764632627646
83.034 1.1182764632627646
83.129 1.1012733627108342
89.71 1.1012733627108342
89.828 1.1183991689390989
97.529 1.1183991689390989
97.631 1.1044384559359068
103.123 1.1044384559359068
103.23 1.1127229053474408
110.224 1.1127229053474408
110.511 1.143079578139981
111.554 1.143079578139981
111.628 1.1366137184115523
112.736 1.1366137184115523
112.832 1.1309730700179534
113.946 1.1309730700179534
114.033 1.1143774011299437
116.688 1.1143774011299437
116.839 1.1120188552188552
119.809 1.1120188552188552
119.938 1.1058127441735148
127.361 1.1058127441735148
127.433 1.0062006662225182
134.938 1.0062006662225182
135.045 1.0277927388086008
140.719 1.0277927388086008
140.838 1.128655290102389
141.717 1.128655290102389
142.014 1.117165537270087
143.047 1.117165537270087
143.135 1.115174721189591
144.211 1.115174721189591
144.51 1.1186272764063132
146.981 1.1186272764063132
147.131 1.117341082455503
149.884 1.117341082455503
150.207 1.105228371005456
156.622 1.105228371005456
156.739 1.1113644273284837
163.75 1.1113644273284837
163.834 1.1191760758570388
170.689 1.1191760758570388
170.836 1.1202783402252958
177.849 1.1202783402252958
177.932 1.1470865484880082
178.891 1.1470865484880082
179.21 1.1414072289156627
180.04 1.1414072289156627
180.136 1.1426972010178118
180.922 1.1426972010178118
