0.008 4.488913580246914
0.332 4.488913580246914
0.415 4.509565217391304
0.691 4.509565217391304
0.81 4.430389905362776
2.395 4.430389905362776
2.509 4.425730883224659
4.196 4.425730883224659
4.31 4.415335640138408
8.356 4.415335640138408
8.411 3.9363912823112015
12.357 3.9363912823112015
12.411 3.8228748615725356
16.926 3.8228748615725356
17.02 3.303529751172016
22.566 3.303529751172016
22.611 4.15003892944039
24.255 4.15003892944039
24.308 4.116612612612613
26.084 4.116612612612613
26.109 3.9696684266103484
28.003 3.9696684266103484
28.3 3.8669251844046366
30.198 3.8669251844046366
30.31 3.83534582278481
32.285 3.83534582278481
32.31 3.7265761797752806
34.535 3.7265761797752806
34.611 3.670371082132235
38.982 3.670371082132235
39.112 3.4626712246129094
44.085 3.4626712246129094
44.207 4.677607763023493
48.123 4.677607763023493
48.208 4.687367283072546
51.723 4.687367283072546
51.807 4.519411854489952
55.738 4.519411854489952
55.81 4.78210421286031
59.418 4.78210421286031
59.506 4.767217061057552
62.929 4.767217061057552
63.009 4.484097862477467
66.892 4.484097862477467
67.201 4.569824633581898
71.09 4.569824633581898
71.21 4.773088149445417
74.636 4.773088149445417
74.707 4.823358147229115
78.334 4.823358147229115
78.41 4.6743957812933665
82.013 4.6743957812933665
82.108 4.653886352598349
86.226 4.653886352598349
86.309 4.667569230769231
89.689 4.667569230769231
89.809 4.465719665271966
93.633 4.465719665271966
93.712 4.002108183079057
98.038 4.002108183079057
98.111 3.4813723228995057
102.967 3.4813723228995057
103.203 4.066938698224852
107.428 4.066938698224852
107.509 4.529351937984496
111.379 4.529351937984496
111.41 4.654984223918576
115.34 4.654984223918576
115.408 4.812903023983315
119.244 4.812903023983315
119.31 5.052012960235641
122.705 5.052012960235641
122.809 4.743127856701668
126.047 4.743127856701668
126.109 4.669675455286763
129.788 4.669675455286763
129.908 4.5828080536912745
133.633 4.5828080536912745
133.711 4.490965210567617
137.534 4.490965210567617
137.8 4.842930806775768
141.283 4.842930806775768
141.409 4.701793919827818
145.126 4.701793919827818
145.209 4.620420250408274
148.883 4.620420250408274
149.009 4.690308058124175
152.794 4.690308058124175
152.907 4.694725214029274
156.528 4.694725214029274
156.611 4.580032619775739
160.535 4.580032619775739
160.607 4.7920342089187535
163.881 4.7920342089187535
163.909 4.630699973139941
167.632 4.630699973139941
167.71 4.558531001589825
170.226 4.558531001589825
