0.016 2.974249488752556
0.505 2.974249488752556
0.618 2.991923076923077
1.034 2.991923076923077
1.115 2.9915935828877003
1.489 2.9915935828877003
1.614 2.9890769230769227
2.03 2.9890769230769227
2.116 2.9397214285714286
3.236 2.9397214285714286
3.321 2.926239269406393
5.511 2.926239269406393
5.618 3.012108108108108
8.023 3.012108108108108
8.116 3.398996794871795
10.612 3.398996794871795
10.719 3.1695744024672323
15.907 3.1695744024672323
16.016 3.166139025725233
21.497 3.166139025725233
21.623 2.260847224028085
29.314 2.260847224028085
29.427 1.9258525321437943
33.238 1.9258525321437943
33.323 0.594102588235294
46.073 0.594102588235294
46.197 0.5821157426143262
48.668 0.5821157426143262
48.756 1.053015037593985
49.82 1.053015037593985
49.938 1.3643699136868066
50.749 1.3643699136868066
50.839 1.344503027480205
52.986 1.344503027480205
53.039 1.3446164939161787
55.258 1.3446164939161787
55.339 2.733587194608256
56.526 2.733587194608256
56.624 3.138176470588235
58.12 3.138176470588235
58.219 1.3450560060343202
63.522 1.3450560060343202
63.643 1.180572841031979
70.116 1.180572841031979
70.245 1.1186202513361259
77.168 1.1186202513361259
77.247 1.0013459335624284
84.231 1.0013459335624284
84.362 0.8067162268388546
93.267 0.8067162268388546
93.368 0.9329575757575758
94.688 0.9329575757575758
94.744 1.0908605697151423
96.078 1.0908605697151423
96.144 1.0806070038910507
98.2 1.0806070038910507
98.345 1.0748885906040269
101.325 1.0748885906040269
101.446 0.8277096357530354
105.317 0.8277096357530354
105.47 0.7755734776725304
109.165 0.7755734776725304
109.271 0.7728223938223938
113.415 0.7728223938223938
113.567 2.059119856887299
114.126 2.059119856887299
114.227 2.244007586020049
117.918 2.244007586020049
118.018 2.4278166223010946
121.399 2.4278166223010946
121.525 2.431273663876368
124.631 2.431273663876368
124.72 2.098487225620727
127.499 2.098487225620727
127.622 1.926294510005131
131.52 1.926294510005131
131.623 2.572300070771408
134.449 2.572300070771408
134.521 2.793476923076923
137.186 2.793476923076923
137.32 3.4048587010411504
139.337 3.4048587010411504
139.606 3.4643177017321505
141.973 3.4643177017321505
142.016 3.2778733240869165
144.179 3.2778733240869165
144.225 2.0429407446250654
148.039 2.0429407446250654
148.124 1.959630140485313
152.039 1.959630140485313
152.134 2.0006396740514387
156.061 2.0006396740514387
156.126 2.3367932489451477
158.97 2.3367932489451477
159.025 2.2953130075888697
166.536 2.2953130075888697
166.62 2.0800261153427635
172.134 2.0800261153427635
