0.008 5.3866962962962965
0.278 5.3866962962962965
0.307 5.3182
0.907 5.3182
1.009 5.32541935483871
1.536 5.32541935483871
1.606 5.292110726643599
2.184 5.292110726643599
2.21 5.319043618739903
2.829 5.319043618739903
2.908 5.034142969363708
4.181 5.034142969363708
4.21 4.202649135622108
8.317 4.202649135622108
8.411 4.13575079006772
12.841 4.13575079006772
12.907 4.016549096238398
17.001 4.016549096238398
17.109 4.019830437804031
21.426 4.019830437804031
21.515 3.9242103362672083
25.946 3.9242103362672083
26.01 4.100345197464652
30.112 4.100345197464652
30.209 4.134667602339181
34.484 4.134667602339181
34.609 4.108103814037463
39.04 4.108103814037463
39.301 4.077050063532401
43.236 4.077050063532401
43.309 4.104854350417163
47.504 4.104854350417163
47.61 3.9554117901101273
52.241 3.9554117901101273
52.311 4.057152425510958
56.372 4.057152425510958
56.415 3.885784776902887
60.987 3.885784776902887
61.113 4.020934980191098
65.404 4.020934980191098
65.51 4.063292828685259
69.526 4.063292828685259
69.61 4.062471301913206
73.896 4.062471301913206
74.011 4.085528275862068
78.361 4.085528275862068
78.601 4.102508780732563
82.587 4.102508780732563
82.714 4.017988056959118
87.068 4.017988056959118
87.114 4.048521153846154
91.274 4.048521153846154
91.309 4.095897413977346
95.988 4.095897413977346
96.113 4.033849143441575
100.024 4.033849143441575
100.113 4.039960255500355
104.34 4.039960255500355
104.41 3.8311838902412036
108.929 3.8311838902412036
109.013 3.9890382255781027
113.251 3.9890382255781027
113.315 4.081428978622328
117.525 4.081428978622328
117.802 4.050044362292051
122.13 4.050044362292051
122.211 3.9856400871459696
126.801 3.9856400871459696
126.913 4.239333180252584
131.268 4.239333180252584
131.31 3.5665593678519443
136.119 3.5665593678519443
136.216 3.305950113378685
137.98 3.305950113378685
138.011 4.05656185845489
139.862 4.05656185845489
139.913 4.052017837235228
141.707 4.052017837235228
141.813 3.63152
143.863 3.63152
143.914 3.6413573700954402
145.8 3.6413573700954402
145.91 4.069498759305211
147.925 4.069498759305211
148.013 4.074753720595296
152.179 4.074753720595296
152.212 4.0356481018413275
156.611 4.0356481018413275
156.713 3.921476355247982
161.048 3.921476355247982
161.114 3.9112182807399347
165.709 3.9112182807399347
165.813 4.080395318595579
169.658 4.080395318595579
169.713 4.048871770784405
173.971 4.048871770784405
174.014 4.099093638313081
176.812 4.099093638313081
