0.008 4.4072969696969695
0.338 4.4072969696969695
0.415 4.365143638850889
1.146 4.365143638850889
1.212 4.3714890965732085
1.854 4.3714890965732085
1.911 4.369771428571428
2.611 4.369771428571428
2.712 4.354992900054615
4.543 4.354992900054615
4.609 4.341777777777778
6.085 4.341777777777778
6.212 4.345488418932527
10.184 4.345488418932527
10.308 3.499116883116883
15.544 3.499116883116883
15.613 3.027757687350396
21.044 3.027757687350396
21.114 2.9603561924257935
26.976 2.9603561924257935
27.016 2.83888587755102
33.141 2.83888587755102
33.217 2.785627028817489
39.255 2.785627028817489
39.503 3.5612637517630463
41.63 3.5612637517630463
41.709 3.6176404886561953
44.001 3.6176404886561953
44.111 3.4963021276595745
45.991 3.4963021276595745
46.115 2.8882909659757527
48.672 2.8882909659757527
48.716 2.885668656716418
51.396 2.885668656716418
51.514 3.0528703145196037
53.835 3.0528703145196037
53.906 5.178023591087811
55.432 5.178023591087811
55.512 4.767568941696601
59.131 4.767568941696601
59.213 4.174516244563827
63.122 4.174516244563827
63.209 4.54496267293135
67.04 4.54496267293135
67.113 4.438573426573426
71.117 4.438573426573426
71.208 3.9441871683550414
75.354 3.9441871683550414
75.414 3.3481952153110046
80.639 3.3481952153110046
80.713 2.98879290150843
86.348 2.98879290150843
86.414 3.7964944532488114
91.462 3.7964944532488114
91.699 3.894441866205875
95.75 3.894441866205875
95.81 3.6653599484867994
100.469 3.6653599484867994
100.613 3.3808084358523725
105.734 3.3808084358523725
105.813 3.5411696690406367
110.587 3.5411696690406367
110.711 3.778934682208049
115.258 3.778934682208049
115.311 3.7486295979469633
119.987 3.7486295979469633
120.113 4.102733348284369
124.572 4.102733348284369
124.611 5.6218928136418995
127.895 5.6218928136418995
128.011 5.904159724612737
130.916 5.904159724612737
131.198 5.9946323185011705
133.76 5.9946323185011705
133.806 6.7984709141274235
136.333 6.7984709141274235
136.408 6.538092684795098
139.019 6.538092684795098
139.114 4.568642895156999
142.872 4.568642895156999
142.912 4.883592356687898
146.366 4.883592356687898
146.41 5.227809751720012
149.753 5.227809751720012
149.81 4.418382092660073
153.652 4.418382092660073
153.71 4.172224676850764
157.965 4.172224676850764
158.008 4.381340206185567
161.888 4.381340206185567
162.202 4.902358974358974
165.868 4.902358974358974
165.91 6.064599922690375
168.497 6.064599922690375
168.607 5.928506189821183
171.515 5.928506189821183
171.609 5.848681285058644
173.57 5.848681285058644
