0.024 1.6833425925925927
0.888 1.6833425925925927
1.025 1.698008185538881
1.758 1.698008185538881
1.83 1.6926717095310138
2.491 1.6926717095310138
2.627 1.7010341997264022
3.358 1.7010341997264022
3.424 1.6871432258064518
4.199 1.6871432258064518
4.329 1.407525587524709
8.882 1.407525587524709
8.941 1.2359870329295344
14.802 1.2359870329295344
14.931 1.2792364294330518
21.563 1.2792364294330518
21.64 1.2319725532683279
27.178 1.2319725532683279
27.235 1.2230016728002677
33.213 1.2230016728002677
33.343 1.2154141610087295
39.529 1.2154141610087295
39.818 0.9836094488188976
41.088 0.9836094488188976
41.271 0.7348388571428571
43.021 0.7348388571428571
43.171 1.4269920634920634
44.179 1.4269920634920634
44.229 1.503888455103179
46.022 1.503888455103179
46.139 1.2186821963394343
48.543 1.2186821963394343
48.64 1.2134931743292012
55.013 1.2134931743292012
55.137 1.2141384509938313
60.973 1.2141384509938313
61.04 1.2145195204426684
67.546 1.2145195204426684
67.646 1.1861323900960081
71.604 1.1861323900960081
71.923 1.2116887608069165
72.964 1.2116887608069165
73.043 1.2127723342939483
74.084 1.2127723342939483
74.313 1.2058604651162792
76.979 1.2058604651162792
77.038 1.2289544235924932
79.276 1.2289544235924932
79.334 1.2288621425522834
81.677 1.2288621425522834
81.736 1.1874902267396403
84.294 1.1874902267396403
84.434 1.2055979843225084
91.578 1.2055979843225084
91.634 1.216521460088247
96.62 1.216521460088247
96.737 1.1982115473441108
103.232 1.1982115473441108
103.336 1.226856514222851
109.699 1.226856514222851
109.838 1.213517193469955
115.596 1.213517193469955
115.739 1.2586453546453547
116.74 1.2586453546453547
116.836 1.2566026200873361
117.752 1.2566026200873361
117.838 1.2259450631031923
120.532 1.2259450631031923
120.64 1.2246671102239963
125.149 1.2246671102239963
125.234 1.1788894269572237
127.712 1.1788894269572237
127.843 1.2074554455445545
131.075 1.2074554455445545
131.141 1.236813704496788
137.212 1.236813704496788
137.336 0.946279614683676
145.018 0.946279614683676
145.134 1.2442948353668728
151.117 1.2442948353668728
151.236 1.19105098855359
157.002 1.19105098855359
157.141 1.209015873015873
158.212 1.209015873015873
158.341 1.2793832599118944
159.249 1.2793832599118944
159.334 1.2811301115241636
160.41 1.2811301115241636
160.536 1.2541831041257367
163.081 1.2541831041257367
163.323 1.224327879071217
169.74 1.224327879071217
169.837 1.2092139737991268
175.333 1.2092139737991268
175.442 1.20244361569881
181.073 1.20244361569881
181.142 1.2309352517985612
185.034 1.2309352517985612
