0.009 4.545025
0.329 4.545025
0.41 4.575882352941177
0.682 4.575882352941177
0.71 4.56675918367347
0.955 4.56675918367347
1.011 4.485102639296188
1.693 4.485102639296188
1.81 4.467222408963585
3.595 4.467222408963585
3.711 4.465828571428571
5.146 4.465828571428571
5.211 4.525506030414263
9.025 4.525506030414263
9.105 5.330630200756474
12.542 5.330630200756474
12.607 5.86439087018545
15.411 5.86439087018545
15.504 1.4592674066599396
27.396 1.4592674066599396
27.523 3.4488770642201834
29.703 3.4488770642201834
29.805 3.20779020979021
32.093 3.20779020979021
32.408 2.442698484359884
35.509 2.442698484359884
35.61 1.9822213722208941
39.793 1.9822213722208941
39.94 3.7538823529411767
41.691 3.7538823529411767
41.805 5.702980694980695
43.1 5.702980694980695
43.206 2.4959138847254394
50.545 2.4959138847254394
50.605 8.192986573843859
52.616 8.192986573843859
52.702 8.175705476300045
54.875 8.175705476300045
54.907 8.181048838311996
57.016 8.181048838311996
57.104 7.971755740107475
59.151 7.971755740107475
59.204 4.727600325821341
62.887 4.727600325821341
63.009 5.33855452087714
66.338 5.33855452087714
66.41 4.529806094182825
70.02 4.529806094182825
70.301 6.723412759415834
72.903 6.723412759415834
73.006 4.377917338185599
76.853 4.377917338185599
76.919 3.446269376011509
82.48 3.446269376011509
82.507 6.077189522342064
85.103 6.077189522342064
85.207 5.818368654173765
88.142 5.818368654173765
88.208 5.916992481203008
91.134 5.916992481203008
91.204 4.969295708406819
94.606 4.969295708406819
94.732 2.4112848722986246
101.858 2.4112848722986246
101.906 8.022238901601831
104.091 8.022238901601831
104.399 8.013179150240912
106.682 8.013179150240912
106.805 8.009672885032538
109.11 8.009672885032538
109.205 8.011015413358244
111.346 8.011015413358244
111.405 7.9949234773555435
113.326 7.9949234773555435
113.405 1.9390221218961625
122.265 1.9390221218961625
122.31 3.2528506097560976
127.558 3.2528506097560976
127.627 2.8686649958228903
133.612 2.8686649958228903
133.704 3.2746899631139588
138.855 3.2746899631139588
138.926 3.504425105273712
143.913 3.504425105273712
144.2 2.069416554918932
152.403 2.069416554918932
152.53 8.486049713193117
154.622 8.486049713193117
154.706 3.0591326255173654
160.263 3.0591326255173654
160.306 8.386396640223985
162.449 8.386396640223985
162.506 3.7896425120772945
166.646 3.7896425120772945
166.729 2.335739872645983
174.11 2.335739872645983
174.208 3.000069055715407
178.031 3.000069055715407
