0.025 1.7211928994082841
0.87 1.7211928994082841
0.926 1.7310709318497914
1.645 1.7310709318497914
1.729 1.7373540372670806
2.373 1.7373540372670806
2.426 1.7415350140056023
3.14 1.7415350140056023
3.232 1.7059523316062175
5.162 1.7059523316062175
5.232 1.64403899435608
9.13 1.64403899435608
9.227 1.7582815533980583
13.347 1.7582815533980583
13.421 1.2619211661460659
20.144 1.2619211661460659
20.259 0.9681657442883497
27.306 0.9681657442883497
27.421 2.0473548025763093
30.992 2.0473548025763093
31.12 2.172991907514451
34.58 2.172991907514451
34.615 1.8790128008192524
38.521 1.8790128008192524
38.627 2.2706258992805757
41.963 2.2706258992805757
42.201 3.9653907221425158
44.292 3.9653907221425158
44.429 1.917458576429405
47.857 1.917458576429405
47.916 2.3693808148861084
51.033 2.3693808148861084
51.122 2.3715400183992643
54.383 2.3715400183992643
54.516 2.0378809318377913
57.993 2.0378809318377913
58.132 1.637311230832988
62.958 1.637311230832988
63.03 1.2531863659487876
68.927 1.2531863659487876
69.041 1.3059011351153424
74.503 1.3059011351153424
74.626 1.626271121515216
79.325 1.626271121515216
79.617 1.5594458316552557
84.583 1.5594458316552557
84.612 3.472393247269116
86.626 3.472393247269116
86.719 2.8885436268596703
89.206 2.8885436268596703
89.316 3.74353305785124
91.252 3.74353305785124
91.31 5.927592567102546
92.763 5.927592567102546
92.809 6.023412115193644
93.816 6.023412115193644
93.908 6.014207109737249
95.202 6.014207109737249
95.31 5.996924142708695
98.197 5.996924142708695
98.308 2.3707115411583226
105.439 2.3707115411583226
105.521 2.0284282847361585
113.992 2.0284282847361585
114.128 2.0375528057553955
117.603 2.0375528057553955
117.719 2.150774344326149
121.57 2.150774344326149
121.623 2.1476839351125063
125.445 2.1476839351125063
125.52 1.619806091806092
130.182 1.619806091806092
130.237 1.2517055162051942
134.896 1.2517055162051942
135.038 2.085169675090253
138.639 2.085169675090253
138.72 2.3202425789977656
141.853 2.3202425789977656
141.919 2.4464725599737105
144.962 2.4464725599737105
145.21 2.4054640980735553
148.065 2.4054640980735553
148.123 1.8460243133723548
152.565 1.8460243133723548
152.624 1.7133977767037216
156.762 1.7133977767037216
156.83 1.7128546933391953
161.379 1.7128546933391953
161.426 1.720168609865471
165.886 1.720168609865471
166.028 1.9499905683792504
170.057 1.9499905683792504
170.122 2.1321270452358037
173.239 2.1321270452358037
173.323 2.371614711033275
176.178 2.371614711033275
176.216 2.0070381231671552
178.603 2.0070381231671552
