0.022 1.6214136008918618
0.919 1.6214136008918618
1.031 1.6355321944809462
1.792 1.6355321944809462
1.926 1.6145108225108225
2.619 1.6145108225108225
2.739 1.5855187937991082
7.448 1.5855187937991082
7.529 1.5408680193236715
12.704 1.5408680193236715
12.828 1.5567211093990754
13.477 1.5567211093990754
13.529 1.6264721485411142
14.283 1.6264721485411142
14.327 1.5676082779009608
19.739 1.5676082779009608
19.828 1.5677077205882353
24.18 1.5677077205882353
24.232 1.55787428084381
28.925 1.55787428084381
29.032 1.538165302782324
33.92 1.538165302782324
34.219 1.5526600380791198
38.946 1.5526600380791198
39.029 1.5477744176542705
43.923 1.5477744176542705
44.03 1.5469462686567166
49.39 1.5469462686567166
49.533 1.5741598207617626
52.211 1.5741598207617626
52.333 1.5852492836676217
53.031 1.5852492836676217
53.132 1.5901274238227148
53.854 1.5901274238227148
53.931 1.5854315789473685
54.691 1.5854315789473685
54.829 1.5566611872146119
58.114 1.5566611872146119
58.229 1.5389504373177842
63.031 1.5389504373177842
63.317 1.5419005620406399
67.943 1.5419005620406399
68.027 1.570135196219437
72.894 1.570135196219437
73.027 1.5588180354267311
77.995 1.5588180354267311
78.131 1.5715505617977528
82.581 1.5715505617977528
82.633 1.5630565709312445
87.229 1.5630565709312445
87.327 1.5629674358421393
91.964 1.5629674358421393
92.031 1.5498995861076121
97.588 1.5498995861076121
97.733 1.5576723163841808
101.627 1.5576723163841808
101.733 1.563983922829582
106.709 1.563983922829582
107.014 1.5485990874826423
112.055 1.5485990874826423
112.13 1.543842686699072
116.656 1.543842686699072
116.739 1.5591898734177216
118.793 1.5591898734177216
118.932 1.5898453038674034
119.656 1.5898453038674034
119.731 1.5955053140096618
121.801 1.5955053140096618
121.928 1.5614131386861314
123.983 1.5614131386861314
124.03 1.5497549071618038
125.915 1.5497549071618038
126.031 1.5493347502656747
129.795 1.5493347502656747
129.931 1.5408774882002871
134.804 1.5408774882002871
135.119 1.5466638297872342
139.819 1.5466638297872342
139.932 1.5529027951606174
144.726 1.5529027951606174
144.833 1.5647300068352699
149.222 1.5647300068352699
149.327 1.556280129056747
154.596 1.556280129056747
154.733 1.5453443766346993
159.321 1.5453443766346993
159.436 1.5696567284448026
164.4 1.5696567284448026
164.528 1.5695482815057282
169.416 1.5695482815057282
169.532 1.5511376110562685
174.597 1.5511376110562685
174.727 1.554946186242396
179.001 1.554946186242396
179.315 1.5572585096596134
183.663 1.5572585096596134
183.73 1.5681833060556465
186.785 1.5681833060556465
