0.023 1.8386953223767382
0.814 1.8386953223767382
0.926 1.8576716417910448
1.596 1.8576716417910448
1.721 1.8554825870646767
2.324 1.8554825870646767
2.43 1.8229082240762813
4.108 1.8229082240762813
4.227 1.826116472545757
6.03 1.826116472545757
6.128 1.8694469078179698
9.556 1.8694469078179698
9.622 2.1070738801628854
13.06 2.1070738801628854
13.122 1.990123387285949
17.385 1.990123387285949
17.423 2.09219993866912
20.684 2.09219993866912
20.722 2.142134192792265
24.135 2.142134192792265
24.221 2.1888069868995634
27.656 2.1888069868995634
27.72 2.1830529446757883
31.082 2.1830529446757883
31.117 2.2699454599940068
34.454 2.2699454599940068
34.706 2.4344192601291836
38.112 2.4344192601291836
38.213 2.9265574354407837
40.459 2.9265574354407837
40.515 2.03959127312897
44.136 2.03959127312897
44.218 3.4068687224669603
46.488 3.4068687224669603
46.615 3.5647080459770115
47.92 3.5647080459770115
48.014 3.549714285714286
50.24 3.549714285714286
50.313 3.546084452975048
52.397 3.546084452975048
52.517 3.6246521545979564
57.019 3.6246521545979564
57.112 3.142915523465704
62.652 3.142915523465704
62.713 4.72284028700505
66.476 4.72284028700505
66.509 5.654426002766252
69.401 5.654426002766252
69.505 4.704038720086045
73.224 4.704038720086045
73.309 4.086835234166465
77.43 4.086835234166465
77.51 4.258823111111111
82.01 4.258823111111111
82.111 4.604899007589025
85.537 4.604899007589025
85.801 4.588101020956475
89.523 4.588101020956475
89.609 4.514503259452412
93.444 4.514503259452412
93.508 4.515369658119658
97.252 4.515369658119658
97.311 4.703754722146181
100.964 4.703754722146181
101.009 4.717059203444564
104.725 4.717059203444564
104.809 4.716186646042795
108.688 4.716186646042795
108.809 4.716989269289729
112.723 4.716989269289729
112.809 4.753764966740577
116.417 4.753764966740577
116.51 4.762247441860465
119.735 4.762247441860465
120.001 4.515042312746386
123.806 4.515042312746386
123.911 4.351506500127454
127.834 4.351506500127454
127.91 4.081045875921084
132.117 4.081045875921084
132.215 3.639250916936354
136.85 3.639250916936354
136.912 3.6019307502061007
141.764 3.6019307502061007
141.815 2.966175781932553
147.538 2.966175781932553
147.614 2.972675150703282
153.586 2.972675150703282
153.715 3.6637068965517243
158.355 3.6637068965517243
158.41 3.6625327083757897
163.317 3.6625327083757897
163.604 2.820769507371449
169.166 2.820769507371449
169.216 2.664208932158863
175.687 2.664208932158863
175.819 3.089780172413793
179.531 3.089780172413793
