0.014 2.673544117647059
0.558 2.673544117647059
0.617 2.6882073434125267
1.08 2.6882073434125267
1.115 2.6831079136690645
1.532 2.6831079136690645
1.613 2.6856501079913606
2.076 2.6856501079913606
2.121 2.652202839756592
2.614 2.652202839756592
2.718 2.625343711593609
5.159 2.625343711593609
5.212 2.6237305324157916
7.973 2.6237305324157916
8.012 2.6209131912264443
11.249 2.6209131912264443
11.315 2.5971313285116104
13.942 2.5971313285116104
14.014 2.4297454303755397
17.023 2.4297454303755397
17.114 1.8582679189322786
21.16 1.8582679189322786
21.226 1.7508167938931296
25.418 1.7508167938931296
25.521 1.7250758369391939
29.912 1.7250758369391939
30.209 1.7619277518062049
34.915 1.7619277518062049
35.021 2.546705927934909
37.602 2.546705927934909
37.714 2.841616006156214
40.313 2.841616006156214
40.41 3.0327811764705883
42.96 3.0327811764705883
43.01 2.531515541264737
45.809 2.531515541264737
45.918 2.3966223839854415
49.215 2.3966223839854415
49.318 3.3168940754039498
51.546 3.3168940754039498
51.614 1.8351533963112912
60.506 1.8351533963112912
60.622 2.2299887295081966
68.43 2.2299887295081966
68.516 2.6379765474246697
75.253 2.6379765474246697
75.316 2.543979628955984
78.065 2.543979628955984
78.117 2.2885657852819365
81.256 2.2885657852819365
81.317 2.612645998558039
84.091 2.612645998558039
84.215 2.622652862362972
87.499 2.622652862362972
87.619 2.524168123179359
90.022 2.524168123179359
90.115 2.356156221616712
93.418 2.356156221616712
93.518 2.2259731964642144
97.025 2.2259731964642144
97.121 2.7983307969563476
99.618 2.7983307969563476
99.905 2.9367784615384616
102.505 2.9367784615384616
102.613 1.9028476216070949
106.334 1.9028476216070949
106.42 2.0624083665338646
110.436 2.0624083665338646
110.519 2.2581700137551586
114.154 2.2581700137551586
114.219 1.4871083103584088
119.297 1.4871083103584088
119.43 1.5744319654427645
123.134 1.5744319654427645
123.213 2.539295231653703
126.17 2.539295231653703
126.215 2.2596580665216037
129.432 2.2596580665216037
129.518 2.0323822003822003
133.181 2.0323822003822003
133.408 2.194822627037392
136.537 2.194822627037392
136.619 2.0971969309462914
140.529 2.0971969309462914
140.628 1.4197116539847818
145.622 1.4197116539847818
145.734 2.424323584318606
148.948 2.424323584318606
149.011 3.8747232323232326
150.991 3.8747232323232326
151.113 1.7635215386125012
161.304 1.7635215386125012
161.414 2.162823269920044
168.668 2.162823269920044
168.722 2.0302728635682157
172.057 2.0302728635682157
172.109 3.5304347826086957
173.466 3.5304347826086957
