0.017 2.240998459167951
0.666 2.240998459167951
0.726 2.2795604395604396
1.272 2.2795604395604396
1.326 2.2512193158953724
1.823 2.2512193158953724
1.926 2.2262299854439593
3.3 2.2262299854439593
3.418 2.126930232558139
4.966 2.126930232558139
5.029 1.8787639988273233
8.44 1.8787639988273233
8.525 1.7939871223377908
12.563 1.7939871223377908
12.628 1.7970548612582078
17.349 1.7970548612582078
17.425 1.7453732412381682
21.334 1.7453732412381682
21.426 1.6499896185962537
25.857 1.6499896185962537
25.927 1.6835091804746978
30.393 1.6835091804746978
30.528 1.7693886210221794
34.676 1.7693886210221794
34.727 1.3123367983367984
40.499 1.3123367983367984
40.82 1.4298382479737886
46.619 1.4298382479737886
46.734 1.4252055507372072
51.346 1.4252055507372072
51.428 1.411305178673801
56.661 1.411305178673801
56.736 1.4173728395061729
57.546 1.4173728395061729
57.632 1.3936029892573563
59.773 1.3936029892573563
59.832 1.3926042918454937
62.162 1.3926042918454937
62.229 1.3944850894632206
64.241 1.3944850894632206
64.334 1.412414801279123
66.523 1.412414801279123
66.642 1.408873392397828
70.141 1.408873392397828
70.413 1.4346439422008153
75.811 1.4346439422008153
75.932 1.4670442626389764
80.699 1.4670442626389764
80.825 1.758582129742962
84.91 1.758582129742962
85.023 1.4784740922072623
89.925 1.4784740922072623
90.035 1.3322184068058778
96.5 1.3322184068058778
96.628 1.5911794333683107
100.44 1.5911794333683107
100.529 1.5244630754162585
105.634 1.5244630754162585
105.733 1.4329089574155653
111.181 1.4329089574155653
111.229 1.1815069327020629
117.143 1.1815069327020629
117.245 1.170621372965322
121.484 1.170621372965322
121.543 1.546613695765813
123.456 1.546613695765813
123.526 1.562188769414576
124.363 1.562188769414576
124.433 1.5486023166023166
126.505 1.5486023166023166
126.632 1.553050505050505
128.513 1.553050505050505
128.629 1.4544235560588903
130.395 1.4544235560588903
130.537 1.5258475919528551
135.458 1.5258475919528551
135.528 1.6487457473349967
139.937 1.6487457473349967
140.027 1.804755393939394
144.152 1.804755393939394
144.214 2.7426517571884985
146.718 2.7426517571884985
146.816 1.6103770620581304
151.908 1.6103770620581304
152.04 1.246710040443116
157.727 1.246710040443116
157.833 1.3355803908124786
163.667 1.3355803908124786
163.735 1.389594638652418
169.256 1.389594638652418
169.519 1.449540959409594
174.939 1.449540959409594
175.031 1.5190491428571429
179.406 1.5190491428571429
179.531 1.5794168416141825
183.818 1.5794168416141825
183.927 1.7351684172401303
186.688 1.7351684172401303
