0.033 1.4272894995093228
1.052 1.4272894995093228
1.129 1.4422247972190034
1.992 1.4422247972190034
2.128 1.4362721437740693
2.907 1.4362721437740693
3.027 1.4391851851851851
3.891 1.4391851851851851
4.028 2.326576512455516
4.59 2.326576512455516
4.721 3.4720871934604904
5.455 3.4720871934604904
5.512 3.353759259259259
7.672 3.353759259259259
7.716 3.5057421487603304
10.136 3.5057421487603304
10.206 2.4023464788732394
13.046 2.4023464788732394
13.14 1.7271684384597212
17.373 1.7271684384597212
17.41 2.792924219910847
20.102 2.792924219910847
20.221 2.528220461591457
23.124 2.528220461591457
23.22 4.511499702203692
24.899 4.511499702203692
25.012 4.599041940373926
28.97 4.599041940373926
29.014 4.226341412012644
32.81 4.226341412012644
32.921 2.388661950339853
40.13 2.388661950339853
40.216 2.840364707706621
46.665 2.840364707706621
46.717 2.829485832045337
52.54 2.829485832045337
52.612 2.7357265167847244
59.106 2.7357265167847244
59.214 2.527663639027249
66.04 2.527663639027249
66.122 2.0724135128270254
73.996 2.0724135128270254
74.108 4.848888324873096
75.684 4.848888324873096
75.81 4.756884520884521
77.438 4.756884520884521
77.512 3.396503156872268
79.571 3.396503156872268
79.615 3.2907961520842877
81.798 3.2907961520842877
81.917 2.9141455568958587
84.404 2.9141455568958587
84.511 4.4441651186790505
86.449 4.4441651186790505
86.508 3.209299470899471
88.398 3.209299470899471
88.51 3.9665565749235476
90.472 3.9665565749235476
90.512 3.8984733168205357
94.953 3.8984733168205357
95.015 3.5066467537855215
99.836 3.5066467537855215
99.914 3.34361081922553
105.053 3.34361081922553
105.11 2.396580803937654
112.424 2.396580803937654
112.519 1.8719009516013507
122.292 1.8719009516013507
122.421 2.628385526737112
125.544 2.628385526737112
125.612 1.932327533265097
129.52 1.932327533265097
129.626 2.0701796237131704
132.443 2.0701796237131704
132.551 1.9427415265200518
136.416 1.9427415265200518
136.523 2.1968328800241768
139.832 2.1968328800241768
139.919 2.1380287191269387
143.401 2.1380287191269387
143.522 2.923627075351213
145.871 2.923627075351213
145.916 3.3675728952772075
148.351 3.3675728952772075
148.603 3.029931623931624
150.943 3.029931623931624
151.014 2.5538433300557193
154.065 2.5538433300557193
154.121 2.2724976303317534
157.497 2.2724976303317534
157.621 2.4574638723803566
160.818 2.4574638723803566
160.915 3.149687203791469
163.025 3.149687203791469
163.115 2.2324299373557532
166.148 2.2324299373557532
166.218 2.1292444444444447
168.468 2.1292444444444447
