0.013 3.682045569620253
0.408 3.682045569620253
0.513 3.693293768545994
0.85 3.693293768545994
0.913 3.7171295681063126
1.214 3.7171295681063126
1.313 3.628082232011747
2.675 3.628082232011747
2.718 3.5189726390114737
4.984 3.5189726390114737
5.112 2.9946093457943928
7.252 2.9946093457943928
7.318 2.8475314465408808
9.862 2.8475314465408808
9.916 3.070537821208831
12.679 3.070537821208831
12.714 3.5927667193259607
14.613 3.5927667193259607
14.714 3.853788141239174
19.217 3.853788141239174
19.314 3.4748553157474023
24.318 3.4748553157474023
24.413 3.3181329650818703
29.482 3.3181329650818703
29.618 3.1608912732474965
35.21 3.1608912732474965
35.312 3.76717880794702
40.144 3.76717880794702
40.216 3.80440882143704
44.433 3.80440882143704
44.512 3.619899936935043
49.269 3.619899936935043
49.318 2.2338429268292685
57.518 2.2338429268292685
57.631 2.2166411092985316
62.535 2.2166411092985316
62.626 1.7681056164690088
67.095 1.7681056164690088
67.241 1.1724639060764717
73.544 1.1724639060764717
73.658 0.9122974328710534
77.047 0.9122974328710534
77.143 1.251234886025768
78.152 1.251234886025768
78.239 1.3966091586794462
79.178 1.3966091586794462
79.239 1.2616513761467891
81.419 1.2616513761467891
81.547 1.0371844380403459
84.323 1.0371844380403459
84.444 1.1188213627992634
87.159 1.1188213627992634
87.244 1.1856066829098504
90.117 1.1856066829098504
90.236 1.4626419098143235
94.383 1.4626419098143235
94.429 1.739468931604828
98.903 1.739468931604828
99.035 1.7633810707025073
103.462 1.7633810707025073
103.526 1.8272573221757322
107.35 1.8272573221757322
107.433 1.8407965284474446
111.581 1.8407965284474446
111.626 1.806709874968104
115.545 1.806709874968104
115.629 1.5245043254187374
121.062 1.5245043254187374
121.134 1.2189557469557468
127.868 1.2189557469557468
128.125 0.5786174239521875
141.176 0.5786174239521875
141.281 0.6784020618556701
142.833 0.6784020618556701
142.977 0.6832561983471075
144.429 0.6832561983471075
144.572 0.717681592039801
146.18 0.717681592039801
146.254 0.8168332198774676
147.723 0.8168332198774676
147.856 0.874447326795318
151.017 0.874447326795318
151.132 1.4537051039697542
153.248 1.4537051039697542
153.329 0.8885802985074627
156.679 0.8885802985074627
156.767 0.6308619544976116
169.118 0.6308619544976116
169.446 0.7897163120567376
171.138 0.7897163120567376
171.254 0.8485831676607024
172.763 0.8485831676607024
172.864 0.8520960495739737
174.155 0.8520960495739737
174.257 0.7395534738485557
175.538 0.7395534738485557
175.848 0.6700366492146597
178.904 0.6700366492146597
