0.04 1.076541820873427
1.391 1.076541820873427
1.547 1.0956338028169015
2.683 1.0956338028169015
2.739 1.0926328125
3.763 1.0926328125
3.841 1.0945915492957747
4.977 1.0945915492957747
5.044 1.0850921161825726
6.249 1.0850921161825726
6.338 1.0945958829902493
7.261 1.0945958829902493
7.351 2.0208710601719195
8.747 2.0208710601719195
8.817 2.8632791090111374
11.78 2.8632791090111374
11.82 3.123930402930403
14.004 3.123930402930403
14.11 3.895100692594566
15.987 3.895100692594566
16.108 3.885556589147287
18.043 3.885556589147287
18.132 2.8028021996333945
24.133 2.8028021996333945
24.234 3.24443906020558
29.682 3.24443906020558
29.827 2.601172906544727
36.825 2.601172906544727
36.933 2.69542876344086
42.885 2.69542876344086
43.032 2.3550142231947486
50.344 2.3550142231947486
50.437 1.398732501356484
55.966 1.398732501356484
56.027 1.0266172124022024
62.929 1.0266172124022024
63.03 1.4074926968293553
68.644 1.4074926968293553
68.725 1.3532393334554111
74.186 1.3532393334554111
74.333 1.1038114958943233
77.134 1.1038114958943233
77.246 1.042523534269199
78.457 1.042523534269199
78.55 1.0733969949916526
81.545 1.0733969949916526
81.631 1.392607594936709
83.606 1.392607594936709
83.735 1.538869053981828
85.606 1.538869053981828
85.729 2.029124916499666
87.226 2.029124916499666
87.325 1.648696784073507
92.549 1.648696784073507
92.63 2.2531857355126297
95.322 2.2531857355126297
95.418 2.3828487446417634
98.684 2.3828487446417634
98.813 1.1343342051729148
105.695 1.1343342051729148
105.85 1.8177502601456814
109.694 1.8177502601456814
109.833 1.643129761136217
114.48 1.643129761136217
114.522 1.7332915544675642
118.607 1.7332915544675642
118.737 1.8722043399638337
123.161 1.8722043399638337
123.418 1.1314194348725017
130.673 1.1314194348725017
130.741 1.3001955922865014
136.549 1.3001955922865014
136.631 1.7693252427184465
139.927 1.7693252427184465
140.016 1.9843276955602538
143.8 1.9843276955602538
143.922 1.082388326384753
150.638 1.082388326384753
150.723 1.8034852856318524
152.456 1.8034852856318524
152.522 1.8066196078431371
154.052 1.8066196078431371
154.124 1.0865559872836454
156.955 1.0865559872836454
157.044 1.267778534923339
159.392 1.267778534923339
159.512 3.502745254745255
160.513 3.502745254745255
160.613 1.4056342982777574
166.071 1.4056342982777574
166.142 3.387887882708064
168.461 3.387887882708064
168.515 2.324533053515215
171.374 2.324533053515215
171.418 3.101676591846083
173.601 3.101676591846083
173.711 4.056562235393734
174.892 4.056562235393734
