0.019 2.190373493975904
0.683 2.190373493975904
0.826 2.218609625668449
1.387 2.218609625668449
1.522 2.215556435643564
2.027 2.215556435643564
2.126 2.170929737402413
3.535 2.170929737402413
3.618 2.730089552238806
4.824 2.730089552238806
4.911 3.6706525573192237
6.045 3.6706525573192237
6.129 2.63288107791447
7.836 2.63288107791447
7.929 2.477049927007299
11.354 2.477049927007299
11.433 1.3199195202166762
16.602 1.3199195202166762
16.722 1.6959183484110416
21.033 1.6959183484110416
21.111 3.052599269183922
23.574 3.052599269183922
23.61 3.7522617586912066
25.566 3.7522617586912066
25.609 3.7517622585438333
27.628 3.7517622585438333
27.709 3.944639391056137
29.811 3.944639391056137
29.912 3.9878677603778274
33.935 3.9878677603778274
34.011 3.396422879684418
39.081 3.396422879684418
39.213 3.2220777484608623
44.898 3.2220777484608623
45.015 3.132337642585551
50.275 3.132337642585551
50.315 2.8343663050414807
56.583 2.8343663050414807
56.716 3.043540659728347
62.385 3.043540659728347
62.514 3.1332918586789558
67.722 3.1332918586789558
67.815 3.322853435114504
73.055 3.322853435114504
73.303 3.6925094535632663
78.116 3.6925094535632663
78.213 3.050289125163216
83.574 3.050289125163216
83.613 3.0979847706746946
89.26 3.0979847706746946
89.316 3.0761799660441427
91.672 3.0761799660441427
91.717 2.5511824644549765
95.093 2.5511824644549765
95.217 2.550704793944491
97.595 2.550704793944491
97.716 3.2305454545454544
100.125 3.2305454545454544
100.209 4.026038164002062
102.148 4.026038164002062
102.211 3.71474322169059
104.092 3.71474322169059
104.215 1.9874086413326393
108.057 1.9874086413326393
108.124 1.9008042953020132
111.849 1.9008042953020132
112.106 2.3129382853951412
115.687 2.3129382853951412
115.809 4.166724873096447
117.779 4.166724873096447
117.811 4.235297812675266
119.594 4.235297812675266
119.71 6.150680016019224
122.207 6.150680016019224
122.305 5.436625316455697
125.465 5.436625316455697
125.511 3.8439450574195004
129.952 3.8439450574195004
130.018 2.701220893643801
136.374 2.701220893643801
136.418 2.7254690580061403
142.607 2.7254690580061403
142.719 3.1534767232046192
148.261 3.1534767232046192
148.312 5.465365099806825
151.418 5.465365099806825
151.509 3.788479726845924
156.195 3.788479726845924
156.511 2.9850043898156278
162.206 2.9850043898156278
162.311 3.2777763997811418
167.794 3.2777763997811418
167.917 3.0859795436664044
173.001 3.0859795436664044
173.108 5.389214129415443
176.307 5.389214129415443
176.41 4.967199653529667
178.719 4.967199653529667
