0.015 2.6686385321100916
0.56 2.6686385321100916
0.619 2.6882073434125267
1.082 2.6882073434125267
1.113 2.6831079136690645
1.53 2.6831079136690645
1.614 2.6856501079913606
2.077 2.6856501079913606
2.118 2.5443497128270582
5.252 2.5443497128270582
5.317 1.7125772314270444
9.059 1.7125772314270444
9.132 0.7890338743056312
18.313 0.7890338743056312
18.432 1.235638799883484
25.298 1.235638799883484
25.44 1.2651416579223504
26.393 1.2651416579223504
26.537 1.2732723112128146
27.411 1.2732723112128146
27.538 1.2706830907054871
28.431 1.2706830907054871
28.547 0.9637442759440976
31.91 0.9637442759440976
32.072 0.6659788838612368
36.713 0.6659788838612368
36.874 0.6705864801864803
39.019 0.6705864801864803
39.182 0.667774145616642
43.22 0.667774145616642
43.382 1.1933653767820773
45.837 1.1933653767820773
45.942 0.9940349614395887
53.722 0.9940349614395887
53.844 0.6897412635062786
64.117 0.6897412635062786
64.242 1.1525017421602788
65.39 1.1525017421602788
65.537 1.3794957160342718
66.354 1.3794957160342718
66.431 1.4062073578595318
67.328 1.4062073578595318
67.618 1.415354260089686
68.51 1.415354260089686
68.635 1.3519024390243903
71.013 1.3519024390243903
71.137 1.0777315456927108
77.626 1.0777315456927108
77.919 0.9579687958394453
85.418 0.9579687958394453
85.553 1.0079944367176634
92.743 1.0079944367176634
92.825 1.4630188551044676
98.712 1.4630188551044676
98.816 2.311576219512195
101.44 2.311576219512195
101.517 1.5176255850234008
106.645 1.5176255850234008
106.724 1.63795383969786
111.49 1.63795383969786
111.629 2.1479963110974487
114.882 2.1479963110974487
114.916 2.27617341862118
116.323 2.27617341862118
116.417 1.9950586648685098
117.9 1.9950586648685098
118.029 1.9523058994901676
120.775 1.9523058994901676
120.822 1.4856919457013575
126.347 1.4856919457013575
126.43 1.4754857366158656
131.548 1.4754857366158656
131.633 1.5222385800052205
135.464 1.5222385800052205
135.532 2.550508152173913
138.476 2.550508152173913
138.514 2.643389090909091
141.264 2.643389090909091
141.315 2.2628012158054713
144.605 2.2628012158054713
144.735 1.365871121718377
149.763 1.365871121718377
149.837 1.2364354644149578
156.469 1.2364354644149578
156.541 1.0419124956247814
159.398 1.0419124956247814
159.543 1.0252187134502924
162.963 1.0252187134502924
163.032 1.3788554996405464
168.596 1.3788554996405464
168.734 1.6990726643598617
173.358 1.6990726643598617
173.424 1.867858347386172
176.982 1.867858347386172
177.014 2.8048715824357915
179.428 2.8048715824357915
179.516 2.8065612185120092
181.223 2.8065612185120092
