0.008 4.215675362318841
0.353 4.215675362318841
0.41 4.247918088737201
0.703 4.247918088737201
0.81 4.18255737704918
1.481 4.18255737704918
1.509 4.173042291950886
2.242 4.173042291950886
2.314 4.155285044293904
4.233 4.155285044293904
4.309 4.269463024650233
5.81 4.269463024650233
5.909 3.724483290488432
7.854 3.724483290488432
7.917 3.5098421455938698
13.137 3.5098421455938698
13.207 3.878243396226415
17.447 3.878243396226415
17.511 6.042342618384401
20.383 6.042342618384401
20.506 6.7291702786377705
23.09 6.7291702786377705
23.204 6.663873217115689
25.728 6.663873217115689
25.804 6.326307802433787
28.598 6.326307802433787
28.707 6.327079596802225
31.584 6.327079596802225
31.707 3.277465168539326
36.602 3.277465168539326
36.902 3.277476969927674
42.156 3.277476969927674
42.211 3.346275484106686
47.685 3.346275484106686
47.812 3.4679217006945904
52.563 3.4679217006945904
52.613 3.4658228638314474
57.739 3.4658228638314474
57.81 5.0083692307692305
61.255 5.0083692307692305
61.305 6.902785109983079
63.669 6.902785109983079
63.705 6.909425396825397
66.225 6.909425396825397
66.305 6.673694329703342
68.968 6.673694329703342
69.005 6.633914807302231
71.47 6.633914807302231
71.698 6.812429906542056
74.266 6.812429906542056
74.304 7.097281078803203
76.677 7.097281078803203
76.706 7.098038518518519
79.406 7.098038518518519
79.504 5.4214378006872845
82.414 5.4214378006872845
82.505 5.280430426716141
85.739 5.280430426716141
85.805 5.401909516380655
89.01 5.401909516380655
89.106 6.647874164372788
91.649 6.647874164372788
91.705 6.63941885625966
94.293 6.63941885625966
94.405 3.712111817026684
99.127 3.712111817026684
99.406 2.57011632481034
106.524 2.57011632481034
106.618 2.5681313117262485
113.807 2.5681313117262485
113.916 2.5936162104944804
120.529 2.5936162104944804
120.616 4.042708081073966
124.415 4.042708081073966
124.51 4.086521408182683
128.714 4.086521408182683
128.812 4.756466982446364
132.401 4.756466982446364
132.508 5.188564521003324
135.817 5.188564521003324
135.91 4.812532952924394
139.415 4.812532952924394
139.509 4.811830396475771
143.141 4.811830396475771
143.401 4.520752063914781
147.156 4.520752063914781
147.211 4.033814133151557
151.612 4.033814133151557
151.711 4.034076886568581
155.925 4.034076886568581
156.013 2.235607413857445
164.052 2.235607413857445
164.123 2.0532809841643767
171.764 2.0532809841643767
171.824 1.2839871899903181
185.251 1.2839871899903181
185.336 1.3506625317169438
188.883 1.3506625317169438
