0.056 0.7077411192214111
2.111 0.7077411192214111
2.262 0.7132607449856734
4.007 0.7132607449856734
4.177 0.7099340101522843
5.753 0.7099340101522843
5.871 0.8229358041032429
7.382 0.8229358041032429
7.445 0.967112426035503
8.797 0.967112426035503
8.937 1.2187117008443908
9.766 1.2187117008443908
9.843 1.247186560565871
12.105 1.247186560565871
12.25 1.031978591412237
20.471 1.031978591412237
20.548 1.1352186356073213
26.558 1.1352186356073213
26.644 0.9360010241966458
34.455 0.9360010241966458
34.554 0.8789465530596436
35.845 0.8789465530596436
36.12 1.2355924826904057
37.131 1.2355924826904057
37.239 1.2353198847262248
38.28 1.2353198847262248
38.338 1.4707033432077867
40.701 1.4707033432077867
40.835 1.3682447960033306
45.639 1.3682447960033306
45.917 1.1430676365887635
52.378 1.1430676365887635
52.443 1.1771068493150685
59.013 1.1771068493150685
59.133 1.3678980694980694
64.313 1.3678980694980694
64.435 1.241814238566714
70.798 1.241814238566714
70.932 1.324379928315412
76.512 1.324379928315412
76.815 1.3533991416309012
77.747 1.3533991416309012
77.833 1.3402292993630573
78.775 1.3402292993630573
78.856 0.8819818930041152
82.501 0.8819818930041152
82.651 0.8838046272493573
85.763 0.8838046272493573
85.839 1.2972729281767956
86.744 1.2972729281767956
86.841 1.2909477263068423
89.194 1.2909477263068423
89.339 1.3248411013690202
95.84 1.3248411013690202
95.942 1.0151591631799162
101.917 1.0151591631799162
102.036 1.3487667244367416
107.806 1.3487667244367416
107.944 1.373414496833216
113.628 1.373414496833216
113.73 1.6234739776951674
118.034 1.6234739776951674
118.128 1.4633238788807974
123.346 1.4633238788807974
123.437 1.4068142261076892
128.47 1.4068142261076892
128.536 1.4135697297297296
129.461 1.4135697297297296
129.528 1.4190148367952522
130.539 1.4190148367952522
130.632 1.5068457008244993
131.481 1.5068457008244993
131.529 1.5002990654205608
133.241 1.5002990654205608
133.329 1.3964470894550864
138.706 1.3964470894550864
138.846 1.2572327914216535
144.628 1.2572327914216535
144.734 1.4385731400966184
149.909 1.4385731400966184
150.031 1.5541072640868974
154.45 1.5541072640868974
154.526 1.4413851291966953
160.215 1.4413851291966953
160.343 1.1066083970657095
166.75 1.1066083970657095
166.848 1.2311264044943822
169.696 1.2311264044943822
169.834 1.310772595250299
175.687 1.310772595250299
176.022 0.9407869716201652
184.373 0.9407869716201652
184.451 1.0618301158301158
185.487 1.0618301158301158
185.539 1.137296518607443
186.372 1.137296518607443
186.446 1.1426972010178118
187.232 1.1426972010178118
