0.009 5.659175097276265
0.266 5.659175097276265
0.312 5.5308894253983585
2.383 5.5308894253983585
2.506 4.981782671134514
4.595 4.981782671134514
4.707 5.480958990536277
6.926 5.480958990536277
7.009 5.144307423580786
9.299 5.144307423580786
9.409 5.438134369794558
11.21 5.438134369794558
11.31 5.311919655667145
13.401 5.311919655667145
13.509 5.210712241653418
16.025 5.210712241653418
16.111 4.825044600938967
19.519 4.825044600938967
19.607 4.6263950946414285
23.358 4.6263950946414285
23.409 4.595183932346723
27.193 4.595183932346723
27.31 4.61443511659808
30.955 4.61443511659808
31.009 4.617477533960293
34.837 4.617477533960293
34.91 4.49456987654321
38.96 4.49456987654321
39.008 4.718585882352942
42.408 4.718585882352942
42.509 3.963144764096663
46.854 3.963144764096663
47.102 4.045386925795054
51.63 4.045386925795054
51.713 4.346108150883672
55.504 4.346108150883672
55.607 3.83876577355229
60.235 3.83876577355229
60.311 4.31993790686029
64.305 4.31993790686029
64.407 4.622715014164306
67.937 4.622715014164306
68.012 5.146837718001773
71.395 5.146837718001773
71.51 5.028876061120544
75.044 5.028876061120544
75.113 5.2784377017430595
78.211 5.2784377017430595
78.31 5.372948402948403
81.566 5.372948402948403
81.8 5.228763737969574
85.021 5.228763737969574
85.11 5.302906474820143
88.724 5.302906474820143
88.807 5.535573333333334
91.657 5.535573333333334
91.709 4.664548484020759
95.37 4.664548484020759
95.411 4.705930959499864
99.09 4.705930959499864
99.209 5.049445639187574
102.557 5.049445639187574
102.609 5.135330543933054
105.955 5.135330543933054
106.01 4.387632540675845
110.005 4.387632540675845
110.112 4.623221632549911
114.069 4.623221632549911
114.301 4.118290430515279
118.784 4.118290430515279
118.91 4.508828601472135
122.714 4.508828601472135
122.811 4.849462582886011
125.978 4.849462582886011
126.011 5.194960991835501
129.318 5.194960991835501
129.412 5.073093610698366
132.777 5.073093610698366
132.912 5.042279001468429
136.317 5.042279001468429
136.41 5.036705882352941
139.759 5.036705882352941
139.811 5.073024092888244
143.256 5.073024092888244
143.312 4.546176754151045
147.046 4.546176754151045
147.302 4.729039957378796
151.056 4.729039957378796
151.113 4.986682311528308
154.522 4.986682311528308
154.612 4.78871516120437
158.365 4.78871516120437
158.409 4.158261330506229
162.182 4.158261330506229
162.312 4.5500385325943515
166.101 4.5500385325943515
166.212 4.687071516142215
168.659 4.687071516142215
