0.023 1.9627638326585695
0.764 1.9627638326585695
0.826 1.9946153846153845
1.45 1.9946153846153845
1.53 1.9489555555555556
2.97 1.9489555555555556
3.019 1.9445899554990465
4.592 1.9445899554990465
4.728 1.9438005210271678
7.415 1.9438005210271678
7.524 2.2944733261725743
10.317 2.2944733261725743
10.417 2.639985422740525
13.161 2.639985422740525
13.215 2.7843439448638003
16.262 2.7843439448638003
16.315 2.83568744804655
18.721 2.83568744804655
18.818 2.925611844737895
21.317 2.925611844737895
21.414 2.66426364280652
24.236 2.66426364280652
24.315 2.504922866894198
27.245 2.504922866894198
27.315 2.646683438155136
30.177 2.646683438155136
30.405 3.584795503674881
32.718 3.584795503674881
32.811 3.1352730115301934
37.928 3.1352730115301934
38.018 2.381065265486726
45.25 2.381065265486726
45.311 3.678954006828681
50.29 3.678954006828681
50.413 2.0068326431181487
58.623 2.0068326431181487
58.712 4.113307652264446
60.633 4.113307652264446
60.709 4.10329816768462
62.51 4.10329816768462
62.611 4.1087741935483875
64.347 4.1087741935483875
64.412 4.259670011148272
66.206 4.259670011148272
66.503 2.231828205450207
74.466 2.231828205450207
74.528 2.182383557987455
82.021 2.182383557987455
82.113 2.699664787673807
84.774 2.699664787673807
84.812 3.364661095636026
86.966 3.364661095636026
87.014 3.898955183340878
89.223 3.898955183340878
89.308 4.341858267716535
90.705 4.341858267716535
90.808 4.039960255500355
95.035 4.039960255500355
95.113 3.1177957860615884
100.666 3.1177957860615884
100.718 3.305737974188502
105.832 3.305737974188502
106.102 4.414906474820143
109.994 4.414906474820143
110.111 4.4174879032258065
114.079 4.4174879032258065
114.109 4.4177947355711185
118.25 4.4177947355711185
118.312 4.416817224880383
122.492 4.416817224880383
122.61 4.550698859113823
126.379 4.550698859113823
126.411 3.8053141724479684
130.447 3.8053141724479684
130.512 2.6734727668845317
136.938 2.6734727668845317
137.031 1.7292301458670989
146.903 1.7292301458670989
147.022 2.496517773306506
150.004 2.496517773306506
150.112 3.273403241182078
152.21 3.273403241182078
152.311 3.2695534290271135
154.819 3.2695534290271135
154.915 2.229770786516854
156.25 2.229770786516854
156.339 1.3286275104206138
158.978 1.3286275104206138
159.032 1.3236632160110422
164.828 1.3236632160110422
164.935 1.3242056295297489
170.868 1.3242056295297489
170.938 1.9720593471810088
174.308 1.9720593471810088
174.602 4.138728606356969
176.238 4.138728606356969
176.311 4.144290657439447
177.467 4.144290657439447
