0.012 3.4628761904761904
0.432 3.4628761904761904
0.516 3.406756794425087
1.951 3.406756794425087
2.017 2.2681421188630493
5.113 2.2681421188630493
5.219 3.0301168831168828
7.683 3.0301168831168828
7.71 4.234727562400425
9.593 4.234727562400425
9.708 2.9423617998163456
11.886 2.9423617998163456
12.016 3.8026876640419944
13.921 3.8026876640419944
14.008 4.556335123523094
15.87 4.556335123523094
15.907 4.57283109919571
17.399 4.57283109919571
17.508 4.1706240730176845
19.261 4.1706240730176845
19.311 4.140171806167401
21.127 4.140171806167401
21.212 3.674009611183923
25.79 3.674009611183923
25.914 3.7282649230120226
30.655 3.7282649230120226
30.707 4.929057135120498
34.4 4.929057135120498
34.505 5.494243835616438
37.425 5.494243835616438
37.507 4.435822771767131
41.389 4.435822771767131
41.513 3.4431413533834587
46.833 3.4431413533834587
46.905 6.189367392937641
49.567 6.189367392937641
49.607 5.322291192330736
52.945 5.322291192330736
53.201 5.6421948986265535
56.259 5.6421948986265535
56.306 6.3967793022344175
58.857 6.3967793022344175
58.906 4.58204
62.706 4.58204
62.811 3.61220487804878
67.731 3.61220487804878
67.813 3.35644499178982
72.685 3.35644499178982
72.812 3.7032853513971213
77.536 3.7032853513971213
77.61 4.377917338185599
81.457 4.377917338185599
81.509 4.682312240410457
85.602 4.682312240410457
85.707 5.806545454545455
88.424 5.806545454545455
88.7 5.828297610921502
91.63 5.828297610921502
91.706 4.834716559620218
95.287 4.834716559620218
95.409 4.527462238885914
99.143 4.527462238885914
99.209 3.9257061914553346
103.586 3.9257061914553346
103.711 3.6786132214060863
108.476 3.6786132214060863
108.514 4.356772564896405
112.713 4.356772564896405
112.804 6.825248059149723
115.509 6.825248059149723
115.605 6.26656339057362
118.342 6.26656339057362
118.407 4.788976613657623
121.614 4.788976613657623
121.901 5.228160681679854
125.187 5.228160681679854
125.309 6.125209903121636
128.096 6.125209903121636
128.205 7.8289831281349755
130.398 7.8289831281349755
130.504 8.514855123674911
132.485 8.514855123674911
132.604 7.061239595959596
135.079 7.061239595959596
135.105 6.1393938517179025
137.87 6.1393938517179025
137.904 5.775151594014313
140.978 5.775151594014313
141.005 5.489053923151436
144.102 5.489053923151436
144.207 4.824710872483221
147.932 4.824710872483221
148.2 5.343705722070845
151.136 5.343705722070845
151.207 3.0373671599718115
156.883 3.0373671599718115
157.013 3.649145402481705
160.156 3.649145402481705
