0.008 7.458502564102564
0.203 7.458502564102564
0.305 7.408571428571428
0.473 7.408571428571428
0.506 7.2896
0.891 7.2896
1.005 7.352980769230769
1.421 7.352980769230769
1.508 7.308883593033913
2.599 7.308883593033913
2.703 7.289066166119192
4.834 7.289066166119192
4.905 7.29513102282333
7.271 7.29513102282333
7.306 7.290639076800637
9.819 7.290639076800637
9.902 7.288897163120568
12.158 7.288897163120568
12.205 6.695064814814815
14.797 6.695064814814815
14.906 6.039658214657868
17.785 6.039658214657868
17.906 5.83002287694974
20.791 5.83002287694974
20.908 5.304833133253302
24.24 5.304833133253302
24.5 5.120396061884669
28.055 5.120396061884669
28.108 5.294782838283829
31.138 5.294782838283829
31.206 5.503312240332374
34.335 5.503312240332374
34.407 5.139593714927049
37.971 5.139593714927049
38.009 4.39479754601227
41.758 4.39479754601227
41.809 4.410577954319761
45.837 4.410577954319761
45.906 6.21983850036049
48.68 6.21983850036049
48.707 6.204632699619772
51.337 6.204632699619772
51.405 4.749523186033825
55.071 4.749523186033825
55.301 4.576885912953902
59.184 4.576885912953902
59.308 4.579277513301597
62.879 4.579277513301597
62.909 4.027237569060774
67.253 4.027237569060774
67.317 3.1849183055975794
72.605 3.1849183055975794
72.714 4.732025679012346
76.764 4.732025679012346
76.818 3.0735211377362166
81.951 3.0735211377362166
82.011 5.1266622635845085
85.342 5.1266622635845085
85.407 5.5651301832208295
88.518 5.5651301832208295
88.61 4.007002607252904
92.829 4.007002607252904
93.103 3.2685592543275632
98.36 3.2685592543275632
98.416 3.3884770925961725
103.589 3.3884770925961725
103.712 4.467420757020757
107.807 4.467420757020757
107.908 6.475726411785338
110.759 6.475726411785338
110.806 6.343041420118343
113.51 6.343041420118343
113.607 4.683820677035682
116.886 4.683820677035682
117.013 3.6811090636383113
121.68 3.6811090636383113
121.713 3.4938518215309045
126.599 3.4938518215309045
126.714 3.563503528435035
131.532 3.563503528435035
131.803 3.618950439819781
136.464 3.618950439819781
136.512 3.635649677553568
141.319 3.635649677553568
141.413 6.137174258857557
144.179 6.137174258857557
144.207 5.425677261613692
147.479 5.425677261613692
147.51 4.2960828910791005
151.467 4.2960828910791005
151.512 4.58470612244898
155.432 4.58470612244898
155.508 5.0061008296107214
158.642 5.0061008296107214
158.71 4.576611627289621
162.477 4.576611627289621
162.511 4.396038328861633
165.12 4.396038328861633
