0.022 2.0256378830083563
0.74 2.0256378830083563
0.818 2.0403934426229506
1.428 2.0403934426229506
1.524 2.0379890710382513
2.073 2.0379890710382513
2.127 2.0044823066841415
3.653 2.0044823066841415
3.725 2.027187596899225
4.37 2.027187596899225
4.425 1.9887816531294793
6.518 1.9887816531294793
6.625 2.8220179197506816
9.192 2.8220179197506816
9.309 3.1329010339734125
12.017 3.1329010339734125
12.116 2.57750812240272
14.763 2.57750812240272
14.815 2.5999658605974396
17.627 2.5999658605974396
17.726 1.9996148936170213
21.486 1.9996148936170213
21.619 2.5980261946902656
24.444 2.5980261946902656
24.519 2.5325336008024073
27.51 2.5325336008024073
27.622 3.082391078066914
30.312 3.082391078066914
30.601 3.678258533855624
32.388 3.678258533855624
32.513 3.8454363555158553
36.991 3.8454363555158553
37.112 3.9803372446762277
41.714 3.9803372446762277
41.81 3.975891891891892
45.954 3.975891891891892
46.012 3.964697165811203
50.493 3.964697165811203
50.61 4.054001879699248
54.866 4.054001879699248
54.913 3.6563262379565313
59.376 3.6563262379565313
59.412 3.8926340263805055
63.885 3.8926340263805055
64.012 4.068692307692308
68.38 4.068692307692308
68.702 4.0050453098212095
72.785 4.0050453098212095
72.911 3.908471849865952
77.387 3.908471849865952
77.511 3.9313370681605977
81.795 3.9313370681605977
81.914 3.9943109629012086
86.712 3.9943109629012086
86.815 3.7869380700912147
90.981 3.7869380700912147
91.111 4.188597498160412
95.188 4.188597498160412
95.312 3.943763097949886
99.702 3.943763097949886
99.812 3.9871566037735846
104.052 3.9871566037735846
104.111 4.065976336961666
108.337 4.065976336961666
108.602 4.127287967977396
112.849 4.127287967977396
112.915 4.112879496402877
117.363 4.112879496402877
117.412 3.994438771094764
122.034 3.994438771094764
122.11 3.798800442967885
126.625 3.798800442967885
126.714 4.044837503292072
130.511 4.044837503292072
130.609 4.115892668902731
134.783 4.115892668902731
134.911 4.064514285714285
139.111 4.064514285714285
139.212 3.946887356321839
143.562 3.946887356321839
143.611 3.892
147.945 3.892
148.203 3.729527955612463
152.889 3.729527955612463
153.014 3.7104751912568306
157.589 3.7104751912568306
157.713 3.6289484873262468
162.605 3.6289484873262468
162.717 3.6092569002123143
167.427 3.6092569002123143
167.515 3.864956559139785
172.165 3.864956559139785
172.213 4.009486327625862
176.126 4.009486327625862
176.213 4.110657129232237
180.407 4.110657129232237
180.514 4.10643179377014
183.307 4.10643179377014
