0.025 1.5843224400871458
0.943 1.5843224400871458
1.026 1.5977406931964055
1.805 1.5977406931964055
1.927 1.5938119658119658
2.629 1.5938119658119658
2.729 1.6003294723294723
3.506 1.6003294723294723
3.636 1.4965854545454544
5.836 1.4965854545454544
5.953 0.7699704433497537
14.276 0.7699704433497537
14.39 0.8709943181818182
15.798 0.8709943181818182
15.952 0.8643828464885022
17.561 0.8643828464885022
17.659 0.4862564321858741
31.69 0.4862564321858741
31.902 0.5190485074626865
34.046 0.5190485074626865
34.212 0.5183736866148927
36.401 0.5183736866148927
36.756 0.5761918819188192
38.924 0.5761918819188192
39.091 0.576667264573991
41.321 0.576667264573991
41.487 0.574673591689972
43.99 0.574673591689972
44.198 0.43834428794992175
46.754 0.43834428794992175
46.92 0.42821362229102167
49.504 0.42821362229102167
49.726 0.4821805963880722
52.107 0.4821805963880722
52.292 0.5894951076320939
54.336 0.5894951076320939
54.493 0.5885551601423488
56.741 0.5885551601423488
56.885 0.5513933463796478
58.929 0.5513933463796478
59.241 0.5353853989813243
61.597 0.5353853989813243
61.82 0.3402103519668737
76.31 0.3402103519668737
76.593 0.3020304007369876
80.935 0.3020304007369876
81.125 0.4433301127214171
83.609 0.4433301127214171
83.827 0.43889046728971964
86.502 0.43889046728971964
86.72 0.4535926335174954
89.435 0.4535926335174954
89.54 1.2753794916739702
90.681 1.2753794916739702
90.738 1.1887255216693418
92.607 1.1887255216693418
92.781 0.6224578313253012
97.927 0.6224578313253012
98.068 0.6909619401664012
109.366 0.6909619401664012
109.542 0.35465164742326105
113.093 0.35465164742326105
113.332 0.37553025335320417
116.687 0.37553025335320417
116.786 0.6112841210833776
118.669 0.6112841210833776
118.787 0.6110056074766356
120.927 0.6110056074766356
121.084 0.7144742818971277
125.575 0.7144742818971277
125.668 0.7772247873633049
127.314 0.7772247873633049
127.475 0.8232410256410256
130.595 0.8232410256410256
130.755 0.7380760398060731
134.674 0.7380760398060731
134.78 0.6443861359808527
146.061 0.6443861359808527
146.175 0.6239875195007801
148.098 0.6239875195007801
148.293 0.5178232720909887
150.579 0.5178232720909887
150.726 0.40338193146417445
153.936 0.40338193146417445
154.143 0.4068931698774081
156.998 0.4068931698774081
157.233 0.37561198910081744
160.903 0.37561198910081744
161.268 0.4084319897632757
169.083 0.4084319897632757
169.186 0.5911874422899354
171.352 0.5911874422899354
171.507 0.5959133261105092
173.353 0.5959133261105092
173.64 0.639681296421337
175.121 0.639681296421337
175.274 0.6388051209103841
176.68 0.6388051209103841
