0.015 3.087915074309979
0.486 3.087915074309979
0.521 3.1038403990024936
0.922 3.1038403990024936
1.017 3.1165905292479112
1.376 3.1165905292479112
1.416 3.0527345309381237
2.418 3.0527345309381237
2.519 2.9742603506154417
5.2 2.9742603506154417
5.312 1.9549920683343502
8.59 1.9549920683343502
8.737 1.6722345337026776
13.069 1.6722345337026776
13.118 2.9315466482377333
16.012 2.9315466482377333
16.116 2.9370055962117947
18.439 2.9370055962117947
18.512 2.887481832543444
21.044 2.887481832543444
21.115 2.606083882149047
24.0 2.606083882149047
24.117 2.8034469060351412
26.735 2.8034469060351412
27.006 2.694702241195304
29.817 2.694702241195304
29.912 2.8971460517120895
32.774 2.8971460517120895
32.812 2.9032897526501764
35.076 2.9032897526501764
35.112 2.898492935635793
37.66 2.898492935635793
37.712 2.901910694183865
40.377 2.901910694183865
40.417 2.8940973124890217
46.11 2.8940973124890217
46.214 2.892511885379355
52.356 2.892511885379355
52.413 2.891542148483325
58.38 2.891542148483325
58.413 2.903591459074733
64.033 2.903591459074733
64.115 2.9121511958521493
70.094 2.9121511958521493
70.218 2.8831749813849594
72.904 2.8831749813849594
73.014 2.8910293509714755
75.433 2.8910293509714755
75.519 2.881591656638588
78.012 2.881591656638588
78.118 2.8851433121019108
80.63 2.8851433121019108
80.716 2.88439115874079
83.702 2.88439115874079
83.812 2.8911229742612012
85.91 2.8911229742612012
86.012 2.887712059369202
88.707 2.887712059369202
88.813 2.8902213994816734
91.514 2.8902213994816734
91.616 2.8839208461276016
97.478 2.8839208461276016
97.515 2.881572362904578
103.478 2.881572362904578
103.515 2.865085322000654
109.633 2.865085322000654
109.714 2.815341335795629
116.212 2.815341335795629
116.319 2.377323718774144
124.085 2.377323718774144
124.219 2.692169696969697
127.024 2.692169696969697
127.114 2.8530802348336595
129.158 2.8530802348336595
129.215 2.8495999999999997
131.85 2.8495999999999997
131.914 2.7766692131398014
134.532 2.7766692131398014
134.613 2.743042004421518
137.327 2.743042004421518
137.417 2.740462889066241
139.923 2.740462889066241
140.013 2.7796745762711867
142.963 2.7796745762711867
143.015 2.8280973274830474
145.522 2.8280973274830474
145.808 2.830285506719942
148.561 2.830285506719942
148.614 2.8247245949926363
151.33 2.8247245949926363
151.417 2.826682604592639
157.775 2.826682604592639
157.816 2.7792949512843226
163.461 2.7792949512843226
163.514 2.8082906010750937
169.653 2.8082906010750937
169.714 2.8389267326732677
173.754 2.8389267326732677
