0.092 0.4763865050769735
3.145 0.4763865050769735
3.3 0.48037051331532227
5.891 0.48037051331532227
6.12 0.4785526090675791
8.458 0.4785526090675791
8.61 0.4800988416988417
11.2 0.4800988416988417
11.406 0.4766810061975939
14.149 0.4766810061975939
14.305 0.4801863117870723
16.409 0.4801863117870723
16.613 0.4782995319812792
19.177 0.4782995319812792
19.307 0.4751595490263068
22.234 0.4751595490263068
22.412 0.47977715877437327
24.925 0.47977715877437327
25.103 0.7792997198879552
26.531 0.7792997198879552
26.668 0.801922261484099
28.083 0.801922261484099
28.175 0.8845720524017467
31.839 0.8845720524017467
31.967 0.8451197143813455
40.93 0.8451197143813455
41.055 0.9527326209353096
49.758 0.9527326209353096
49.855 0.9968042704626334
50.979 0.9968042704626334
51.052 1.0370234301780692
52.119 1.0370234301780692
52.252 1.0484675799086758
53.347 1.0484675799086758
53.44 1.0246236263736264
56.352 1.0246236263736264
56.456 0.9215472877023573
59.977 0.9215472877023573
60.233 1.0059892434564361
63.022 1.0059892434564361
63.321 1.206092661481231
69.235 1.206092661481231
69.341 1.2333518398967076
75.537 1.2333518398967076
75.641 1.3655806736025393
81.312 1.3655806736025393
81.441 1.1995540308747856
87.271 1.1995540308747856
87.334 1.3042498184458968
92.842 1.3042498184458968
92.938 1.344070796460177
95.198 1.344070796460177
95.332 1.4818818737270876
96.314 1.4818818737270876
96.429 1.467455746367239
97.943 1.467455746367239
98.215 1.4599671832269825
100.409 1.4599671832269825
100.716 1.4435073964497043
106.124 1.4435073964497043
106.23 1.4371517893870835
111.092 1.4371517893870835
111.232 1.5554336932165411
116.141 1.5554336932165411
116.229 1.4607996698989065
121.076 1.4607996698989065
121.133 1.5412415333085225
126.507 1.5412415333085225
126.624 1.4476980599647264
132.294 1.4476980599647264
132.43 1.4703146417445483
137.566 1.4703146417445483
137.625 1.5326402102496715
141.43 1.5326402102496715
141.712 1.4390646766169155
143.722 1.4390646766169155
143.83 1.457111111111111
144.622 1.457111111111111
144.73 1.4416236162361624
146.898 1.4416236162361624
147.039 1.3894705882352942
150.303 1.3894705882352942
150.44 1.2999429296131895
156.748 1.2999429296131895
156.837 1.4448828204605666
161.744 1.4448828204605666
161.832 1.5885374108053005
166.737 1.5885374108053005
166.826 1.3552291114644055
172.487 1.3552291114644055
172.538 1.3318379386336667
178.437 1.3318379386336667
178.534 1.3251924227318046
183.549 1.3251924227318046
183.636 1.3328661417322836
188.716 1.3328661417322836
188.831 1.3497903757415952
190.348 1.3497903757415952
