0.011 3.767896373056995
0.397 3.767896373056995
0.516 3.727710280373832
1.372 3.727710280373832
1.413 3.727086321381142
2.166 3.727086321381142
2.213 3.7302926829268293
3.033 3.7302926829268293
3.116 3.717478787878788
5.261 3.717478787878788
5.31 3.7172064965197213
7.034 3.7172064965197213
7.116 5.896918346429791
10.043 5.896918346429791
10.106 6.012922874958976
13.153 6.012922874958976
13.21 3.9556776521529953
17.367 3.9556776521529953
17.411 4.417924643584522
21.339 4.417924643584522
21.411 4.519931375097479
25.258 4.519931375097479
25.312 5.580496350364963
28.326 5.580496350364963
28.407 5.367659884603705
31.7 5.367659884603705
31.813 4.129539019963702
36.221 4.129539019963702
36.501 6.240059120964605
39.072 6.240059120964605
39.11 4.989818603303391
42.561 4.989818603303391
42.615 4.76274362974519
46.461 4.76274362974519
46.518 3.487004444444444
51.243 3.487004444444444
51.309 5.331875150060024
54.641 5.331875150060024
54.718 2.9293432937181665
60.608 2.9293432937181665
60.711 5.058333539987601
63.937 5.058333539987601
64.012 4.038912549292507
68.323 4.038912549292507
68.413 2.7799230408259032
74.806 2.7799230408259032
75.099 5.873778735632184
77.883 5.873778735632184
78.014 3.765458458889367
82.66 3.765458458889367
82.713 4.925957297455397
86.132 4.925957297455397
86.211 3.5862095808383234
91.555 3.5862095808383234
91.617 5.864826765799257
94.307 5.864826765799257
94.417 3.8152171581769436
98.893 3.8152171581769436
99.005 8.54968888888889
101.03 8.54968888888889
101.109 6.167655600145932
103.85 6.167655600145932
103.914 2.975379393939394
109.689 2.975379393939394
110.001 4.8129028006589785
113.643 4.8129028006589785
113.724 2.428526217974247
121.257 2.428526217974247
121.312 5.92880411046885
124.426 5.92880411046885
124.506 4.817860674157303
128.066 4.817860674157303
128.112 3.9289455103607063
132.021 3.9289455103607063
132.116 3.6646194539249146
136.804 3.6646194539249146
136.916 4.191249693100908
140.989 4.191249693100908
141.111 4.177362530413625
145.221 4.177362530413625
145.314 2.595065846153846
151.814 2.595065846153846
152.11 2.891078246484698
158.155 2.891078246484698
158.219 3.151128888888889
160.469 3.151128888888889
160.518 2.270331002331002
163.95 2.270331002331002
164.024 2.2154062951198386
167.487 2.2154062951198386
167.522 2.3966510500807754
172.474 2.3966510500807754
172.526 2.6456369426751594
175.038 2.6456369426751594
175.112 4.255788812067882
176.703 4.255788812067882
176.812 4.269875222816399
177.934 4.269875222816399
