0.037 1.0960120572720422
1.364 1.0960120572720422
1.441 1.1083170080142475
2.564 1.1083170080142475
2.641 0.8865736925515055
3.903 0.8865736925515055
4.065 0.7986229929351317
5.622 0.7986229929351317
5.755 0.9017489655172414
7.205 0.9017489655172414
7.367 0.6218790878214459
17.672 0.6218790878214459
17.743 0.7048045977011494
19.483 0.7048045977011494
19.579 0.623393993724787
21.81 0.623393993724787
21.983 0.6227685950413223
23.919 0.6227685950413223
24.075 0.6366361556064073
25.823 0.6366361556064073
25.976 0.6521379310344828
27.716 0.6521379310344828
27.902 0.6866677966101695
32.622 0.6866677966101695
32.758 0.8002289981331674
34.365 0.8002289981331674
34.456 0.6507999999999999
39.796 0.6507999999999999
39.986 0.58698410430434
51.184 0.58698410430434
51.268 0.714795865633075
52.816 0.714795865633075
52.969 0.7139751243781094
54.577 0.7139751243781094
54.662 0.7460854489164087
56.277 0.7460854489164087
56.372 0.7719206534422404
58.086 0.7719206534422404
58.166 0.7714223134839151
59.627 0.7714223134839151
59.785 0.5783856782410188
68.108 0.5783856782410188
68.318 0.48216307460437074
74.953 0.48216307460437074
75.083 0.5434117647058824
80.999 0.5434117647058824
81.221 0.48299649122807015
83.501 0.48299649122807015
83.703 0.47550911300121507
86.172 0.47550911300121507
86.299 0.488110978993262
88.822 0.488110978993262
88.99 0.5005875472996216
91.897 0.5005875472996216
92.113 0.5171620111731844
96.409 0.5171620111731844
96.746 0.5999479894052493
105.052 0.5999479894052493
105.181 0.6634568725653868
106.978 0.6634568725653868
107.07 0.6197543252595156
111.694 0.6197543252595156
111.888 0.6814479250334672
123.093 0.6814479250334672
123.304 0.5504772835963654
125.395 0.5504772835963654
125.593 0.5507801179443976
127.967 0.5507801179443976
128.099 0.5942932891466446
130.513 0.5942932891466446
130.652 0.8732505119453925
132.117 0.8732505119453925
132.251 0.8803344481605351
133.447 0.8803344481605351
133.559 0.6927988826815642
134.991 0.6927988826815642
135.362 0.533418399718012
141.036 0.533418399718012
141.205 0.6140880245649949
143.159 0.6140880245649949
143.432 0.6922479532163743
145.142 0.6922479532163743
145.272 0.6405280424933605
158.074 0.6405280424933605
158.152 0.8721321321321321
159.484 0.8721321321321321
159.555 0.8757916137229987
161.129 0.8757916137229987
161.265 0.8733333333333334
162.795 0.8733333333333334
162.962 0.8315012987012986
164.502 0.8315012987012986
164.682 0.667613813965213
168.649 0.667613813965213
168.773 0.5643877636075686
180.77 0.5643877636075686
180.923 0.5387764282501124
189.815 0.5387764282501124
