0.053 0.8672677400119261
1.73 0.8672677400119261
1.855 0.8740449438202247
3.279 0.8740449438202247
3.363 0.8727425897035881
4.645 0.8727425897035881
4.757 0.8732134831460675
6.181 0.8732134831460675
6.251 0.8670663129973475
7.759 0.8670663129973475
7.857 0.8732169403630078
9.014 0.8732169403630078
9.154 0.8697588652482269
10.564 0.8697588652482269
10.676 1.1964748546014368
13.599 1.1964748546014368
13.744 2.246514323345407
16.781 2.246514323345407
16.817 2.636532275513884
19.59 2.636532275513884
19.714 1.886239839438033
23.7 1.886239839438033
23.824 1.554304108428632
28.546 1.554304108428632
28.644 1.5800600750938671
33.438 1.5800600750938671
33.523 1.233690224668948
40.244 1.233690224668948
40.319 2.212402558061259
43.29 2.212402558061259
43.412 3.4575655430711607
45.548 3.4575655430711607
45.805 2.615350693270206
48.762 2.615350693270206
48.82 1.9987904090267983
52.365 1.9987904090267983
52.424 1.788111337406653
56.843 1.788111337406653
56.923 1.9545199682623644
60.704 1.9545199682623644
60.821 1.899555792276964
64.576 1.899555792276964
64.631 1.2878072126727333
70.565 1.2878072126727333
70.64 1.1083738371260914
77.627 1.1083738371260914
77.74 1.4023260477240826
82.727 1.4023260477240826
82.821 2.3607650345054223
85.864 2.3607650345054223
86.101 3.0438807223855524
88.482 3.0438807223855524
88.615 2.335989151071332
92.302 2.335989151071332
92.42 1.988061619141265
95.471 1.988061619141265
95.523 1.5208880203244088
100.64 1.5208880203244088
100.794 1.0324676630075387
108.355 1.0324676630075387
108.421 2.066065050266115
111.803 2.066065050266115
111.918 1.779036346691519
116.21 1.779036346691519
116.32 1.6048268359020852
120.732 1.6048268359020852
120.839 1.913731977818854
125.167 1.913731977818854
125.409 1.9599923591212989
129.597 1.9599923591212989
129.723 1.9604195223260645
133.575 1.9604195223260645
133.622 1.2300561063066864
138.363 1.2300561063066864
138.451 1.0693101680432926
145.473 1.0693101680432926
145.517 3.1331428571428575
146.483 3.1331428571428575
146.513 3.131703406813627
147.511 3.131703406813627
147.614 3.1339319727891155
148.496 3.1339319727891155
148.614 3.1814110353378795
150.227 3.1814110353378795
150.314 3.5664185110663986
152.302 3.5664185110663986
152.603 3.8534995054401584
154.625 3.8534995054401584
154.711 3.294097037355088
157.04 3.294097037355088
157.115 2.4613132832080202
160.307 2.4613132832080202
160.422 2.449893816364772
166.826 2.449893816364772
166.919 1.3816393652828978
179.397 1.3816393652828978
179.548 1.4836791576339423
182.777 1.4836791576339423
