0.019 2.400013201320132
0.625 2.400013201320132
0.725 2.718839781628293
4.938 2.718839781628293
5.018 4.084357927786499
7.566 4.084357927786499
7.613 3.272060263653484
11.33 3.272060263653484
11.411 4.605341673182173
13.969 4.605341673182173
14.018 3.353305263157895
14.778 3.353305263157895
14.811 3.331500899820036
18.145 3.331500899820036
18.214 3.514786058981233
21.944 3.514786058981233
22.014 3.805166759620747
23.807 3.805166759620747
23.908 3.300724153498871
26.123 3.300724153498871
26.212 3.198022968949383
28.563 3.198022968949383
28.608 6.714935041171088
29.701 6.714935041171088
29.808 6.691526501766784
30.94 6.691526501766784
31.009 6.769433990330978
33.698 6.769433990330978
33.806 7.553291902071564
35.93 7.553291902071564
36.01 6.198655147588194
38.788 6.198655147588194
38.907 5.362269320843091
42.323 5.362269320843091
42.409 5.625160805735746
45.338 5.625160805735746
45.409 4.955594979079498
48.994 4.955594979079498
49.113 3.6073242734685347
53.896 3.6073242734685347
54.014 3.481583955621933
58.701 3.481583955621933
59.003 3.6725905927019618
63.744 3.6725905927019618
63.814 3.536725970149254
68.839 3.536725970149254
68.912 3.072064625211347
74.235 3.072064625211347
74.311 4.572483010977522
78.137 4.572483010977522
78.209 4.53958167115903
81.919 4.53958167115903
82.013 4.099401925133689
86.688 4.099401925133689
86.813 3.7500318516757782
91.02 3.7500318516757782
91.113 3.645796754910333
95.797 3.645796754910333
95.913 5.348507877664504
99.15 5.348507877664504
99.398 7.483640548915449
101.657 7.483640548915449
101.707 7.660640213999109
103.95 7.660640213999109
104.008 7.343356514453289
106.395 7.343356514453289
106.506 7.895592576607682
108.823 7.895592576607682
108.908 4.6364379708689105
112.89 4.6364379708689105
113.012 3.828478571428571
117.492 3.828478571428571
117.61 4.370588503130336
121.124 4.370588503130336
121.212 4.48674223034735
125.041 4.48674223034735
125.113 3.2503731911652705
130.365 3.2503731911652705
130.601 3.531254627725216
135.463 3.531254627725216
135.535 4.576214867064568
139.221 4.576214867064568
139.313 3.330773394320564
144.56 3.330773394320564
144.615 3.6983494553376906
149.205 3.6983494553376906
149.311 3.6178553087426124
154.218 3.6178553087426124
154.31 6.690121999212908
156.851 6.690121999212908
156.91 7.100769656262347
159.441 7.100769656262347
159.507 7.000946006247211
161.748 7.000946006247211
161.808 6.203704929830875
164.587 6.203704929830875
164.9 5.185019891500904
167.112 5.185019891500904
