0.074 0.6228728051391863
2.409 0.6228728051391863
2.584 0.6276550680786687
4.567 0.6276550680786687
4.687 0.6271614349775785
6.471 0.6271614349775785
6.588 0.6276910651186269
8.569 0.6276910651186269
8.695 0.5524021968736798
11.062 0.5524021968736798
11.195 0.5408522483940043
13.063 0.5408522483940043
13.198 0.5404847950639048
15.467 0.5404847950639048
15.616 0.6441834182491895
17.775 0.6441834182491895
17.857 0.7498009950248756
19.465 0.7498009950248756
19.563 0.7534461746784021
21.04 0.7534461746784021
21.187 0.8125529017615909
30.44 0.8125529017615909
30.568 0.7346035431888699
40.559 0.7346035431888699
40.643 1.0030951638065522
41.925 1.0030951638065522
42.047 0.975853459972863
43.521 0.975853459972863
43.65 0.9244290429042904
44.862 0.9244290429042904
44.953 0.9228557130942452
46.152 0.9228557130942452
46.271 0.7772342487883683
49.985 0.7772342487883683
50.07 0.6507533260632496
54.655 0.6507533260632496
54.773 0.5499606779661017
60.673 0.5499606779661017
60.803 0.47481624261115396
76.367 0.47481624261115396
76.648 0.7359206534422403
78.362 0.7359206534422403
78.462 0.7344363001745201
80.181 0.7344363001745201
80.263 0.7342754759238521
82.049 0.7342754759238521
82.164 0.781569907735983
83.573 0.781569907735983
83.833 0.7760711590296496
87.543 0.7760711590296496
87.681 0.762258469259724
91.666 0.762258469259724
91.759 0.8269599417334305
95.878 0.8269599417334305
95.962 0.8876260487415102
98.465 0.8876260487415102
98.565 0.9518945558739255
103.8 0.9518945558739255
103.953 0.7878200147528891
108.02 0.7878200147528891
108.206 0.5108997971602434
110.671 0.5108997971602434
110.787 0.5148769922353903
113.234 0.5148769922353903
113.398 0.5712397022332506
115.413 0.5712397022332506
115.741 0.6647938808373591
120.709 0.6647938808373591
120.871 0.7544566188572772
125.124 0.7544566188572772
125.264 0.6401776873516446
137.06 0.6401776873516446
137.187 0.5627365045430252
139.058 0.5627365045430252
139.188 0.5835811764705883
140.888 0.5835811764705883
141.144 0.7093005531653349
142.771 0.7093005531653349
142.874 0.7142428571428572
144.554 0.7142428571428572
144.688 0.6976597677940435
148.65 0.6976597677940435
148.777 0.7014914481185861
153.162 0.7014914481185861
153.268 0.7695690871594486
162.481 0.7695690871594486
162.836 0.7460528533129069
173.28 0.7460528533129069
173.367 0.8366938008766438
174.964 0.8366938008766438
175.057 0.9265643994211288
176.439 0.9265643994211288
176.558 0.9190108604845446
177.755 0.9190108604845446
178.032 0.8436046304541407
179.155 0.8436046304541407
179.27 0.5579378746594006
182.94 0.5579378746594006
