0.009 5.308058394160584
0.283 5.308058394160584
0.408 5.341802575107296
0.641 5.341802575107296
0.71 5.226249534450652
1.247 5.226249534450652
1.311 5.228786324786325
1.896 5.228786324786325
2.013 5.196174520069808
5.451 5.196174520069808
5.51 4.599644655019247
8.887 4.599644655019247
9.02 2.9991798436142485
14.775 2.9991798436142485
14.811 4.639497594327677
18.76 4.639497594327677
18.81 4.297896497647674
22.636 4.297896497647674
22.713 3.5692324146441794
27.575 3.5692324146441794
27.622 2.9436560013543254
33.529 2.9436560013543254
33.616 2.7132805914972273
36.321 2.7132805914972273
36.416 2.748478955007257
39.172 2.748478955007257
39.214 3.0162357220807565
41.963 3.0162357220807565
42.016 2.6883631901840492
44.461 2.6883631901840492
44.52 2.6301139601139605
47.328 2.6301139601139605
47.417 2.8621732050333084
50.119 2.8621732050333084
50.217 2.6809353007945513
52.86 2.6809353007945513
52.914 3.0078660068519225
55.541 3.0078660068519225
55.803 2.6980795910916395
58.542 2.6980795910916395
58.619 2.6359320029563933
61.325 2.6359320029563933
61.417 2.892448145344436
64.059 2.892448145344436
64.119 2.682441288534811
67.006 2.682441288534811
67.115 2.927949865711728
72.7 2.927949865711728
72.818 2.874990961380444
78.903 2.874990961380444
79.019 2.803237017310253
85.027 2.803237017310253
85.118 2.7157012894997874
92.175 2.7157012894997874
92.216 2.592126495726496
94.556 2.592126495726496
94.806 2.6062906898861353
97.792 2.6062906898861353
97.916 2.7209787382363193
100.785 2.7209787382363193
100.92 2.621925703564728
103.585 2.621925703564728
103.721 2.3742611940298506
106.937 2.3742611940298506
107.019 2.2693897435897434
110.139 2.2693897435897434
110.221 2.311647222997488
113.804 2.311647222997488
113.919 2.524899415564442
117.17 2.524899415564442
117.221 2.4064805608667945
120.359 2.4064805608667945
120.422 2.423813798836243
122.828 2.423813798836243
123.108 2.478117491749175
126.138 2.478117491749175
126.218 2.411051409618574
129.233 2.411051409618574
129.321 2.4602167878387307
132.347 2.4602167878387307
132.421 2.5009468317552805
135.167 2.5009468317552805
135.22 1.7502822233350026
145.205 1.7502822233350026
145.329 2.570865364228381
151.932 2.570865364228381
152.017 2.6246031933767004
158.781 2.6246031933767004
158.917 2.959858024691358
161.509 2.959858024691358
161.616 2.336161760333036
164.979 2.336161760333036
165.31 2.737166392092257
167.738 2.737166392092257
167.824 2.4684506015311705
170.567 2.4684506015311705
170.623 2.4707581227436823
172.562 2.4707581227436823
