0.108 0.4405961829748561
3.409 0.4405961829748561
3.625 0.4424600071098471
6.438 0.4424600071098471
6.626 0.5307666034155598
8.734 0.5307666034155598
8.87 0.7125822349570201
10.615 0.7125822349570201
10.769 0.7044913793103449
12.625 0.7044913793103449
12.765 0.7001469161469162
14.208 0.7001469161469162
14.363 0.6944280860702151
16.129 0.6944280860702151
16.282 0.6341960784313726
18.475 0.6341960784313726
18.588 0.6389401165871754
20.475 0.6389401165871754
20.57 0.6679711884753902
22.236 0.6679711884753902
22.399 0.6309114515710205
30.101 0.6309114515710205
30.301 0.576228625264976
43.038 0.576228625264976
43.186 0.6656149068322982
45.118 0.6656149068322982
45.271 0.7068343980343981
47.306 0.7068343980343981
47.476 0.6461407151095732
49.21 0.6461407151095732
49.388 0.6133614190687362
51.192 0.6133614190687362
51.389 0.6242914627514954
53.228 0.6242914627514954
53.385 0.6913123262279889
57.701 0.6913123262279889
57.875 0.6890566999362923
62.584 0.6890566999362923
62.844 0.6668507489622811
73.926 0.6668507489622811
74.234 0.6610943396226415
76.142 0.6610943396226415
76.27 0.6534658385093167
78.202 0.6534658385093167
78.4 0.5517105595288179
80.777 0.5517105595288179
80.887 0.6772644526445265
82.513 0.6772644526445265
82.672 0.6777834274952919
86.92 0.6777834274952919
87.249 0.6780357142857143
91.729 0.6780357142857143
91.869 0.7146974402014268
96.635 0.7146974402014268
96.761 0.7600848443380089
99.684 0.7600848443380089
99.759 0.8089795918367347
101.278 0.8089795918367347
101.534 0.8115942818243703
103.003 0.8115942818243703
103.155 0.7018049830821286
109.657 0.7018049830821286
109.785 0.5172135744767323
124.548 0.5172135744767323
124.715 0.4274222057185295
127.408 0.4274222057185295
127.633 0.3854811320754717
131.025 0.3854811320754717
131.257 0.340523142653691
135.47 0.340523142653691
135.654 0.33177178423236514
139.51 0.33177178423236514
139.768 0.33445997458703935
142.916 0.33445997458703935
143.179 0.4182495784148398
145.551 0.4182495784148398
145.863 0.46477325815545706
148.346 0.46477325815545706
148.501 0.5060851961197806
150.872 0.5060851961197806
150.996 0.591872
152.996 0.591872
153.194 0.5872362811791384
155.399 0.5872362811791384
155.583 0.5988041237113403
157.523 0.5988041237113403
157.686 0.5970099610220875
159.995 0.5970099610220875
160.199 0.4766869772998805
166.895 0.4766869772998805
167.1 0.5349660901538881
181.786 0.5349660901538881
181.896 0.543505928853755
183.92 0.543505928853755
184.264 0.542282770463652
186.011 0.542282770463652
186.197 0.5417129071170084
187.855 0.5417129071170084
