0.02 2.6933481481481483
0.56 2.6933481481481483
0.618 2.7057391304347824
1.078 2.7057391304347824
1.115 2.6960385542168672
1.53 2.6960385542168672
1.618 2.646731655061596
3.485 2.646731655061596
3.618 2.6360304132231405
6.643 2.6360304132231405
6.714 3.142944580676802
8.753 3.142944580676802
8.809 3.5406256109481915
10.855 3.5406256109481915
10.911 3.5736714406065713
13.285 3.5736714406065713
13.41 3.3876186693147967
15.424 3.3876186693147967
15.511 3.3353576642335767
17.703 3.3353576642335767
17.815 3.319449006622517
20.08 3.319449006622517
20.114 3.0863851976450802
22.492 3.0863851976450802
22.615 2.9528406281323085
28.601 2.9528406281323085
28.715 3.009756613756614
34.763 3.009756613756614
34.817 3.212493392070485
39.811 3.212493392070485
39.918 3.0141543847365657
45.631 3.0141543847365657
45.715 3.3052168892096714
51.257 3.3052168892096714
51.312 3.3672789699570815
56.205 3.3672789699570815
56.312 3.411253456221198
61.52 3.411253456221198
61.614 3.456988980164296
66.605 3.456988980164296
66.903 3.401038766152564
71.701 3.401038766152564
71.814 3.352281863688872
77.008 3.352281863688872
77.116 3.34501185770751
82.429 3.34501185770751
82.515 3.448422090729783
84.543 3.448422090729783
84.613 3.442169621466219
86.7 3.442169621466219
86.813 3.481018251681076
88.895 3.481018251681076
89.009 3.5096951915240426
91.463 3.5096951915240426
91.512 3.3791509749303623
93.307 3.3791509749303623
93.408 3.3588191627104016
95.725 3.3588191627104016
95.816 3.4685098583726743
99.417 3.4685098583726743
99.512 3.3089731845762382
104.621 3.3089731845762382
104.714 3.287318920987182
109.941 3.287318920987182
110.009 3.351547227533461
115.239 3.351547227533461
115.315 3.394079406307978
120.705 3.394079406307978
120.811 3.4297410365966936
126.194 3.4297410365966936
126.312 3.420056630109671
131.327 3.420056630109671
131.417 3.3149682710986403
136.05 3.3149682710986403
136.108 3.244520491029273
141.403 3.244520491029273
141.515 3.378646153846154
144.895 3.378646153846154
145.016 3.4561819870009285
147.17 3.4561819870009285
147.214 3.4562657272269752
149.201 3.4562657272269752
149.314 3.4010949813355453
151.725 3.4010949813355453
151.815 3.4367619970916143
153.878 3.4367619970916143
153.91 3.463011555555555
156.16 3.463011555555555
156.209 3.477766092475068
158.415 3.477766092475068
158.508 3.3474699616531742
160.855 3.3474699616531742
160.916 3.2005548755609956
165.818 3.2005548755609956
165.911 3.0935036784496677
171.484 3.0935036784496677
171.613 3.1832539550374688
175.216 3.1832539550374688
