0.01 4.516795031055901
0.332 4.516795031055901
0.409 4.559120879120879
0.682 4.559120879120879
0.707 4.529781376518219
0.954 4.529781376518219
1.009 4.471988304093568
1.693 4.471988304093568
1.809 4.452256839754328
3.6 4.452256839754328
3.708 4.450322222222222
5.148 4.450322222222222
5.211 4.441657231085949
9.097 4.441657231085949
9.209 3.2513533274179234
14.844 3.2513533274179234
14.917 2.0146718941435924
23.079 2.0146718941435924
23.122 1.915409271523179
32.182 1.915409271523179
32.326 1.6991077966101695
36.751 1.6991077966101695
36.827 1.695017090069284
41.157 1.695017090069284
41.223 1.7804193548387097
42.959 1.7804193548387097
43.02 1.776723926380368
44.976 1.776723926380368
45.022 1.7845612177365984
46.533 1.7845612177365984
46.62 1.887701030927835
48.172 1.887701030927835
48.221 2.159048616305161
49.558 2.159048616305161
49.618 2.1702027565084228
52.883 2.1702027565084228
52.918 2.70883236201577
55.835 2.70883236201577
55.912 2.426942528735632
58.957 2.426942528735632
59.021 2.0223510065211228
62.548 2.0223510065211228
62.617 2.7667805937726286
65.379 2.7667805937726286
65.414 3.247047379454927
67.799 3.247047379454927
67.914 2.994433253982787
73.375 2.994433253982787
73.41 3.6093088508355686
78.257 3.6093088508355686
78.314 4.600340890467085
81.975 4.600340890467085
82.006 5.625096565893749
85.413 5.625096565893749
85.512 3.3255446880269814
90.256 3.3255446880269814
90.311 4.803632067510549
93.866 4.803632067510549
93.905 5.291295843520782
97.177 5.291295843520782
97.21 3.327208029915371
102.291 3.327208029915371
102.601 4.3600142095914745
106.542 4.3600142095914745
106.609 4.9044745383324
110.183 4.9044745383324
110.306 5.211990883190883
113.816 5.211990883190883
113.908 5.658074164878945
117.171 5.658074164878945
117.204 4.510014199316329
121.007 4.510014199316329
121.115 3.3717339187705817
125.67 3.3717339187705817
125.709 4.744472797569732
129.33 4.744472797569732
129.41 4.008208499647805
133.669 4.008208499647805
133.712 3.670934359632243
138.389 3.670934359632243
138.702 2.6010683114880493
145.187 2.6010683114880493
145.316 2.5569228968544255
152.151 2.5569228968544255
152.216 2.41333864088712
159.25 2.41333864088712
159.32 2.4220627914205783
162.537 2.4220627914205783
162.614 2.2551299235743683
166.016 2.2551299235743683
166.115 2.249860252004582
169.607 2.249860252004582
169.717 2.249015228426396
172.672 2.249015228426396
172.718 2.2098433420365535
175.782 2.2098433420365535
175.819 2.1956003666361132
178.001 2.1956003666361132
