0.008 5.250570397111914
0.285 5.250570397111914
0.307 5.296340425531914
0.542 5.296340425531914
0.609 5.252845070422535
0.822 5.252845070422535
0.913 5.202108843537415
1.501 5.202108843537415
1.609 5.171279207920792
2.619 5.171279207920792
2.714 5.172287328490718
3.953 5.172287328490718
4.01 4.92587899543379
7.514 4.92587899543379
7.609 5.0003755458515275
11.273 5.0003755458515275
11.309 4.9277051243632
14.646 4.9277051243632
14.714 4.774032462173316
18.349 4.774032462173316
18.409 4.838112409571508
22.003 4.838112409571508
22.109 4.892267597440372
25.547 4.892267597440372
25.609 4.920853006681515
29.201 4.920853006681515
29.312 4.848963239211508
33.066 4.848963239211508
33.302 4.757767497034401
36.674 4.757767497034401
36.713 4.853400225479143
40.261 4.853400225479143
40.312 4.815329127234491
44.116 4.815329127234491
44.209 4.7895627906976745
47.649 4.7895627906976745
47.708 4.74767717797969
51.45 4.74767717797969
51.509 4.839784572230014
55.074 4.839784572230014
55.11 4.88568383233533
58.45 4.88568383233533
58.509 4.858189732142857
62.093 4.858189732142857
62.21 4.77614834721849
65.931 4.77614834721849
66.202 4.737137891077636
69.654 4.737137891077636
69.709 4.8649388209121245
73.305 4.8649388209121245
73.412 4.824362073904325
76.903 4.824362073904325
77.01 4.630273979222035
81.149 4.630273979222035
81.211 4.6967502232807385
84.57 4.6967502232807385
84.612 4.786130044843049
88.18 4.786130044843049
88.208 4.813211009174312
91.805 4.813211009174312
91.912 4.593897826086956
95.592 4.593897826086956
95.709 4.710201754385965
99.357 4.710201754385965
99.606 4.635967204443269
103.387 4.635967204443269
103.511 4.49817752643226
107.578 4.49817752643226
107.609 4.721814833759591
111.519 4.721814833759591
111.612 4.57253639029592
115.363 4.57253639029592
115.416 4.8129890316515205
118.607 4.8129890316515205
118.713 4.407320677270395
122.611 4.407320677270395
122.711 4.730108063175395
126.32 4.730108063175395
126.411 4.690972677595629
130.071 4.690972677595629
130.111 4.715663405088063
133.688 4.715663405088063
134.002 4.59305335085414
137.807 4.59305335085414
137.909 4.636827096421743
141.57 4.636827096421743
141.612 4.879828477185267
145.25 4.879828477185267
145.31 4.7090304709141275
148.92 4.7090304709141275
149.015 4.800226495726496
152.759 4.800226495726496
152.812 4.626694190504276
156.203 4.626694190504276
156.309 4.806271536102593
159.896 4.806271536102593
160.012 4.667995115995116
162.469 4.667995115995116
