0.01 5.157475177304965
0.292 5.157475177304965
0.41 5.073004769475357
1.039 5.073004769475357
1.109 5.093459165154265
1.66 5.093459165154265
1.709 5.081129568106312
2.311 5.081129568106312
2.412 5.066068614993647
3.986 5.066068614993647
4.111 5.0530253741054
7.185 5.0530253741054
7.309 5.670262812089356
10.353 5.670262812089356
10.405 5.874118627765309
13.524 5.874118627765309
13.606 5.8125669848002826
16.435 5.8125669848002826
16.51 5.813604020100502
19.495 5.813604020100502
19.608 5.75767417218543
22.628 5.75767417218543
22.709 5.78192368511516
25.618 5.78192368511516
25.708 5.738864935064935
28.788 5.738864935064935
29.099 5.883325145442793
32.193 5.883325145442793
32.307 5.95294693877551
35.002 5.95294693877551
35.109 5.84715246179966
38.054 5.84715246179966
38.106 5.77475157629256
41.278 5.77475157629256
41.305 3.7989614941203595
45.642 3.7989614941203595
45.714 4.082216911764706
50.066 4.082216911764706
50.12 2.9076225143242334
56.054 2.9076225143242334
56.11 4.405557235421166
59.814 4.405557235421166
59.911 4.287552819502586
63.972 4.287552819502586
64.203 5.133462738301559
67.665 5.133462738301559
67.707 1.6134780463739518
77.842 1.6134780463739518
77.909 4.4379299847793
81.851 4.4379299847793
81.91 3.012314076193883
87.501 3.012314076193883
87.622 2.0638276976093044
96.908 2.0638276976093044
97.022 2.1372713178294576
99.86 2.1372713178294576
99.907 5.790464285714285
101.251 5.790464285714285
101.306 5.791163204747774
102.654 5.791163204747774
102.706 2.033594877764843
106.142 2.033594877764843
106.225 1.9740496380558428
110.093 1.9740496380558428
110.225 4.4643732660781845
111.811 4.4643732660781845
111.906 5.731925259515571
113.351 5.731925259515571
113.407 5.80102332155477
114.822 5.80102332155477
114.905 5.794454054054054
117.865 5.794454054054054
117.909 5.417371428571428
120.744 5.417371428571428
120.808 5.1099750148720995
124.17 5.1099750148720995
124.208 5.168319709355131
127.511 5.168319709355131
127.607 3.693838209982788
132.255 3.693838209982788
132.313 3.6455431164901664
136.94 3.6455431164901664
137.045 1.4485344384583507
149.11 1.4485344384583507
149.215 4.270546918238994
153.19 4.270546918238994
153.501 5.350456901748041
156.819 5.350456901748041
156.908 2.9049213943950787
162.76 2.9049213943950787
162.818 2.379143235371988
170.372 2.379143235371988
170.417 2.3774996211547204
177.016 2.3774996211547204
177.122 2.3808715376226828
181.707 2.3808715376226828
181.819 2.268371212121212
183.931 2.268371212121212
