0.022 2.0116293222683264
0.745 2.0116293222683264
0.823 2.027100977198697
1.437 2.027100977198697
1.52 2.02324773960217
2.073 2.02324773960217
2.127 2.0071128608923883
3.651 2.0071128608923883
3.72 1.8612142453363483
5.489 1.8612142453363483
5.626 1.4398372881355934
7.396 1.4398372881355934
7.532 1.70530131826742
11.78 1.70530131826742
11.828 1.6460799379123012
16.982 1.6460799379123012
17.024 1.5948256194483403
21.302 1.5948256194483403
21.429 1.5285603177921807
26.212 1.5285603177921807
26.328 1.5356519607843138
31.224 1.5356519607843138
31.331 1.4767452716297786
36.301 1.4767452716297786
36.43 1.5395951219512194
41.35 1.5395951219512194
41.428 1.5354874074074074
46.828 1.5354874074074074
47.117 1.6004499634769904
51.224 1.6004499634769904
51.327 1.5700170068027213
56.031 1.5700170068027213
56.131 1.3805055337379508
61.733 1.3805055337379508
61.838 1.4360989055533038
66.772 1.4360989055533038
66.826 1.5599846153846153
68.906 1.5599846153846153
69.027 1.6014292237442922
70.779 1.6014292237442922
70.824 1.5774367346938776
72.784 1.5774367346938776
72.829 1.519065527065527
74.935 1.519065527065527
75.033 1.340627189324437
77.431 1.340627189324437
77.534 1.4119096509240245
79.482 1.4119096509240245
79.534 1.4705850562947798
84.419 1.4705850562947798
84.534 1.5446462063086104
89.226 1.5446462063086104
89.325 1.5131398453970484
95.017 1.5131398453970484
95.127 1.571799948173102
98.986 1.571799948173102
99.13 1.561473515248796
104.114 1.561473515248796
104.233 1.4824322066084314
109.499 1.4824322066084314
109.627 1.495917790622993
114.298 1.495917790622993
114.431 1.5060402366863905
119.501 1.5060402366863905
119.814 1.5177912111468381
124.479 1.5177912111468381
124.531 1.5309855822550833
129.941 1.5309855822550833
130.025 1.5229554140127388
130.967 1.5229554140127388
131.033 1.4526544007956241
133.044 1.4526544007956241
133.134 1.47785500575374
134.872 1.47785500575374
134.925 1.5533090608191973
139.759 1.5533090608191973
139.829 1.5271680672268908
144.589 1.5271680672268908
144.726 1.4452758687633471
149.877 1.4452758687633471
149.935 1.4038430089942762
154.827 1.4038430089942762
155.114 1.4909163636363638
160.614 1.4909163636363638
160.732 1.4923258261418648
165.483 1.4923258261418648
165.71 1.4990371953826422
168.049 1.4990371953826422
168.128 1.5166855845629965
169.009 1.5166855845629965
169.129 1.6760628272251308
169.893 1.6760628272251308
170.023 1.9247267441860465
171.399 1.9247267441860465
171.522 1.6538739618954568
175.616 1.6538739618954568
175.729 1.5155963302752293
178.89 1.5155963302752293
