0.028 1.5982505494505495
0.938 1.5982505494505495
1.029 1.6122279792746115
1.801 1.6122279792746115
1.923 1.5915448079658607
2.626 1.5915448079658607
2.725 1.5962207958921695
3.504 1.5962207958921695
3.627 1.6004112607099144
4.444 1.6004112607099144
4.536 1.5819441340782123
6.147 1.5819441340782123
6.239 1.6565561399496913
10.612 1.6565561399496913
10.73 1.4025286824268473
16.779 1.4025286824268473
16.838 1.275979801757995
22.185 1.275979801757995
22.321 2.0416375314158057
25.902 2.0416375314158057
26.024 1.5097493975903615
31.004 1.5097493975903615
31.131 1.6371679678786526
35.614 1.6371679678786526
35.726 1.7988145333649963
39.937 1.7988145333649963
40.025 1.83849933481153
44.535 1.83849933481153
44.812 1.6776539050535988
48.73 1.6776539050535988
48.825 1.631042402826855
53.353 1.631042402826855
53.422 1.6933636960805782
57.989 1.6933636960805782
58.127 1.697583133684715
62.301 1.697583133684715
62.423 1.602771602434077
67.353 1.602771602434077
67.43 1.5392709852114141
72.231 1.5392709852114141
72.329 1.5329533634214485
76.982 1.5329533634214485
77.037 1.4900568234746159
79.184 1.4900568234746159
79.232 1.507374712643678
80.102 1.507374712643678
80.232 1.5189406896551725
80.957 1.5189406896551725
81.029 1.501319693094629
81.811 1.501319693094629
81.932 1.6242671447781263
86.394 1.6242671447781263
86.524 1.687128697355534
91.629 1.687128697355534
91.727 1.6760364741641338
95.346 1.6760364741641338
95.429 1.7849504587155964
99.789 1.7849504587155964
99.928 1.7082030634573304
104.498 1.7082030634573304
104.622 1.7092544031311154
108.71 1.7092544031311154
108.827 3.513862862402209
111.0 3.513862862402209
111.114 1.8525630559916273
114.936 1.8525630559916273
115.215 1.5435393216548638
120.581 1.5435393216548638
120.628 1.5417821187077385
125.952 1.5417821187077385
126.023 1.79884135302525
130.221 1.79884135302525
130.32 2.0095437629221227
133.222 2.0095437629221227
133.321 2.010360374832664
137.056 2.010360374832664
137.125 1.8260035167043456
141.106 1.8260035167043456
141.225 1.5752467202708422
145.951 1.5752467202708422
146.032 1.577670572019297
150.385 1.577670572019297
150.527 1.5486383380547686
155.822 1.5486383380547686
156.114 1.5283552489760726
160.753 1.5283552489760726
160.832 1.5036233114627557
166.014 1.5036233114627557
166.131 1.6842924259055982
170.686 1.6842924259055982
170.827 1.6501810544003361
175.588 1.6501810544003361
175.738 1.3450394656952034
180.679 1.3450394656952034
180.74 1.5350170029471777
185.151 1.5350170029471777
185.22 2.530797675647121
187.113 2.530797675647121
