0.029 1.440007920792079
1.039 1.440007920792079
1.132 1.4523220536756125
1.989 1.4523220536756125
2.132 1.4474204398447608
2.905 1.4474204398447608
3.031 1.4475622817229337
3.89 1.4475622817229337
4.032 1.4400176211453746
4.94 1.4400176211453746
5.032 1.4495150645624104
5.729 1.4495150645624104
5.839 1.2402191405581235
11.68 1.2402191405581235
11.848 1.0958274347713768
19.59 1.0958274347713768
19.74 1.0345206974981047
26.335 1.0345206974981047
26.443 1.0365949241457535
33.496 1.0365949241457535
33.645 1.1313260219341974
34.648 1.1313260219341974
34.914 1.2851687242798355
35.886 1.2851687242798355
36.038 1.2846833166833167
37.039 1.2846833166833167
37.144 1.2706661791590492
39.879 1.2706661791590492
39.935 1.2000320427236315
42.182 1.2000320427236315
42.236 1.0669016751638747
44.982 1.0669016751638747
45.048 1.0195902439024391
52.633 1.0195902439024391
52.77 0.9828980441115273
59.979 0.9828980441115273
60.032 1.297129411764706
61.052 1.297129411764706
61.135 0.9182455268389662
69.183 0.9182455268389662
69.349 0.9417523105360444
76.923 0.9417523105360444
77.051 1.018141935483871
78.291 1.018141935483871
78.444 1.018971250971251
79.731 1.018971250971251
79.85 0.9332880895826264
82.797 0.9332880895826264
82.953 0.9189990424513246
86.086 0.9189990424513246
86.257 0.9202059981823689
89.558 0.9202059981823689
89.648 0.9419933628318584
93.264 0.9419933628318584
93.352 0.9462214650766609
95.7 0.9462214650766609
95.853 0.9352315328467153
99.278 0.9352315328467153
99.355 0.9229709151099551
107.813 0.9229709151099551
107.944 0.9869254237288136
115.024 0.9869254237288136
115.143 1.1702105747126437
121.668 1.1702105747126437
121.735 1.167391480730223
122.721 1.167391480730223
122.851 0.8961973954763537
124.31 0.8961973954763537
124.46 0.8216632302405499
126.206 0.8216632302405499
126.355 0.8232380952380952
127.909 0.8232380952380952
128.057 0.8112798483891346
131.223 0.8112798483891346
131.357 0.8938566131025958
134.593 0.8938566131025958
134.742 1.0489639249639249
141.672 1.0489639249639249
141.731 1.384272220156192
147.109 1.384272220156192
147.229 0.9497441571013691
154.46 0.9497441571013691
154.546 1.0107284604955011
162.659 1.0107284604955011
162.743 1.147905138339921
163.755 1.147905138339921
163.84 1.135499176276771
165.054 1.135499176276771
165.139 1.138160136286201
166.313 1.138160136286201
166.452 0.8607737704918033
170.112 0.8607737704918033
170.25 0.8615562784645413
173.324 0.8615562784645413
173.454 0.9439729526671675
176.116 0.9439729526671675
176.239 1.1808719723183392
177.973 1.1808719723183392
