0.023 1.9760978260869566
0.759 1.9760978260869566
0.826 1.9946153846153845
1.45 1.9946153846153845
1.525 1.9908469750889681
2.087 1.9908469750889681
2.222 1.9895296
2.847 1.9895296
2.927 1.9496312958435207
7.017 1.9496312958435207
7.12 1.8016485802642677
10.677 1.8016485802642677
10.724 1.7024958871915394
14.979 1.7024958871915394
15.027 1.6169041356965885
20.274 1.6169041356965885
20.326 1.3390900883218841
25.421 1.3390900883218841
25.584 0.6382456569183762
37.039 0.6382456569183762
37.185 1.2749662921348315
38.075 1.2749662921348315
38.316 1.6139328165374678
39.09 1.6139328165374678
39.226 1.6135106649937265
40.023 1.6135106649937265
40.135 1.5963582912264584
42.312 1.5963582912264584
42.424 1.5347023335230505
44.181 1.5347023335230505
44.231 1.4205347182150412
49.43 1.4205347182150412
49.525 1.7098368339597612
54.048 1.7098368339597612
54.13 2.2101409856519028
57.336 2.2101409856519028
57.419 1.6812051063829787
62.119 1.6812051063829787
62.222 1.6231144300461235
66.775 1.6231144300461235
66.826 1.5777111258571113
71.347 1.5777111258571113
71.428 1.5425611626968108
76.382 1.5425611626968108
76.434 1.6127047063723448
81.236 1.6127047063723448
81.509 1.7470397202098427
85.512 1.7470397202098427
85.623 1.7055574548907881
89.835 1.7055574548907881
89.924 1.6886020503261883
94.216 1.6886020503261883
94.329 1.6730365190365188
99.477 1.6730365190365188
99.53 1.7612009291521489
102.974 1.7612009291521489
103.025 1.7965047672462142
104.808 1.7965047672462142
104.927 1.7970072910824453
106.71 1.7970072910824453
106.829 1.6751600587371513
109.553 1.6751600587371513
109.628 1.577282379673621
114.469 1.577282379673621
114.716 1.5979453847889868
119.147 1.5979453847889868
119.226 1.6026764705882353
124.394 1.6026764705882353
124.53 1.557580265654649
129.8 1.557580265654649
129.928 1.6405683250054313
134.531 1.6405683250054313
134.63 1.6869239224761354
138.087 1.6869239224761354
138.229 1.50898231511254
143.205 1.50898231511254
143.33 1.6175611927013798
147.824 1.6175611927013798
147.922 1.8909362458724919
151.859 1.8909362458724919
151.93 1.6370917759237187
156.125 1.6370917759237187
156.416 1.6357550369040497
161.429 1.6357550369040497
161.53 1.738752336448598
163.242 1.738752336448598
163.325 1.7560458598726116
164.11 1.7560458598726116
164.228 1.7385054466230936
166.064 1.7385054466230936
166.125 1.706509018036072
169.119 1.706509018036072
169.233 1.5659377945334592
173.477 1.5659377945334592
173.529 1.6233421241908415
177.7 1.6233421241908415
177.827 1.7849478390461997
180.511 1.7849478390461997
