0.051 0.7806806226516371
1.914 0.7806806226516371
2.068 0.7907496823379924
3.642 0.7907496823379924
3.764 0.7759056865464632
5.206 0.7759056865464632
5.367 0.761921568627451
6.999 0.761921568627451
7.159 0.7571140706427331
8.886 0.7571140706427331
8.965 0.7642299546142209
10.287 0.7642299546142209
10.464 0.7230896226415094
12.16 0.7230896226415094
12.262 0.7074221770091557
14.228 0.7074221770091557
14.38 0.6192288981666364
25.398 0.6192288981666364
25.588 0.501957600360848
27.805 0.501957600360848
28.031 0.4087608069164265
30.807 0.4087608069164265
31.18 0.40387455544778533
34.273 0.40387455544778533
34.422 0.48435706214689267
37.077 0.48435706214689267
37.133 1.584149779735683
38.041 1.584149779735683
38.13 1.3439067675322018
43.021 1.3439067675322018
43.131 1.7401885014137606
47.375 1.7401885014137606
47.609 2.4787153846153847
50.729 2.4787153846153847
50.818 2.750664596273292
53.394 2.750664596273292
53.511 4.844674432863274
55.142 4.844674432863274
55.211 3.891542917324908
57.11 3.891542917324908
57.217 2.064495513748191
60.672 2.064495513748191
60.734 0.7649497497497498
70.724 0.7649497497497498
70.926 0.334248694376106
94.095 0.334248694376106
94.336 0.48299649122807015
96.616 0.48299649122807015
96.787 0.6349551108707409
98.636 0.6349551108707409
98.788 0.6394101765316719
100.714 0.6394101765316719
100.885 0.6706027649769585
103.055 0.6706027649769585
103.154 1.2261192052980132
104.966 1.2261192052980132
105.035 1.1133708724365659
107.912 1.1133708724365659
108.119 0.4416352860096485
115.374 0.4416352860096485
115.452 0.8157540563620838
118.965 0.8157540563620838
119.245 0.5990984308131241
121.348 0.5990984308131241
121.488 1.6952106038291606
122.167 1.6952106038291606
122.212 3.7465673352435527
122.561 3.7465673352435527
122.614 2.355365279770445
126.099 2.355365279770445
126.23 2.128992387933465
129.777 2.128992387933465
129.826 2.8475078125
131.874 2.8475078125
131.91 4.171497777777778
133.71 4.171497777777778
133.811 4.106960451977401
135.581 4.106960451977401
135.62 3.833212770707747
140.099 3.833212770707747
140.217 3.535512051980717
144.988 3.535512051980717
145.111 5.750762750904903
148.15 5.750762750904903
148.213 5.770028552005439
151.155 5.770028552005439
151.21 5.12198961338719
154.676 5.12198961338719
154.715 2.804751691140076
160.776 2.804751691140076
160.824 2.4071856415751407
168.29 2.4071856415751407
168.425 2.18146829810901
175.617 2.18146829810901
175.917 2.0239605541206855
184.435 2.0239605541206855
184.52 3.5939984996249064
185.853 3.5939984996249064
