0.034 1.1570469371519492
1.291 1.1570469371519492
1.447 1.1456986172955237
5.714 1.1456986172955237
5.838 1.5634524298425736
8.76 1.5634524298425736
8.821 2.593935958005249
10.726 2.593935958005249
10.815 3.0850513880685178
12.508 3.0850513880685178
12.616 2.9342783882783885
14.8 2.9342783882783885
14.916 2.663279411764706
17.636 2.663279411764706
17.716 2.7545116883116885
20.796 2.7545116883116885
20.914 2.604070229007634
23.534 2.604070229007634
23.619 2.926783026421137
26.117 2.926783026421137
26.213 2.803337807606264
28.895 2.803337807606264
29.021 3.137846943138093
31.36 3.137846943138093
31.413 3.2246947637292465
33.762 3.2246947637292465
34.006 3.2300864822750293
36.573 3.2300864822750293
36.615 3.273430278884462
38.623 3.273430278884462
38.717 3.2736524822695037
40.973 3.2736524822695037
41.015 3.2727854422344476
43.378 3.2727854422344476
43.413 3.272313008937438
48.448 3.272313008937438
48.516 3.252619553277188
53.978 3.252619553277188
54.025 3.2292405015908665
59.368 3.2292405015908665
59.414 3.2274889240506326
64.47 3.2274889240506326
64.513 3.25270913506445
69.866 3.25270913506445
69.916 3.25614657383657
75.374 3.25614657383657
75.416 3.2381386138613864
80.466 3.2381386138613864
80.514 3.180785454545455
86.014 3.180785454545455
86.304 3.215934313538285
91.541 3.215934313538285
91.617 3.190926406926407
97.623 3.190926406926407
97.716 3.152754596322942
102.72 3.152754596322942
102.815 3.1600503330866028
108.219 3.1600503330866028
108.314 3.1592424119789557
110.785 3.1592424119789557
110.918 3.209661001378043
113.095 3.209661001378043
113.216 3.2082453781512603
115.596 3.2082453781512603
115.709 3.2096536718041704
117.915 3.2096536718041704
118.014 3.209078651685393
120.595 3.209078651685393
120.716 3.197681340085703
123.283 3.197681340085703
123.319 3.1889932432432433
125.687 3.1889932432432433
125.817 3.1902056892778994
127.645 3.1902056892778994
127.904 3.192472789115646
130.256 3.192472789115646
130.316 3.184108628996934
132.599 3.184108628996934
132.714 3.154319309204483
138.157 3.154319309204483
138.217 3.1659024024024025
143.545 3.1659024024024025
143.615 3.19265034709536
149.089 3.19265034709536
149.215 3.0520359582883856
154.777 3.0520359582883856
154.824 2.618023300398171
161.605 2.618023300398171
161.721 1.9912849947288276
170.258 1.9912849947288276
170.319 2.845028969447523
176.636 2.845028969447523
176.905 2.798248421052632
179.28 2.798248421052632
179.318 2.5745095057034217
181.948 2.5745095057034217
182.017 2.858472553699284
183.693 2.858472553699284
