0.01 4.179333333333333
0.358 4.179333333333333
0.419 4.190707070707071
0.716 4.190707070707071
0.811 4.1113395784543325
2.519 4.1113395784543325
2.61 4.1090853054485414
4.427 4.1090853054485414
4.513 4.104691289198606
7.383 4.104691289198606
7.414 4.013695090439277
11.284 4.013695090439277
11.413 3.6421776746148975
16.152 3.6421776746148975
16.214 3.9366944563816073
20.868 3.9366944563816073
20.909 4.31934646703441
24.716 4.31934646703441
24.812 4.0612234963725715
29.085 4.0612234963725715
29.21 4.0826898332942
33.469 4.0826898332942
33.512 4.213330661322645
37.504 4.213330661322645
37.612 6.46987701317716
40.344 6.46987701317716
40.604 6.8329609609609605
43.268 6.8329609609609605
43.306 7.018019247594051
45.592 7.018019247594051
45.71 7.29964561254769
48.069 7.29964561254769
48.106 7.501028665028665
50.548 7.501028665028665
50.608 4.570345631067961
54.213 4.570345631067961
54.31 4.512524257048514
58.247 4.512524257048514
58.31 4.596119339371337
62.064 4.596119339371337
62.111 4.497845644983462
65.739 4.497845644983462
65.813 4.246768780487805
69.913 4.246768780487805
70.204 3.8392845106934543
74.833 3.8392845106934543
74.915 3.646064659977703
79.4 3.646064659977703
79.512 4.035598615916955
83.847 4.035598615916955
83.913 4.218899799599199
87.905 4.218899799599199
88.01 7.586977038796516
90.536 7.586977038796516
90.607 5.539460674157303
93.455 5.539460674157303
93.51 4.209246241064826
97.567 4.209246241064826
97.609 4.465597111168429
101.486 4.465597111168429
101.61 4.5740108225108225
105.306 4.5740108225108225
105.604 4.199124144672532
109.696 4.199124144672532
109.809 4.360346268656716
113.829 4.360346268656716
113.908 4.815500921295077
117.707 4.815500921295077
117.81 4.522855463008329
121.892 4.522855463008329
122.014 4.255976178660049
126.044 4.255976178660049
126.113 4.50388504398827
129.523 4.50388504398827
129.611 4.480890975482525
133.445 4.480890975482525
133.512 4.141426491994178
137.634 4.141426491994178
137.71 4.31380904522613
141.69 4.31380904522613
142.002 4.873715111239526
145.463 4.873715111239526
145.514 4.4857720739219715
149.41 4.4857720739219715
149.511 4.310671406805485
153.449 4.310671406805485
153.512 4.589662874870735
157.38 4.589662874870735
157.412 4.60943600867679
161.1 4.60943600867679
161.213 4.861251825804707
164.91 4.861251825804707
165.01 4.908986232790989
168.206 4.908986232790989
168.31 5.169444077961019
171.645 5.169444077961019
171.71 5.902863612969634
173.653 5.902863612969634
