0.041 1.1222283950617284
1.337 1.1222283950617284
1.446 1.1325204731574159
2.545 1.1325204731574159
2.642 1.1290171543895056
3.633 1.1290171543895056
3.741 1.1314431301182895
4.84 1.1314431301182895
4.937 1.1233127147766322
6.101 1.1233127147766322
6.254 1.116299605781866
8.537 1.116299605781866
8.644 1.1133133385951066
11.178 1.1133133385951066
11.255 1.3417517001423376
17.578 1.3417517001423376
17.615 2.6988386075949364
20.143 2.6988386075949364
20.22 1.6526003616636529
24.644 1.6526003616636529
24.725 1.6408886948930599
29.307 1.6408886948930599
29.442 1.218970935060621
35.463 1.218970935060621
35.534 1.3039779652263728
41.343 1.3039779652263728
41.435 1.279967891324483
47.913 1.279967891324483
48.029 1.761266881028939
51.761 1.761266881028939
52.01 1.3929385137683894
57.312 1.3929385137683894
57.441 1.146056905749852
64.189 1.146056905749852
64.331 1.338808888888889
65.231 1.338808888888889
65.332 1.3696397515527952
66.298 1.3696397515527952
66.422 1.6552825958702064
68.117 1.6552825958702064
68.232 1.4850028818443806
70.314 1.4850028818443806
70.429 1.3897271937445699
72.731 1.3897271937445699
72.824 1.5274571992110455
77.894 1.5274571992110455
78.032 1.5977610235320996
82.409 1.5977610235320996
82.713 1.0024850683784539
89.879 1.0024850683784539
89.971 1.2668204859290333
95.692 1.2668204859290333
95.825 2.126090348062207
99.876 2.126090348062207
100.029 1.5920146981627297
103.839 1.5920146981627297
103.93 1.5734702790133441
108.876 1.5734702790133441
108.93 1.6846111350884765
113.564 1.6846111350884765
113.625 1.43420197044335
118.497 1.43420197044335
118.631 1.4284625850340136
119.513 1.4284625850340136
119.632 1.4316517412935323
120.436 1.4316517412935323
120.529 1.4135697297297296
121.454 1.4135697297297296
121.529 1.436947604120018
123.762 1.436947604120018
123.835 1.4526544007956241
125.846 1.4526544007956241
125.929 2.0362067039106146
128.793 2.0362067039106146
128.919 2.1097769036246135
132.478 2.1097769036246135
132.522 1.8769222824683707
136.395 1.8769222824683707
136.533 1.6086032843560933
141.161 1.6086032843560933
141.219 1.6882005899705013
145.287 1.6882005899705013
145.434 1.3832726045883939
151.362 1.3832726045883939
151.437 2.1788690842040563
154.691 2.1788690842040563
154.818 2.795757445281665
157.605 2.795757445281665
157.91 2.2122122260668977
161.378 2.2122122260668977
161.44 1.3718372620918455
167.167 1.3718372620918455
167.226 1.6095519496246065
171.355 1.6095519496246065
171.429 1.468754880694143
176.039 1.468754880694143
176.142 1.0124260355029586
180.874 1.0124260355029586
