0.011 4.155451428571428
0.361 4.155451428571428
0.416 4.204864864864865
0.712 4.204864864864865
0.813 4.121139500734214
1.494 4.121139500734214
1.614 4.116877523553163
2.357 4.116877523553163
2.415 4.1093564122738
3.686 4.1093564122738
3.714 4.100104926423544
5.277 4.100104926423544
5.314 4.151101491101491
9.472 4.151101491101491
9.513 4.044453863134658
14.043 4.044453863134658
14.114 3.7671825887743413
18.479 3.7671825887743413
18.514 3.8114667252361083
23.067 3.8114667252361083
23.114 3.529877385302477
28.04 3.529877385302477
28.116 3.231434390009606
33.321 3.231434390009606
33.416 2.864781847649919
39.586 2.864781847649919
39.904 3.699969656403391
42.145 3.699969656403391
42.213 3.9178438661710038
43.289 3.9178438661710038
43.312 2.962438828720417
45.805 2.962438828720417
45.929 1.7102149491375498
50.451 1.7102149491375498
50.525 3.483634218289086
52.559 3.483634218289086
52.614 3.817228985507246
54.684 3.817228985507246
54.713 2.94584804507427
60.57 2.94584804507427
60.624 3.16489216446858
65.78 3.16489216446858
65.813 3.434948115999211
70.882 3.434948115999211
71.013 2.2860879855930025
78.787 2.2860879855930025
78.919 3.007913978494624
81.244 3.007913978494624
81.324 1.9024915254237287
85.1 1.9024915254237287
85.225 2.1525037125037123
88.592 2.1525037125037123
88.717 2.536157832744405
92.113 2.536157832744405
92.212 4.081814266487214
93.698 4.081814266487214
93.809 3.6180306834030684
95.96 3.6180306834030684
96.016 3.903244
98.016 3.903244
98.112 3.6169328198545143
102.786 3.6169328198545143
102.916 3.724060684872128
107.53 3.724060684872128
107.61 3.7438257155061936
112.292 3.7438257155061936
112.416 3.5647092751363987
117.548 3.5647092751363987
117.616 3.809015060862389
122.463 3.809015060862389
122.515 3.624595097210482
127.247 3.624595097210482
127.314 2.6177344469064256
133.181 2.6177344469064256
133.233 2.011443156539047
141.774 2.011443156539047
141.817 2.3806836935166995
143.853 2.3806836935166995
143.919 2.32716974054392
147.118 2.32716974054392
147.219 1.7412778904665316
151.163 1.7412778904665316
151.232 1.9589202102245582
155.418 1.9589202102245582
155.515 3.660320082601962
157.452 3.660320082601962
157.516 3.498776829815896
159.743 3.498776829815896
159.817 3.4746159420289855
162.025 3.4746159420289855
162.117 3.4233167755991287
164.412 3.4233167755991287
164.512 3.6157997823721435
166.35 3.6157997823721435
166.605 3.5958364312267657
168.488 3.5958364312267657
168.517 3.139683547768957
172.17 3.139683547768957
