0.015 2.857383104125737
0.524 2.857383104125737
0.619 2.881111111111111
1.051 2.881111111111111
1.123 2.814940822467402
2.12 2.814940822467402
2.217 2.9499043856183325
4.748 2.9499043856183325
4.806 5.294815405046481
6.312 5.294815405046481
6.406 5.726956210902592
7.525 5.726956210902592
7.611 5.289696598222495
10.874 5.289696598222495
10.908 3.4445151344237637
16.227 3.4445151344237637
16.315 3.8645715628672153
20.57 3.8645715628672153
20.617 3.8572144921093576
25.116 3.8572144921093576
25.209 5.139868755542418
28.592 5.139868755542418
28.708 4.012312977099237
32.9 4.012312977099237
33.012 4.112541647277803
37.31 4.112541647277803
37.411 3.727069615069615
42.295 3.727069615069615
42.6 4.209706638677512
46.411 4.209706638677512
46.511 4.327686353355114
50.49 4.327686353355114
50.61 3.7877402812241523
55.446 3.7877402812241523
55.513 4.2984857813722925
59.346 4.2984857813722925
59.409 4.896859977949283
63.037 4.896859977949283
63.113 3.3910833333333334
68.201 3.3910833333333334
68.308 4.62533560090703
71.836 4.62533560090703
71.915 4.135808076009501
76.125 4.135808076009501
76.217 2.954130319148936
82.233 2.954130319148936
82.311 4.274694376528117
83.947 4.274694376528117
84.011 4.142911188004614
85.745 4.142911188004614
85.812 4.162825962090752
87.553 4.162825962090752
87.611 3.821114463176575
89.865 3.821114463176575
89.916 3.5637931844888366
91.618 3.5637931844888366
91.709 4.12420985691574
93.596 4.12420985691574
93.71 3.906389891696751
98.142 3.906389891696751
98.211 4.3672291397571685
102.082 4.3672291397571685
102.212 3.9582621515779772
106.553 3.9582621515779772
106.615 4.631067899603699
110.4 4.631067899603699
110.509 3.674987545198875
115.487 3.674987545198875
115.614 5.293089449541284
119.102 5.293089449541284
119.212 5.275787142417718
122.463 5.275787142417718
122.514 4.783010900031143
125.725 4.783010900031143
126.003 4.1377013487475915
130.155 4.1377013487475915
130.211 4.697567418822235
133.845 4.697567418822235
133.911 4.022717900656045
138.179 4.022717900656045
138.314 4.609983055479639
141.973 4.609983055479639
142.014 4.528781549624255
145.873 4.528781549624255
146.009 4.6712779306549255
149.643 4.6712779306549255
149.712 4.670564588266246
153.513 4.670564588266246
153.613 4.802146892655367
157.153 4.802146892655367
157.21 5.701791878172588
160.362 5.701791878172588
160.599 5.75536316947909
163.325 5.75536316947909
163.409 5.342453052370622
166.636 5.342453052370622
166.717 4.743285359801489
169.135 4.743285359801489
