0.045 0.879859649122807
1.698 0.879859649122807
1.85 0.8846055437100213
3.257 0.8846055437100213
3.353 0.8844711462450593
4.618 0.8844711462450593
4.756 0.8837640369580667
6.163 0.8837640369580667
6.246 0.8804956228956229
7.731 0.8804956228956229
7.855 0.9052974910394265
8.971 0.9052974910394265
9.032 1.3999543378995434
9.908 1.3999543378995434
10.042 1.3387874388511913
16.379 1.3387874388511913
16.432 1.307023754789272
21.652 1.307023754789272
21.731 1.3341430656934306
27.211 1.3341430656934306
27.334 1.351042587601078
32.899 1.351042587601078
33.034 1.3601601186063752
38.43 1.3601601186063752
38.534 1.3475908201387654
44.155 1.3475908201387654
44.232 1.3590611375184396
50.333 1.3590611375184396
50.435 1.3866435643564357
51.243 1.3866435643564357
51.33 1.3848610763454317
52.129 1.3848610763454317
52.242 1.371329216152019
54.347 1.371329216152019
54.435 1.3574631483166515
56.633 1.3574631483166515
56.729 1.3531142618849041
59.127 1.3531142618849041
59.233 1.34977899543379
64.708 1.34977899543379
64.829 1.353221779548473
70.1 1.353221779548473
70.229 1.3607279202279203
75.845 1.3607279202279203
75.932 1.3593484289977182
81.629 1.3593484289977182
81.733 1.3511205564142195
86.909 1.3511205564142195
87.036 1.350086074046232
92.357 1.350086074046232
92.434 1.3600075060987051
97.763 1.3600075060987051
97.831 1.3675439822165767
104.129 1.3675439822165767
104.232 1.420511182108626
104.858 1.420511182108626
104.928 1.3995899772209568
105.806 1.3995899772209568
105.929 1.4009776733254993
106.78 1.4009776733254993
106.832 1.3837489135683245
108.903 1.3837489135683245
109.033 1.3686222222222222
111.373 1.3686222222222222
111.434 1.3598033416554638
116.641 1.3598033416554638
116.736 1.358031152647975
122.835 1.358031152647975
122.938 1.3633031057963794
128.959 1.3633031057963794
129.033 1.3727569532812216
134.534 1.3727569532812216
134.628 1.3511807228915664
138.944 1.3511807228915664
139.038 1.3517004500450045
144.593 1.3517004500450045
144.731 1.3726057401812688
150.027 1.3726057401812688
150.13 1.3612389833607605
155.599 1.3612389833607605
155.73 1.3562944062806672
157.768 1.3562944062806672
157.828 1.3644425711275026
158.777 1.3644425711275026
158.83 1.3518365122615803
161.032 1.3518365122615803
161.128 1.36855893832943
163.69 1.36855893832943
163.829 1.3770043140638482
166.147 1.3770043140638482
166.235 1.3805574057843997
168.517 1.3805574057843997
168.629 1.3708415841584158
173.477 1.3708415841584158
173.53 1.3695307443365696
178.474 1.3695307443365696
178.534 1.364900284900285
182.044 1.364900284900285
