0.013 3.313002277904328
0.452 3.313002277904328
0.511 3.3190399999999998
0.886 3.3190399999999998
0.919 3.2747911318553093
1.776 3.2747911318553093
1.813 3.365060506050605
2.722 3.365060506050605
2.81 4.372494023904383
3.563 4.372494023904383
3.611 3.9219485924112605
5.245 3.9219485924112605
5.314 3.2868058076225046
7.518 3.2868058076225046
7.61 3.380951467060343
13.029 3.380951467060343
13.111 3.937680076628353
17.287 3.937680076628353
17.41 4.341658243682762
21.407 4.341658243682762
21.507 4.444830265848671
25.419 4.444830265848671
25.508 4.8028600799543115
29.01 4.8028600799543115
29.11 3.6947541806020068
33.894 3.6947541806020068
34.011 4.204899052899052
38.34 4.204899052899052
38.409 5.07856663501108
41.568 5.07856663501108
41.799 6.363586104951959
44.505 6.363586104951959
44.603 6.687664110989413
47.342 6.687664110989413
47.405 6.969583756345178
49.769 6.969583756345178
49.805 7.5438675159235675
52.16 7.5438675159235675
52.206 7.789540406320541
54.421 7.789540406320541
54.503 7.8377444764649375
56.585 7.8377444764649375
56.703 7.790493064876958
58.938 7.790493064876958
59.004 7.829096035242291
61.274 7.829096035242291
61.304 7.820468675274988
63.395 7.820468675274988
63.698 7.676314172882843
65.977 7.676314172882843
66.004 7.686831583751711
68.195 7.686831583751711
68.304 7.755849453662485
70.775 7.755849453662485
70.803 7.825587301587301
72.819 7.825587301587301
72.903 7.8406391184573
75.081 7.8406391184573
75.105 7.583495400788436
77.388 7.583495400788436
77.503 6.224427098674521
80.219 6.224427098674521
80.305 6.048157690953889
83.146 6.048157690953889
83.21 6.109652143604043
86.079 6.109652143604043
86.3 6.800776208178439
88.99 6.800776208178439
89.104 7.084534151957022
91.71 7.084534151957022
91.804 7.2217195789473685
94.179 7.2217195789473685
94.205 7.303018544935806
96.308 7.303018544935806
96.407 6.412742067935796
99.086 6.412742067935796
99.208 5.983512092534174
102.061 5.983512092534174
102.105 5.816043360433604
105.057 5.816043360433604
105.106 3.8520045672527976
109.485 3.8520045672527976
109.608 4.4424422979156075
113.542 4.4424422979156075
113.799 4.991303734195825
117.2 4.991303734195825
117.307 5.6790838131797825
120.433 5.6790838131797825
120.506 6.95280163599182
122.951 6.95280163599182
123.006 6.152703868538172
125.927 6.152703868538172
126.006 5.575380241648898
128.82 5.575380241648898
128.906 5.579319093851132
131.996 5.579319093851132
132.106 6.042815595363541
134.004 6.042815595363541
