0.01 4.646670926517572
0.323 4.646670926517572
0.409 4.661573033707865
0.676 4.661573033707865
0.71 4.5857777777777775
1.322 4.5857777777777775
1.407 4.5654328358208955
2.077 4.5654328358208955
2.112 4.55917209834191
3.861 4.55917209834191
3.907 4.56768638631504
5.31 4.56768638631504
5.411 4.5617884130982365
6.999 4.5617884130982365
7.111 4.559824788451966
11.129 4.559824788451966
11.212 4.6596066874468685
14.741 4.6596066874468685
14.808 4.547591194968553
18.624 4.547591194968553
18.709 4.497717537506467
22.575 4.497717537506467
22.609 4.531146551724138
26.321 4.531146551724138
26.409 4.610251434533125
30.243 4.610251434533125
30.31 4.523610337972167
34.334 4.523610337972167
34.413 4.521756482525367
37.961 4.521756482525367
38.2 4.557931180518793
41.978 4.557931180518793
42.009 4.564543234487915
46.022 4.564543234487915
46.111 4.542623655913979
49.738 4.542623655913979
49.813 4.600157431382703
53.675 4.600157431382703
53.707 4.56329859825443
57.488 4.56329859825443
57.609 4.545455153203343
61.199 4.545455153203343
61.312 4.484097862477467
65.195 4.484097862477467
65.312 4.489024501136651
69.271 4.489024501136651
69.307 4.567765363128492
72.887 4.567765363128492
73.201 4.529860176074572
77.063 4.529860176074572
77.111 4.5580102841677945
80.806 4.5580102841677945
80.908 4.485069974256962
85.181 4.485069974256962
85.31 4.576844792573252
88.757 4.576844792573252
88.812 4.5770335030822835
92.543 4.5770335030822835
92.611 4.574140026420079
96.396 4.574140026420079
96.511 4.4806636628677445
100.284 4.4806636628677445
100.411 4.580862703279125
104.162 4.580862703279125
104.211 4.479578839764887
108.124 4.479578839764887
108.401 4.604603070727411
112.374 4.604603070727411
112.411 4.604063840399002
116.421 4.604063840399002
116.508 4.57253639029592
120.259 4.57253639029592
120.309 4.543860355029586
123.689 4.543860355029586
123.81 4.507933875623197
127.621 4.507933875623197
127.71 4.529307508622978
131.479 4.529307508622978
131.509 4.569858929997339
135.266 4.569858929997339
135.31 4.583676086956522
138.99 4.583676086956522
139.109 4.520581479565442
142.975 4.520581479565442
143.202 4.448486373165618
147.018 4.448486373165618
147.11 4.5403621483375955
151.02 4.5403621483375955
151.11 4.524780409901518
154.867 4.524780409901518
154.913 4.5201327967806835
158.889 4.5201327967806835
159.012 4.590146284376829
162.43 4.590146284376829
162.51 4.57054506892895
166.282 4.57054506892895
166.411 4.556719904648391
168.928 4.556719904648391
