0.012 4.265126099706745
0.353 4.265126099706745
0.41 4.2624657534246575
0.702 4.2624657534246575
0.811 4.201341317365269
1.479 4.201341317365269
1.509 4.17352027027027
2.693 4.17352027027027
2.81 4.204965517241379
3.593 4.204965517241379
3.709 4.177616688396349
5.243 4.177616688396349
5.308 3.885700135074291
9.75 3.885700135074291
9.809 4.098741834451902
14.279 4.098741834451902
14.411 3.5249200428724543
19.076 3.5249200428724543
19.211 3.9611065966674275
23.592 3.9611065966674275
23.709 2.6983513345747983
30.153 2.6983513345747983
30.21 3.9142694903420994
34.507 3.9142694903420994
34.609 4.1629072067828545
38.855 4.1629072067828545
38.908 4.574769540085448
42.887 4.574769540085448
43.198 4.409893347993403
46.836 4.409893347993403
46.91 4.482005205622072
50.752 4.482005205622072
50.806 4.032917657419639
55.348 4.032917657419639
55.408 3.8432694191742476
59.695 3.8432694191742476
59.809 3.886634872019252
64.38 3.886634872019252
64.507 4.0693
68.747 4.0693
68.809 4.27961814843955
72.622 4.27961814843955
72.708 4.6406588486140725
76.46 4.6406588486140725
76.506 4.668255319148936
80.313 4.668255319148936
80.599 4.678855507868383
84.094 4.678855507868383
84.21 4.444695121951219
88.146 4.444695121951219
88.205 4.526161784466542
91.926 4.526161784466542
92.009 4.555432374613739
96.216 4.555432374613739
96.307 4.437801406469761
99.862 4.437801406469761
99.907 4.139857454545455
104.032 4.139857454545455
104.108 4.261166625646074
108.171 4.261166625646074
108.206 4.521407863064991
111.945 4.521407863064991
112.01 4.458436948624805
115.864 4.458436948624805
116.1 4.229872586872587
120.244 4.229872586872587
120.309 4.228869163199261
124.635 4.228869163199261
124.711 4.211290145985401
129.095 4.211290145985401
129.209 4.157959757575758
133.334 4.157959757575758
133.409 4.009986422976501
137.239 4.009986422976501
137.311 4.090413333333333
141.511 4.090413333333333
141.607 4.131403678606002
145.739 4.131403678606002
145.81 4.213241717791411
149.885 4.213241717791411
150.008 4.4742514588859414
153.778 4.4742514588859414
154.101 4.368049987503125
158.102 4.368049987503125
158.21 4.271621540010066
162.184 4.271621540010066
162.309 4.552004102564102
166.209 4.552004102564102
166.307 4.539279038718291
170.052 4.539279038718291
170.112 4.332702025072324
174.26 4.332702025072324
174.31 4.171528848710449
178.071 4.171528848710449
178.11 3.8542579923988374
182.583 3.8542579923988374
182.712 4.140528519855596
185.482 4.140528519855596
