0.016 2.5605774647887323
0.584 2.5605774647887323
0.722 2.587609147609147
1.203 2.587609147609147
1.317 2.57208275862069
1.752 2.57208275862069
1.822 2.534250207125104
3.029 2.534250207125104
3.118 2.5389048543689317
3.633 2.5389048543689317
3.718 2.5220243998425818
6.259 2.5220243998425818
6.314 2.54179649122807
9.164 2.54179649122807
9.218 2.583403166869671
12.502 2.583403166869671
12.617 2.6464949573312646
15.195 2.6464949573312646
15.314 2.6451172214182344
18.078 2.6451172214182344
18.118 2.4904113945014905
21.137 2.4904113945014905
21.216 2.741660067239447
23.893 2.741660067239447
24.016 2.776689149560117
26.744 2.776689149560117
27.0 1.8658037803780378
31.444 1.8658037803780378
31.575 1.402399829315127
36.262 1.402399829315127
36.317 2.689497450837582
39.063 2.689497450837582
39.119 2.6732084341514
42.012 2.6732084341514
42.118 2.626283172720534
44.816 2.626283172720534
44.916 2.5797140058765917
47.979 2.5797140058765917
48.019 2.5993809356313755
50.862 2.5993809356313755
50.922 2.712915045719036
56.937 2.712915045719036
57.015 2.73898883120969
63.372 2.73898883120969
63.414 2.771685589519651
69.826 2.771685589519651
69.915 2.425841863225041
76.656 2.425841863225041
76.721 2.506349570200573
83.701 2.506349570200573
83.817 2.770040789473684
89.897 2.770040789473684
90.018 2.6982431077694238
93.21 2.6982431077694238
93.319 2.693417406749556
95.571 2.693417406749556
95.619 2.588089125374127
98.626 2.588089125374127
98.719 2.394628220858896
101.979 2.394628220858896
102.012 2.394596298834818
104.93 2.394596298834818
105.018 2.3138254545454546
108.318 2.3138254545454546
108.423 2.2371235387045814
111.588 2.2371235387045814
111.715 2.2367356197677557
115.418 2.2367356197677557
115.704 2.3213936651583706
119.24 2.3213936651583706
119.321 2.322120541205412
122.573 2.322120541205412
122.617 2.3206112216474333
125.13 2.3206112216474333
125.222 2.731428155692979
127.971 2.731428155692979
128.015 2.7905259117082535
130.62 2.7905259117082535
130.716 2.651216524216524
133.524 2.651216524216524
133.622 2.270280991735537
136.647 2.270280991735537
136.718 2.1041929689504744
140.615 2.1041929689504744
140.721 2.1038694362017805
144.091 2.1038694362017805
144.407 1.8811627233220665
148.549 1.8811627233220665
148.622 2.0491324786324787
152.366 2.0491324786324787
152.42 2.294542056074766
155.844 2.294542056074766
155.921 1.7836392914653785
159.647 1.7836392914653785
159.726 2.1312433112999685
162.903 2.1312433112999685
163.023 2.260398896334253
168.097 2.260398896334253
