0.012 3.4464644549763035
0.434 3.4464644549763035
0.515 3.466963788300836
0.874 3.466963788300836
0.917 3.4059417475728155
1.741 3.4059417475728155
1.811 3.402491657397108
2.71 3.402491657397108
2.812 3.408372670807453
3.778 3.408372670807453
3.816 3.4069452418926103
5.697 3.4069452418926103
5.81 3.6828266395526184
7.777 3.6828266395526184
7.812 3.0616730422230245
10.583 3.0616730422230245
10.712 2.2491795923950213
18.023 2.2491795923950213
18.11 4.819108025548458
21.711 4.819108025548458
21.812 4.819339246119734
25.42 4.819339246119734
25.511 4.600551422319475
29.167 4.600551422319475
29.211 4.623516609992152
33.034 4.623516609992152
33.113 4.367324376199616
37.281 4.367324376199616
37.414 3.196491731420602
42.433 3.196491731420602
42.51 4.42783851889946
46.399 4.42783851889946
46.703 1.602722197917578
58.132 1.602722197917578
58.249 3.296912827781715
59.66 3.296912827781715
59.708 4.081110933758978
60.961 4.081110933758978
61.016 3.8230936368339368
62.949 3.8230936368339368
63.012 2.740235113330772
65.615 2.740235113330772
65.745 1.157154451847365
72.349 1.157154451847365
72.439 2.777692969870875
75.227 2.777692969870875
75.312 3.9985134362492856
77.061 3.9985134362492856
77.11 3.9733451327433627
78.918 3.9733451327433627
79.009 3.995303197353914
80.823 3.995303197353914
80.913 2.9072669902912622
87.505 2.9072669902912622
87.623 2.469304116450149
94.012 2.469304116450149
94.113 3.8299133858267713
96.145 3.8299133858267713
96.213 3.2325002070393376
98.628 3.2325002070393376
98.716 2.684376488666923
101.319 2.684376488666923
101.421 2.3853870665417056
104.622 2.3853870665417056
104.725 2.6769361058601135
107.37 2.6769361058601135
107.414 4.153777331995988
109.408 4.153777331995988
109.701 3.8113740710156896
114.545 3.8113740710156896
114.61 3.676652518756699
119.275 3.676652518756699
119.316 3.8482204961162614
123.307 3.8482204961162614
123.424 2.395723887881746
130.595 2.395723887881746
130.728 1.8732535937671457
139.841 1.8732535937671457
139.917 2.8274272692745916
142.55 2.8274272692745916
142.619 2.298393574297189
145.607 2.298393574297189
145.723 2.287319386331939
149.308 2.287319386331939
149.422 1.8786539480657127
153.196 1.8786539480657127
153.33 1.2371825976500477
159.628 1.2371825976500477
159.725 1.6372069995731968
164.411 1.6372069995731968
164.525 1.814856086856087
168.854 1.814856086856087
168.936 1.0052700045378915
175.547 1.0052700045378915
175.838 0.7258747855917667
185.166 0.7258747855917667
185.228 1.5122836041358938
186.582 1.5122836041358938
