0.011 4.06259217877095
0.369 4.06259217877095
0.41 4.054201954397394
0.717 4.054201954397394
0.81 4.08341605839416
1.084 4.08341605839416
1.111 4.003717277486911
1.875 4.003717277486911
1.916 3.9938403755868546
6.389 3.9938403755868546
6.511 4.049270072992701
10.347 4.049270072992701
10.41 4.025251865671642
14.698 4.025251865671642
14.813 4.005547879317883
19.387 4.005547879317883
19.508 4.047194683731233
23.571 4.047194683731233
23.612 3.9710773455377577
27.982 3.9710773455377577
28.11 4.00188170310702
32.455 4.00188170310702
32.511 4.031547459252157
36.683 4.031547459252157
37.0 4.082148729792148
41.33 4.082148729792148
41.41 3.9272940668824163
46.045 3.9272940668824163
46.112 3.8261845933699026
50.305 3.8261845933699026
50.411 4.103876072449952
54.607 4.103876072449952
54.709 3.984666521644551
59.306 3.984666521644551
59.415 4.2176857142857145
61.095 4.2176857142857145
61.209 4.004898124683224
63.182 4.004898124683224
63.31 4.001104493773687
65.157 4.001104493773687
65.208 4.0049590117911285
66.989 4.0049590117911285
67.108 4.04330582010582
68.998 4.04330582010582
69.108 4.058809224318658
71.016 4.058809224318658
71.111 4.1200806248425295
75.08 4.1200806248425295
75.11 3.9841311774083352
79.501 3.9841311774083352
79.609 4.030114381430964
83.788 4.030114381430964
83.91 4.064624390243902
88.625 4.064624390243902
88.71 4.113789830508474
92.545 4.113789830508474
92.608 4.072719294061531
96.801 4.072719294061531
96.906 4.059348182883939
101.171 4.059348182883939
101.209 4.152676000982559
105.28 4.152676000982559
105.501 4.066938698224852
109.726 4.066938698224852
109.81 3.9919362332042816
114.201 3.9919362332042816
114.312 4.066256501444766
118.811 4.066256501444766
118.911 4.105469424060485
123.408 4.105469424060485
123.512 4.009252921926134
127.79 4.009252921926134
127.911 4.096625233395572
131.66 4.096625233395572
131.709 3.999938533178114
136.004 3.999938533178114
136.109 3.9978829039812647
140.379 3.9978829039812647
140.41 4.029326449190331
144.671 4.029326449190331
144.903 4.0075856497980515
149.112 4.0075856497980515
149.211 4.036158891454965
153.541 4.036158891454965
153.611 3.943187921022067
157.916 3.943187921022067
158.011 3.89230782723087
162.572 3.89230782723087
162.612 4.068836764001914
166.79 4.068836764001914
166.91 4.090133818843878
171.304 4.090133818843878
171.413 4.011536691383278
175.324 4.011536691383278
175.411 4.043174484052533
179.675 4.043174484052533
179.71 4.003233507853404
182.575 4.003233507853404
