0.028 1.3294405850091406
1.122 1.3294405850091406
1.232 1.341206896551724
2.16 1.341206896551724
2.234 1.3383444976076555
3.07 1.3383444976076555
3.133 1.341376483279396
4.06 1.341376483279396
4.133 1.330148524923703
5.116 1.330148524923703
5.244 1.3211570762052878
7.173 1.3211570762052878
7.245 1.2330417021276596
13.12 1.2330417021276596
13.254 1.2304417693981144
20.149 1.2304417693981144
20.231 1.1698669410150893
26.063 1.1698669410150893
26.144 1.08747642421538
32.867 1.08747642421538
32.94 0.7239969254419677
36.843 0.7239969254419677
37.159 0.5683275705186533
39.357 0.5683275705186533
39.44 1.1744
40.535 1.1744
40.637 1.1694373983739839
41.867 1.1694373983739839
41.94 1.3338190476190475
42.78 1.3338190476190475
42.831 1.0743351668500183
45.558 1.0743351668500183
45.675 0.6942395382395382
49.833 0.6942395382395382
49.981 0.8450461538461539
58.366 0.8450461538461539
58.432 1.0891335630599588
65.687 1.0891335630599588
65.855 1.2041648068669528
68.185 1.2041648068669528
68.542 0.6965035891772501
70.353 0.6965035891772501
70.474 0.6967417218543046
72.286 0.6967417218543046
72.475 0.8725322687957419
73.978 0.8725322687957419
74.219 1.0111764705882353
76.939 1.0111764705882353
77.047 0.9945506044905008
79.942 0.9945506044905008
80.215 0.9745166061583972
87.652 0.9745166061583972
87.732 1.4034205637933843
93.869 1.4034205637933843
93.937 1.1008304900181487
99.447 1.1008304900181487
99.541 1.0778925207756234
106.761 1.0778925207756234
107.021 0.9638092158447857
108.258 0.9638092158447857
108.352 0.8825283812193413
109.779 0.8825283812193413
109.847 1.0605252525252524
111.035 1.0605252525252524
111.326 1.1963898099474322
113.799 1.1963898099474322
113.947 1.5842293144208037
117.331 1.5842293144208037
117.624 1.6426752051230737
122.621 1.6426752051230737
122.726 2.194575995350189
126.167 2.194575995350189
126.216 2.1874328582145535
128.882 2.1874328582145535
128.923 1.8084527938342967
133.075 1.8084527938342967
133.129 1.341945726416836
138.546 1.341945726416836
138.621 2.0905970233080597
142.182 2.0905970233080597
142.326 2.1569095477386937
145.51 2.1569095477386937
145.618 2.058759728847602
149.601 2.058759728847602
149.719 2.029785284855425
153.212 2.029785284855425
153.511 2.0940005374899218
157.232 2.0940005374899218
157.317 1.9516540320529128
161.248 1.9516540320529128
161.324 2.0374771784232366
165.18 2.0374771784232366
165.217 2.06906600249066
168.429 2.06906600249066
168.522 2.021785607644073
171.871 2.021785607644073
171.922 2.0499786050492084
174.259 2.0499786050492084
