0.013 2.7969384615384616
0.533 2.7969384615384616
0.623 2.765095320623917
1.777 2.765095320623917
1.818 2.8111959798994977
2.216 2.8111959798994977
2.315 2.7656781193490056
3.421 2.7656781193490056
3.511 2.7598390611902763
4.704 2.7598390611902763
4.816 2.760291777188329
6.324 2.760291777188329
6.417 2.458603938730853
8.245 2.458603938730853
8.323 2.3249920526171555
11.972 2.3249920526171555
12.016 2.795028267103646
14.457 2.795028267103646
14.511 2.66731265961328
17.252 2.66731265961328
17.316 2.5881418244406196
20.221 2.5881418244406196
20.321 4.093376464026771
22.114 4.093376464026771
22.209 3.7688068230277185
26.899 3.7688068230277185
27.014 3.560142382163114
32.127 3.560142382163114
32.207 5.242873202614379
35.267 5.242873202614379
35.311 5.4562306717363755
38.467 5.4562306717363755
38.505 6.031449456700692
41.542 6.031449456700692
41.608 6.226793650793651
44.254 6.226793650793651
44.308 6.827750960799385
46.91 6.827750960799385
47.01 4.696198149156233
50.684 4.696198149156233
51.006 3.336369658556533
55.897 3.336369658556533
56.009 4.65430419673884
59.75 4.65430419673884
59.813 3.280791582056489
65.23 3.280791582056489
65.322 2.864354527938343
71.031 2.864354527938343
71.115 3.632541528239203
75.931 3.632541528239203
76.013 4.192643266118995
80.03 4.192643266118995
80.11 4.559767784915536
84.313 4.559767784915536
84.409 5.232631509121061
87.424 5.232631509121061
87.508 6.114182599355531
90.301 6.114182599355531
90.597 5.959765920826162
93.502 5.959765920826162
93.61 5.250168944099379
96.83 5.250168944099379
96.91 5.086683244523387
100.288 5.086683244523387
100.408 5.501755178907722
103.594 5.501755178907722
103.708 5.98432711808963
106.765 5.98432711808963
106.809 5.48493642305407
110.175 5.48493642305407
110.209 3.897201545103386
114.61 3.897201545103386
114.715 3.7940335968379446
118.763 3.7940335968379446
118.813 4.466910036401456
122.659 4.466910036401456
122.9 5.497893719806763
126.005 5.497893719806763
126.111 4.806539753639417
129.683 4.806539753639417
129.817 3.10872244747512
135.243 3.10872244747512
135.315 3.108603344005692
140.937 3.108603344005692
141.016 2.6120055393137402
147.515 2.6120055393137402
147.616 2.5573056755978105
154.558 2.5573056755978105
154.623 2.3679621117147236
161.802 2.3679621117147236
161.928 4.282117703121277
166.125 4.282117703121277
166.213 4.797896024464832
169.483 4.797896024464832
169.809 5.529216164207825
172.927 5.529216164207825
173.007 5.5730145772594755
175.065 5.5730145772594755
