0.024 1.7397224880382776
0.86 1.7397224880382776
0.922 1.7554866008462622
1.631 1.7554866008462622
1.728 1.7647570977917981
2.362 1.7647570977917981
2.436 1.7301131221719457
4.204 1.7301131221719457
4.321 1.7433813333333332
5.071 1.7433813333333332
5.133 1.6733499671700591
6.656 1.6733499671700591
6.726 0.859224291305895
15.157 0.859224291305895
15.288 1.5851823617339311
20.64 1.5851823617339311
20.751 1.1126327462491845
26.883 1.1126327462491845
27.028 1.5121207859358843
31.863 1.5121207859358843
31.934 1.4315597867479055
37.186 1.4315597867479055
37.338 1.9478301486199576
41.106 1.9478301486199576
41.231 1.3465633507853403
42.186 1.3465633507853403
42.331 1.5425086551264982
44.584 1.5425086551264982
44.724 2.0064731080437888
46.825 2.0064731080437888
46.928 1.8048289345063537
51.02 1.8048289345063537
51.135 1.663138064516129
55.785 1.663138064516129
55.921 1.5897940318599957
60.378 1.5897940318599957
60.454 0.8769882352941176
69.464 0.8769882352941176
69.563 0.7124197218710493
71.145 0.7124197218710493
71.446 0.9606763137852247
72.759 0.9606763137852247
72.823 1.7130203527815469
73.56 1.7130203527815469
73.81 1.1286842897055662
78.463 1.1286842897055662
78.736 0.3726831867839062
97.501 0.3726831867839062
97.637 1.2332268907563024
98.589 1.2332268907563024
98.736 1.2426881937436933
99.727 1.2426881937436933
99.836 0.7257895261845386
101.841 0.7257895261845386
102.012 0.50525
103.772 0.50525
103.893 0.5036229508196721
106.333 0.5036229508196721
106.506 0.7897618930244023
110.563 0.7897618930244023
110.641 1.0988282208588958
113.249 1.0988282208588958
113.342 1.2048818660647103
116.0 1.2048818660647103
116.312 2.113580895522388
119.662 2.113580895522388
119.715 2.2319137698733496
123.426 2.2319137698733496
123.559 0.9584829518916395
132.123 0.9584829518916395
132.318 0.938778717056191
140.362 0.938778717056191
140.409 1.474139534883721
144.365 1.474139534883721
144.436 1.4387231270358307
149.655 1.4387231270358307
149.723 1.730182908545727
150.39 1.730182908545727
150.54 1.2738089171974523
151.482 1.2738089171974523
151.558 0.8260600139567341
152.991 0.8260600139567341
153.155 0.49350874378309
159.388 0.49350874378309
159.656 0.40911819681143485
166.932 0.40911819681143485
167.112 0.5277549770290965
169.724 0.5277549770290965
169.843 1.2258715596330276
170.933 1.2258715596330276
171.041 1.2300787704130645
172.082 1.2300787704130645
172.32 1.0204601113172542
173.398 1.0204601113172542
173.558 0.8574412451361868
178.698 0.8574412451361868
178.898 0.524961648038571
188.024 0.524961648038571
