0.065 0.7203605745418524
2.084 0.7203605745418524
2.168 0.7261610268378063
3.882 0.7261610268378063
3.966 0.7260584036340039
5.507 0.7260584036340039
5.676 0.9279522388059702
7.016 0.9279522388059702
7.158 1.04938683788122
8.404 1.04938683788122
8.541 1.1572875143184422
9.414 1.1572875143184422
9.551 1.1754733333333334
11.951 1.1754733333333334
12.048 1.5947172932330826
17.368 1.5947172932330826
17.425 1.6152140151515153
21.649 1.6152140151515153
21.729 1.2455032367972743
27.599 1.2455032367972743
27.729 1.9072937595129376
31.671 1.9072937595129376
31.719 2.8883998425816606
34.26 2.8883998425816606
34.316 2.663434599156118
37.16 2.663434599156118
37.213 3.9037815442561206
39.337 3.9037815442561206
39.412 3.910201070791196
41.093 3.910201070791196
41.404 3.9877753779697622
43.256 3.9877753779697622
43.311 4.4599723183391005
45.045 4.4599723183391005
45.108 4.677037623762376
46.623 4.677037623762376
46.71 4.983396353436185
50.275 4.983396353436185
50.311 4.9924282407407405
53.767 4.9924282407407405
53.809 5.04894306930693
57.041 5.04894306930693
57.11 5.073354312354312
60.542 5.073354312354312
60.61 5.0879038076152305
64.103 5.0879038076152305
64.207 5.266537842190016
67.312 5.266537842190016
67.41 5.264616310562745
70.733 5.264616310562745
70.81 5.346618412698413
73.96 5.346618412698413
74.202 5.486602920125966
77.695 5.486602920125966
77.809 5.557021486438887
80.648 5.557021486438887
80.709 5.941862212943633
83.583 5.941862212943633
83.71 5.955665634674922
86.617 5.955665634674922
86.709 5.43411893281903
89.82 5.43411893281903
89.909 5.1460964360587
93.248 5.1460964360587
93.311 5.192118483412322
96.687 5.192118483412322
96.808 5.44143010113028
100.17 5.44143010113028
100.211 5.4396865055981145
103.605 5.4396865055981145
103.905 4.972915047839954
107.354 4.972915047839954
107.408 4.967091849935317
110.5 4.967091849935317
110.609 5.015981313868613
114.034 5.015981313868613
114.112 5.101900777047221
117.458 5.101900777047221
117.514 5.09615909765509
120.883 5.09615909765509
121.012 4.9831397341211225
124.397 4.9831397341211225
124.511 4.941070964093865
128.048 4.941070964093865
128.112 4.551052010723861
131.842 4.551052010723861
131.912 4.2118187425860025
136.127 4.2118187425860025
136.402 4.21512521696008
140.435 4.21512521696008
140.512 4.2217636833450785
144.769 4.2217636833450785
144.812 4.225456504174522
148.525 4.225456504174522
148.612 4.17233688286544
152.744 4.17233688286544
152.811 4.118227648114901
155.596 4.118227648114901
