0.03 1.3067457322551663
1.143 1.3067457322551663
1.234 1.317079365079365
2.179 1.317079365079365
2.235 1.3132112676056338
3.087 1.3132112676056338
3.132 1.3158264550264551
4.077 1.3158264550264551
4.132 1.3062297702297703
5.133 1.3062297702297703
5.234 1.3137997399219767
6.003 1.3137997399219767
6.142 0.5981438361819834
18.253 0.5981438361819834
18.451 0.5392756882512602
21.03 0.5392756882512602
21.159 0.9463736263736264
22.433 0.9463736263736264
22.55 1.414687306501548
27.718 1.414687306501548
27.826 0.7548746987951808
37.786 0.7548746987951808
38.116 0.577790934320074
40.278 0.577790934320074
40.421 0.49233078101071975
43.033 0.49233078101071975
43.204 0.8044787472035795
44.992 0.8044787472035795
45.139 1.3290723606168446
45.982 1.3290723606168446
46.037 1.325154491017964
46.872 1.325154491017964
46.945 0.6507321911632101
51.381 0.6507321911632101
51.48 0.6240752980548002
56.261 0.6240752980548002
56.378 0.9297765284609978
57.801 0.9297765284609978
57.933 1.4892271762208067
59.817 1.4892271762208067
59.931 0.8307514558583742
68.517 0.8307514558583742
68.64 1.5749892827699918
73.492 1.5749892827699918
73.622 1.8902143031486454
77.719 1.8902143031486454
77.826 1.891130340724716
81.524 1.891130340724716
81.624 1.4589374492282698
86.548 1.4589374492282698
86.666 0.761449884429502
96.184 0.761449884429502
96.254 0.8682625298329356
97.93 0.8682625298329356
98.056 0.9750438596491229
98.968 0.9750438596491229
99.052 1.0072459016393442
100.272 1.0072459016393442
100.349 1.055357048748353
103.385 1.055357048748353
103.414 2.8360074580484773
105.023 2.8360074580484773
105.126 0.9437182054134223
113.217 0.9437182054134223
113.391 1.3468700779912497
118.648 1.3468700779912497
118.755 1.3074399368587215
125.09 1.3074399368587215
125.223 0.9039145468560731
134.304 0.9039145468560731
134.427 1.7993136427566807
135.138 1.7993136427566807
135.226 1.7785135135135135
135.818 1.7785135135135135
136.116 1.7424819277108434
137.776 1.7424819277108434
137.823 1.7444472622478386
139.558 1.7444472622478386
139.625 1.7647882552230378
141.396 1.7647882552230378
141.525 0.8166963967178024
149.934 0.8166963967178024
150.041 1.2155410613697006
156.787 1.2155410613697006
156.942 1.2148800548320766
162.778 1.2148800548320766
162.835 1.2702601891098793
168.969 1.2702601891098793
169.029 1.7693616236162362
173.365 1.7693616236162362
173.428 1.9548424981338641
177.447 1.9548424981338641
177.521 1.9364335664335666
180.953 1.9364335664335666
181.023 1.8182749638205498
182.405 1.8182749638205498
182.526 1.8977126969416127
183.605 1.8977126969416127
