0.059 0.809353366722315
1.856 0.809353366722315
1.971 0.8156225425950197
3.497 0.8156225425950197
3.662 0.8072554112554112
5.048 0.8072554112554112
5.167 0.8143130320890636
6.694 0.8143130320890636
6.858 0.8036484326982175
8.485 0.8036484326982175
8.56 0.8141112006446414
9.801 0.8141112006446414
9.976 0.812158940397351
11.486 0.812158940397351
11.576 1.3900222575516694
14.092 1.3900222575516694
14.227 1.7561554697554698
18.112 1.7561554697554698
18.228 1.5130596026490066
23.06 1.5130596026490066
23.152 0.9844902448605474
30.789 0.9844902448605474
30.954 0.8670317779090373
39.419 0.8670317779090373
39.556 0.8807999999999999
41.016 0.8807999999999999
41.154 0.8770780487804879
42.794 0.8770780487804879
42.962 0.8856980237154151
44.227 0.8856980237154151
44.351 0.8844956035171863
45.602 0.8844956035171863
45.754 0.872362647325476
49.063 0.872362647325476
49.16 0.7782222222222221
52.994 0.7782222222222221
53.165 2.4160595681310495
54.508 2.4160595681310495
54.608 2.613168316831683
57.436 2.613168316831683
57.518 2.2234513715710724
60.726 2.2234513715710724
60.817 1.6451771797631862
65.462 1.6451771797631862
65.535 1.9496998992950656
69.507 1.9496998992950656
69.633 1.2984404010397328
75.019 1.2984404010397328
75.127 1.5060394129979036
79.897 1.5060394129979036
80.037 1.2827398230088496
85.687 1.2827398230088496
85.841 1.0584726557699398
93.978 1.0584726557699398
94.236 0.7146902321197125
102.723 0.7146902321197125
102.854 0.9754805715718226
110.832 0.9754805715718226
110.954 1.0152294043092522
114.11 1.0152294043092522
114.248 1.0428471615720523
116.996 1.0428471615720523
117.146 1.0421042183622828
118.355 1.0421042183622828
118.448 1.0421528707291299
121.287 1.0421528707291299
121.341 1.1038422459893047
124.333 1.1038422459893047
124.442 1.101133836650652
127.356 1.101133836650652
127.443 0.9879228948258371
130.4 0.9879228948258371
130.551 0.8709772804340454
133.5 0.8709772804340454
133.832 0.8704544086668673
137.155 0.8704544086668673
137.251 1.0507834634287367
144.169 1.0507834634287367
144.245 1.1339856816450877
150.81 1.1339856816450877
150.942 1.1589635220125785
153.327 1.1589635220125785
153.442 1.1486333084391338
156.12 1.1486333084391338
156.244 1.1783347182981552
162.261 1.1783347182981552
162.332 1.2547143317230274
168.542 1.2547143317230274
168.65 1.0867878787878789
171.587 1.0867878787878789
171.641 1.0901148788927335
174.531 1.0901148788927335
174.641 1.4085224071702944
175.422 1.4085224071702944
175.527 1.6139148211243612
176.114 1.6139148211243612
176.226 1.6186814229249011
177.491 1.6186814229249011
