0.013 3.16175652173913
0.473 3.16175652173913
0.515 3.1832225063938617
0.906 3.1832225063938617
1.021 3.1114146341463416
1.923 3.1114146341463416
2.015 3.114908350305499
2.997 3.114908350305499
3.116 3.1070743604997024
4.797 3.1070743604997024
4.915 3.103372397094431
6.98 3.103372397094431
7.016 3.097101325352715
9.355 3.097101325352715
9.411 3.1031075347476227
12.145 3.1031075347476227
12.211 3.1139497946143315
14.402 3.1139497946143315
14.511 3.1045027600849258
16.866 3.1045027600849258
16.914 3.1083618162316764
22.508 3.1083618162316764
22.617 3.090137056770163
28.06 3.090137056770163
28.113 3.035497853340203
33.936 3.035497853340203
34.019 3.0800351945854487
39.929 3.0800351945854487
40.011 3.0846360315323977
45.212 3.0846360315323977
45.318 3.1070088346655447
47.695 3.1070088346655447
47.817 3.123421647819063
50.293 3.123421647819063
50.413 3.1159683377308705
52.687 3.1159683377308705
52.813 3.1657307692307692
55.309 3.1657307692307692
55.412 3.1716909871244634
57.742 3.1716909871244634
57.812 3.1645217391304348
60.066 3.1645217391304348
60.116 3.176319587628866
61.668 3.176319587628866
61.716 3.176459392945037
64.154 3.176459392945037
64.213 2.9517328519855597
69.753 2.9517328519855597
69.814 1.9950188162846392
78.583 1.9950188162846392
78.715 2.198100756982511
86.377 2.198100756982511
86.421 2.191550127226463
90.351 2.191550127226463
90.417 2.3842672955974846
92.961 2.3842672955974846
93.014 3.0931573926868046
95.53 3.0931573926868046
95.617 2.749731595632265
98.456 2.749731595632265
98.516 2.552020452885318
101.254 2.552020452885318
101.318 3.057919102923508
103.815 3.057919102923508
103.912 3.1027589833479405
106.194 3.1027589833479405
106.316 2.987962481962482
109.088 2.987962481962482
109.407 2.4057584994138335
112.819 2.4057584994138335
112.918 2.5213809682804675
115.913 2.5213809682804675
116.016 2.749503064592173
118.137 2.749503064592173
118.217 2.831202373104812
124.285 2.831202373104812
124.414 3.1807266629401902
129.781 3.1807266629401902
129.817 3.1468035190615837
135.273 3.1468035190615837
135.31 3.1254267185473408
140.707 3.1254267185473408
140.812 3.0981329551497963
146.453 3.0981329551497963
146.513 3.097705109489051
151.993 3.097705109489051
152.12 3.117811029153495
157.814 3.117811029153495
157.915 3.131258058574323
163.344 3.131258058574323
163.606 3.074772968349016
169.451 3.074772968349016
169.517 3.092061489948758
174.591 3.092061489948758
174.717 2.9662931865106676
180.529 2.9662931865106676
180.615 2.641470290188853
184.957 2.641470290188853
