0.007 4.963849829351536
0.3 4.963849829351536
0.41 4.901566820276497
1.061 4.901566820276497
1.11 4.923677192982456
1.68 4.923677192982456
1.712 4.90198717948718
2.336 4.90198717948718
2.409 4.899535714285714
3.081 4.899535714285714
3.112 4.878454773869346
6.296 4.878454773869346
6.409 4.497206878582595
10.247 4.497206878582595
10.311 4.4708091752074175
14.409 4.4708091752074175
14.511 3.799388170055453
18.839 3.799388170055453
18.91 4.558342001576044
22.717 4.558342001576044
22.811 4.646760021378942
26.553 4.646760021378942
26.611 4.487624332977588
30.359 4.487624332977588
30.412 4.371927776403661
34.455 4.371927776403661
34.702 4.034354609929078
39.214 4.034354609929078
39.309 3.8062139976275207
43.524 3.8062139976275207
43.612 4.140385669632122
47.771 4.140385669632122
47.81 4.508371154319469
51.873 4.508371154319469
51.912 4.37031724137931
55.682 4.37031724137931
55.711 4.32679201169021
59.817 4.32679201169021
59.911 4.4263293996921504
63.809 4.4263293996921504
63.908 4.702646685878963
67.378 4.702646685878963
67.409 4.356205153865399
71.406 4.356205153865399
71.702 4.204411639460611
75.929 4.204411639460611
76.009 4.565214963707426
79.591 4.565214963707426
79.71 4.642866242038216
83.478 4.642866242038216
83.508 4.0917998056365406
87.624 4.0917998056365406
87.711 4.27592681838465
92.193 4.27592681838465
92.31 4.567569195136074
95.764 4.567569195136074
95.81 4.744904695748819
99.409 4.744904695748819
99.507 4.471363636363636
103.379 4.471363636363636
103.409 4.179368108776267
107.454 4.179368108776267
107.704 4.138443159922928
111.856 4.138443159922928
111.911 4.0332701334560515
116.257 4.0332701334560515
116.313 4.317698371489262
120.55 4.317698371489262
120.612 4.302562572826847
124.903 4.302562572826847
125.012 4.512387266508814
128.813 4.512387266508814
128.91 3.793096567053593
132.959 3.793096567053593
133.009 3.5075002041649657
137.907 3.5075002041649657
138.014 3.88417747440273
142.409 3.88417747440273
142.512 4.061736456115448
146.739 4.061736456115448
147.002 4.158759368836292
151.058 4.158759368836292
151.111 4.547636742128546
154.954 4.547636742128546
155.01 4.5522724591043175
158.739 4.5522724591043175
158.81 4.309982034474387
162.929 4.309982034474387
163.011 3.922381172127365
167.345 3.922381172127365
167.41 4.425522777640975
171.471 4.425522777640975
171.51 4.6376352349985215
174.893 4.6376352349985215
175.01 4.565703389830508
178.786 4.565703389830508
178.91 4.62843583535109
181.388 4.62843583535109
