0.041 1.0249527836504582
1.46 1.0249527836504582
1.543 1.0346134663341646
2.746 1.0346134663341646
2.841 1.0605270142180094
3.896 1.0605270142180094
4.045 1.0700998278829603
5.207 1.0700998278829603
5.345 1.0595915721231768
6.579 1.0595915721231768
6.649 1.0579183246073298
7.604 1.0579183246073298
7.742 1.2642886597938146
8.712 1.2642886597938146
8.845 1.3734654362959366
15.022 1.3734654362959366
15.131 1.2776524344569289
20.471 1.2776524344569289
20.553 0.9159488849912302
28.535 0.9159488849912302
28.637 1.7795389349112427
32.862 1.7795389349112427
32.923 1.8426874215415516
36.906 1.8426874215415516
37.027 1.5427307535641548
41.937 1.5427307535641548
42.025 1.9078766682006443
46.371 1.9078766682006443
46.436 1.3964410452517526
51.143 1.3964410452517526
51.414 1.3306954954954957
56.964 1.3306954954954957
57.048 1.1073298969072165
64.032 1.1073298969072165
64.15 1.0441317157712307
65.304 1.0441317157712307
65.444 1.0417889763779529
66.714 1.0417889763779529
66.843 1.0484167441860466
67.918 1.0484167441860466
68.058 1.0424059339177343
71.024 1.0424059339177343
71.153 1.4451301059001511
76.441 1.4451301059001511
76.528 1.7305492737430168
81.003 1.7305492737430168
81.124 1.9705269089884476
84.673 1.9705269089884476
84.91 2.2812981899015563
88.059 2.2812981899015563
88.124 2.036953344575604
91.682 2.036953344575604
91.82 1.8764252723311547
96.41 1.8764252723311547
96.528 1.5514649681528663
99.04 1.5514649681528663
99.157 1.3720176211453745
102.789 1.3720176211453745
102.927 2.1702774534334166
106.524 2.1702774534334166
106.629 1.860834087882823
110.384 1.860834087882823
110.524 2.2854307093684523
113.865 2.2854307093684523
113.92 2.4306543082732577
116.833 2.4306543082732577
117.106 2.3691739130434786
120.602 2.3691739130434786
120.726 1.892655752824533
125.063 1.892655752824533
125.125 1.8178950409244103
129.279 1.8178950409244103
129.325 1.7586537997587455
132.641 1.7586537997587455
132.728 1.6256107382550335
137.347 1.6256107382550335
137.433 1.2807117688513037
143.109 1.2807117688513037
143.242 1.325608262108262
148.858 1.325608262108262
148.929 1.9894553881807648
152.381 1.9894553881807648
152.419 2.2577202643171805
156.051 2.2577202643171805
156.306 2.4894803370786516
159.154 2.4894803370786516
159.217 2.5086207340631037
162.323 2.5086207340631037
162.42 2.5387001985440105
165.442 2.5387001985440105
165.515 1.509706379707917
170.719 1.509706379707917
170.832 1.4319844861021331
175.473 1.4319844861021331
175.521 2.5454736842105263
178.181 2.5454736842105263
178.221 2.1170128148475476
180.484 2.1170128148475476
