0.012 4.488913580246914
0.336 4.488913580246914
0.417 4.425686546463246
1.138 4.425686546463246
1.212 4.440658227848101
1.844 4.440658227848101
1.912 4.445988372093023
2.6 4.445988372093023
2.718 2.873026178010471
3.864 2.873026178010471
3.954 1.977920987654321
7.194 1.977920987654321
7.311 2.7702179732313574
9.926 2.7702179732313574
10.026 2.248580970050358
13.799 2.248580970050358
13.914 3.55162103071317
15.835 3.55162103071317
15.91 4.04823034330011
17.716 4.04823034330011
17.82 2.893207321131448
23.83 2.893207321131448
23.922 2.619469864507086
30.343 2.619469864507086
30.425 2.3847415002698327
37.837 2.3847415002698327
38.108 2.1768527172486216
41.917 2.1768527172486216
42.02 2.185188829787234
45.028 2.185188829787234
45.119 1.0678658183921341
52.035 1.0678658183921341
52.153 0.8557698351222751
61.19 0.8557698351222751
61.346 0.98212771560237
64.384 0.98212771560237
64.457 0.9168898128898129
65.9 0.9168898128898129
66.06 0.9074460547504026
67.302 0.9074460547504026
67.45 0.928158940397351
68.809 0.928158940397351
68.94 1.198951566951567
69.993 1.198951566951567
70.144 1.1461048128342246
72.949 1.1461048128342246
73.074 0.9667486818980668
75.919 0.9667486818980668
76.014 2.7252685887708648
78.65 2.7252685887708648
78.76 1.5354830508474577
83.48 1.5354830508474577
83.525 1.856605302866997
88.164 1.856605302866997
88.226 2.178727011494253
91.01 2.178727011494253
91.114 2.8135878524945768
93.88 2.8135878524945768
93.911 4.303466372657112
95.725 4.303466372657112
95.811 3.8905523385300667
97.607 3.8905523385300667
97.716 4.502834381551363
101.532 4.502834381551363
101.616 3.397013953488372
106.776 3.397013953488372
106.818 5.324239813736904
110.254 5.324239813736904
110.306 4.049637201140601
114.865 4.049637201140601
114.916 3.2477909486839613
120.197 3.2477909486839613
120.312 6.825888
122.562 6.825888
122.61 3.536380403458213
127.468 3.536380403458213
127.525 3.575819019689987
132.299 3.575819019689987
132.603 5.216943178365239
135.894 5.216943178365239
136.013 7.587911830859199
138.236 7.587911830859199
138.311 6.366691438979964
141.056 6.366691438979964
141.109 4.313957814485388
145.044 4.313957814485388
145.114 4.609923656193197
148.965 4.609923656193197
149.014 6.240675477239354
151.738 6.240675477239354
151.809 7.401996705107084
154.237 7.401996705107084
154.311 7.976166751398068
156.278 7.976166751398068
156.308 7.450343993085566
158.622 7.450343993085566
158.902 6.679827606290041
160.619 6.679827606290041
