0.009 5.888291497975708
0.256 5.888291497975708
0.309 5.8122404371584695
0.858 5.8122404371584695
0.909 5.82260580912863
1.391 5.82260580912863
1.508 5.793257575757576
2.036 5.793257575757576
2.107 5.827412389380531
2.672 5.827412389380531
2.71 5.789414834140887
5.393 5.789414834140887
5.509 5.817418267610381
8.476 5.817418267610381
8.609 4.961109125372326
12.302 4.961109125372326
12.407 4.503903588058066
16.058 4.503903588058066
16.108 4.479506453278265
19.982 4.479506453278265
20.11 3.5370577705451587
25.026 3.5370577705451587
25.111 2.701512367491166
31.337 2.701512367491166
31.42 3.1306595820049594
37.066 3.1306595820049594
37.305 2.679671426468423
44.098 2.679671426468423
44.223 2.61249920508744
46.739 2.61249920508744
46.842 2.409327868852459
48.794 2.409327868852459
48.919 2.102662316476346
52.597 2.102662316476346
52.722 1.8177814263724987
56.62 1.8177814263724987
56.723 2.2384317280453256
60.253 2.2384317280453256
60.32 2.049373266777593
63.926 2.049373266777593
64.019 1.9143403113258186
67.745 1.9143403113258186
67.822 1.8548174757281555
71.942 1.8548174757281555
72.206 1.9467591754650577
76.184 1.9467591754650577
76.318 2.0223828802776174
79.776 2.0223828802776174
79.821 1.9415697297297296
83.521 1.9415697297297296
83.619 1.8756418219461697
87.483 1.8756418219461697
87.626 1.75092335840618
92.545 1.75092335840618
92.62 1.8425200486026732
95.912 1.8425200486026732
96.021 2.002156933367636
99.908 2.002156933367636
100.019 2.2886215186162415
103.43 2.2886215186162415
103.514 2.899349377593361
105.924 2.899349377593361
106.203 2.693341798941799
109.038 2.693341798941799
109.117 2.7107565084226644
111.729 2.7107565084226644
111.816 2.8181803334467506
114.755 2.8181803334467506
114.814 3.0882046651617756
117.472 3.0882046651617756
117.513 3.3325401588702563
119.779 3.3325401588702563
119.912 3.489943746259725
121.583 3.489943746259725
121.611 3.675596063329054
126.285 3.675596063329054
126.413 3.1490426120641946
131.834 3.1490426120641946
131.917 3.1930370094848426
137.294 3.1930370094848426
137.415 3.0674537188579745
142.914 3.0674537188579745
143.019 3.210243938280676
148.463 3.210243938280676
148.512 3.680707718993929
153.124 3.680707718993929
153.216 3.733504942166141
157.971 3.733504942166141
158.008 3.8732285258601045
162.397 3.8732285258601045
162.701 4.911737633233124
166.36 4.911737633233124
166.41 4.947688426363923
169.581 4.947688426363923
169.71 7.189364470391993
172.108 7.189364470391993
172.208 6.436175084175084
173.99 6.436175084175084
