0.016 2.1451445427728615
0.694 2.1451445427728615
0.818 2.1721465968586386
1.391 2.1721465968586386
1.525 2.1683255813953486
2.041 2.1683255813953486
2.12 2.158777777777778
2.696 2.158777777777778
2.821 2.1576501650165016
3.427 2.1576501650165016
3.528 2.1185004958677687
6.553 2.1185004958677687
6.619 1.911377308707124
10.409 1.911377308707124
10.542 1.19592557090499
17.636 1.19592557090499
17.74 1.170268267581475
23.57 1.170268267581475
23.609 1.6986765799256505
27.913 1.6986765799256505
28.045 1.1692926905132193
34.475 1.1692926905132193
34.588 1.2287667838607066
40.561 1.2287667838607066
40.65 1.2508328611898016
43.121 1.2508328611898016
43.229 1.4632838250254323
44.212 1.4632838250254323
44.328 1.476163372859025
45.087 1.476163372859025
45.128 1.0927683700111896
47.809 1.0927683700111896
47.949 0.8515185840707965
51.339 0.8515185840707965
51.476 1.1735197085127524
57.514 1.1735197085127524
57.689 0.7901663999999999
67.689 0.7901663999999999
67.834 1.3322080378250591
68.68 1.3322080378250591
68.734 1.333369978858351
69.68 1.333369978858351
69.734 1.1375183090205419
76.452 1.1375183090205419
76.57 1.4014129569308722
82.096 1.4014129569308722
82.272 0.8677751582082144
90.331 0.8677751582082144
90.446 0.6636698699830412
92.215 0.6636698699830412
92.387 0.6397423376623377
94.312 0.6397423376623377
94.484 0.6343539668700958
96.778 0.6343539668700958
96.873 1.070084235860409
97.704 1.070084235860409
97.813 3.2128064192577734
98.81 3.2128064192577734
98.914 1.9220539892021595
100.581 1.9220539892021595
100.647 0.8097615019121567
109.276 0.8097615019121567
109.363 1.0996002304147467
116.307 1.0996002304147467
116.427 0.885947947947948
124.419 0.885947947947948
124.606 0.561904598195101
126.933 0.561904598195101
127.087 0.6259267015706806
129.379 0.6259267015706806
129.475 0.6268064674179323
131.516 0.6268064674179323
131.686 0.8025
132.998 0.8025
133.145 1.1473700912336373
135.666 1.1473700912336373
135.738 0.6913238921882138
140.116 0.6913238921882138
140.281 0.7578661493695441
144.405 0.7578661493695441
144.535 1.4781433155080215
146.405 1.4781433155080215
146.527 1.2364354644149578
153.159 1.2364354644149578
153.283 0.6892232915330028
163.57 0.6892232915330028
163.814 0.2800113751777371
168.737 0.2800113751777371
168.987 0.33870722433460076
172.932 0.33870722433460076
173.116 0.4584718940207662
175.909 0.4584718940207662
176.119 0.45893032957863994
178.516 0.45893032957863994
178.726 0.46553710073710075
180.761 0.46553710073710075
180.88 0.6094142857142857
184.24 0.6094142857142857
