0.01 3.7388380462724937
0.399 3.7388380462724937
0.51 3.7602416918429005
0.841 3.7602416918429005
0.916 3.697623188405797
1.675 3.697623188405797
1.71 3.6897949336550058
2.539 3.6897949336550058
2.616 3.9030797846304455
4.659 3.9030797846304455
4.711 4.066284263959391
6.287 4.066284263959391
6.412 4.249207287050714
10.474 4.249207287050714
10.509 4.176288124002736
14.896 4.176288124002736
15.008 4.297896497647674
18.834 4.297896497647674
18.909 4.208975988357992
23.032 4.208975988357992
23.11 4.295498023715415
27.158 4.295498023715415
27.21 4.2765359776252225
31.143 4.2765359776252225
31.211 4.156055490242182
35.464 4.156055490242182
35.51 4.2870956194065
39.756 4.2870956194065
40.002 4.226341412012644
43.798 4.226341412012644
43.91 4.175524733268671
48.034 4.175524733268671
48.11 3.740557892587298
53.007 3.740557892587298
53.112 3.6427362370108334
57.635 3.6427362370108334
57.713 3.6278962630181746
62.61 3.6278962630181746
62.715 3.8573288620612565
67.188 3.8573288620612565
67.311 4.225319523562921
71.173 4.225319523562921
71.211 4.259234833659492
75.299 4.259234833659492
75.412 4.233455931395903
79.61 4.233455931395903
79.902 4.284149855907781
83.719 4.284149855907781
83.809 4.3195851851851845
87.859 4.3195851851851845
87.911 4.3173155601127915
91.812 4.3173155601127915
91.911 4.160812852800695
96.517 4.160812852800695
96.611 4.238684578183772
100.333 4.238684578183772
100.411 4.317803286978508
104.366 4.317803286978508
104.41 4.323956043956044
108.414 4.323956043956044
108.51 4.251897384305835
112.486 4.251897384305835
112.612 3.9140810933940773
117.002 3.9140810933940773
117.303 3.443054802592811
122.394 3.443054802592811
122.51 3.845719571158293
127.267 3.845719571158293
127.318 3.7634339741569494
130.491 3.7634339741569494
130.611 4.06871551724138
132.467 4.06871551724138
132.509 3.6539448621553885
134.105 3.6539448621553885
134.209 2.7058363963963967
136.984 2.7058363963963967
137.011 4.056540178571429
138.803 4.056540178571429
138.911 4.052594447468699
140.748 4.052594447468699
140.81 4.075363131191109
144.949 4.075363131191109
145.203 4.148247804414907
149.416 4.148247804414907
149.513 4.105302055622733
153.648 4.105302055622733
153.713 4.32784397854705
157.815 4.32784397854705
157.911 4.319004065040651
161.847 4.319004065040651
161.91 4.320203846153846
166.07 4.320203846153846
166.109 4.328033103448276
169.734 4.328033103448276
169.81 4.331682412060301
173.79 4.331682412060301
173.91 4.336205671077505
176.555 4.336205671077505
