0.014 2.9621344195519352
0.505 2.9621344195519352
0.618 2.9776076555023923
1.036 2.9776076555023923
1.118 2.983616
1.493 2.983616
1.62 2.92152817574021
2.667 2.92152817574021
2.719 2.913405918889295
5.456 2.913405918889295
5.515 2.9249036969420357
7.706 2.9249036969420357
7.814 3.3568674698795182
9.972 3.3568674698795182
10.012 3.3011268482490275
12.582 3.3011268482490275
12.717 1.7133761928679054
16.699 1.7133761928679054
16.818 3.458421948912015
18.932 3.458421948912015
19.011 3.683758941695247
21.052 3.683758941695247
21.114 3.1526735395189003
23.442 3.1526735395189003
23.516 3.097739922888188
29.222 3.097739922888188
29.319 2.5915444191343964
36.343 2.5915444191343964
36.413 3.6611574623459604
40.795 3.6611574623459604
40.91 3.8827201803833145
45.345 3.8827201803833145
45.412 4.170653916211293
49.804 4.170653916211293
49.908 3.893217391304348
54.14 3.893217391304348
54.213 2.9743525866398794
60.186 2.9743525866398794
60.316 3.829929411764706
64.821 3.829929411764706
65.102 3.2708326317899377
70.091 3.2708326317899377
70.212 2.3415481441635286
77.648 2.3415481441635286
77.714 3.7512628571428572
79.114 3.7512628571428572
79.212 4.094496487119438
80.92 4.094496487119438
81.012 4.407024390243903
82.078 4.407024390243903
82.114 4.681834625322997
83.662 4.681834625322997
83.709 5.353269273743017
87.289 5.353269273743017
87.409 4.927040599625234
90.611 4.927040599625234
90.714 4.648043549265106
94.388 4.648043549265106
94.698 5.925092402464065
97.62 5.925092402464065
97.709 6.037694285714286
100.509 6.037694285714286
100.609 6.037531974701335
103.455 6.037531974701335
103.508 6.03601652892562
106.412 6.03601652892562
106.51 6.037652805280528
109.54 6.037652805280528
109.616 6.043304746317513
112.671 6.043304746317513
112.712 6.039290140845071
115.552 6.039290140845071
115.611 6.034675049115914
118.156 6.034675049115914
118.209 6.040694796061884
121.053 6.040694796061884
121.301 6.068595805190188
124.114 6.068595805190188
124.209 5.94081660899654
127.099 5.94081660899654
127.208 5.0715357787131685
130.534 5.0715357787131685
130.613 4.093831810728508
134.882 4.093831810728508
135.01 5.791683384510406
137.941 5.791683384510406
138.01 5.443979147500767
141.271 5.443979147500767
141.312 5.3441056271612695
144.493 5.3441056271612695
144.611 5.061123063925654
148.162 5.061123063925654
148.215 6.512710668327107
150.624 6.512710668327107
150.901 6.5701585365853665
153.525 6.5701585365853665
153.607 6.5166272727272725
155.367 6.5166272727272725
