0.017 2.9621344195519352
0.508 2.9621344195519352
0.617 2.984748201438849
1.034 2.984748201438849
1.117 2.983616
1.492 2.983616
1.622 2.92152817574021
2.669 2.92152817574021
2.718 2.9123418553688825
5.456 2.9123418553688825
5.517 2.859644801427934
7.758 2.859644801427934
7.816 2.858768745067088
10.35 2.858768745067088
10.414 2.853648166834847
13.387 2.853648166834847
13.515 2.813469690721649
15.94 2.813469690721649
16.016 2.3027099212598423
19.191 2.3027099212598423
19.311 3.246352331606218
21.627 3.246352331606218
21.717 3.2504092116917627
23.975 3.2504092116917627
24.202 2.5359250083696017
27.189 2.5359250083696017
27.339 1.9198036582542255
31.658 1.9198036582542255
31.715 2.9317787689562893
33.957 2.9317787689562893
34.017 2.7302624768946395
36.722 2.7302624768946395
36.817 2.7356179695790592
39.644 2.7356179695790592
39.72 2.7098842105263157
45.8 2.7098842105263157
45.918 2.8995932756650893
52.045 2.8995932756650893
52.109 3.9248935395814377
56.505 3.9248935395814377
56.613 4.157499108280255
60.538 4.157499108280255
60.608 4.4440408371618165
64.526 4.4440408371618165
64.616 3.51573649851632
69.671 3.51573649851632
69.713 3.5743387978142076
74.288 3.5743387978142076
74.413 3.8072513601741025
79.008 3.8072513601741025
79.302 4.258368647281921
83.257 4.258368647281921
83.312 3.9976437213183145
88.106 3.9976437213183145
88.211 4.502392694063927
91.715 4.502392694063927
91.809 4.236395931530637
95.84 4.236395931530637
95.912 4.165813282001925
100.068 4.165813282001925
100.112 4.548168953457089
103.829 4.548168953457089
103.914 4.673053032363339
107.591 4.673053032363339
107.715 4.654432288900691
111.481 4.654432288900691
111.61 4.564393213572854
115.618 4.564393213572854
115.901 4.79166779133143
119.754 4.79166779133143
119.813 4.658224877783813
123.495 4.658224877783813
123.612 4.158745735174654
127.305 4.158745735174654
127.422 2.460222826865244
134.405 2.460222826865244
134.517 2.19533950617284
142.293 2.19533950617284
142.427 2.4994846411413594
149.296 2.4994846411413594
149.422 3.217051936355449
152.753 3.217051936355449
152.814 3.4238162839248436
155.209 3.4238162839248436
155.317 2.460964942728219
158.198 2.460964942728219
158.313 3.5129738503155994
160.531 3.5129738503155994
160.614 3.5111908466819224
162.799 3.5111908466819224
162.913 3.5973040293040293
165.097 3.5973040293040293
165.21 3.925481393975192
166.903 3.925481393975192
167.011 3.920648523451071
168.738 3.920648523451071
168.812 3.9851507991660875
171.69 3.9851507991660875
