0.007 6.060033333333334
0.247 6.060033333333334
0.306 6.101176470588235
0.51 6.101176470588235
0.607 6.009627408993576
1.074 6.009627408993576
1.106 6.00950884086444
1.615 6.00950884086444
1.706 5.989669724770643
2.578 5.989669724770643
2.606 5.967345370726085
5.209 5.967345370726085
5.307 5.972415224913495
8.197 5.972415224913495
8.306 5.9717653194263365
11.374 5.9717653194263365
11.405 5.555321621621622
14.365 5.555321621621622
14.406 5.708423684210526
17.446 5.708423684210526
17.506 5.829090177673483
20.489 5.829090177673483
20.609 5.85641225626741
23.481 5.85641225626741
23.505 5.643583652618136
26.637 5.643583652618136
26.899 5.667188044831881
30.111 5.667188044831881
30.206 3.4449628516212156
34.863 3.4449628516212156
34.905 5.845167684996605
37.851 5.845167684996605
37.907 5.824328139904611
41.052 5.824328139904611
41.11 3.9511021582733816
45.28 3.9511021582733816
45.306 5.3770605326876515
48.61 5.3770605326876515
48.707 6.1510987522281635
51.512 6.1510987522281635
51.606 3.1902608015640275
56.721 3.1902608015640275
56.812 1.5613120516499281
67.964 1.5613120516499281
68.203 3.1929658641753504
73.769 3.1929658641753504
73.815 5.211153601019758
76.953 5.211153601019758
77.006 5.215957066189624
80.36 5.215957066189624
80.412 3.991905190803508
84.631 3.991905190803508
84.705 3.8976416514134633
89.622 3.8976416514134633
89.717 4.684199524940618
93.085 4.684199524940618
93.207 4.3585788667687595
97.125 4.3585788667687595
97.215 4.154816414686825
101.382 4.154816414686825
101.404 6.201593543653705
104.13 6.201593543653705
104.399 6.23922149600581
107.153 6.23922149600581
107.205 5.878132796780684
110.187 5.878132796780684
110.307 5.8653696697659505
113.426 5.8653696697659505
113.506 6.269030899830221
116.451 6.269030899830221
116.505 6.045676418752203
119.342 6.045676418752203
119.405 5.74569696969697
122.078 5.74569696969697
122.105 5.782475934028946
125.076 5.782475934028946
125.106 5.830245901639344
128.034 5.830245901639344
128.109 4.773133166527662
131.706 4.773133166527662
132.002 4.277942683236115
135.945 4.277942683236115
136.007 5.904245945945946
138.967 5.904245945945946
139.007 5.748535049102608
141.96 5.748535049102608
142.007 5.294606620936475
145.36 5.294606620936475
145.409 6.213304093567252
148.145 6.213304093567252
148.206 6.391197724039829
151.018 6.391197724039829
151.107 5.37482699554642
154.026 5.37482699554642
154.106 4.787585670647042
157.707 4.787585670647042
157.812 4.26525251022685
160.501 4.26525251022685
