0.011 3.9629645776566758
0.378 3.9629645776566758
0.414 3.900880195599022
1.232 3.900880195599022
1.315 3.8968745837957828
3.117 3.8968745837957828
3.21 3.8644968944099376
5.142 3.8644968944099376
5.21 3.8746316812439265
7.268 3.8746316812439265
7.31 4.185802743305029
8.841 4.185802743305029
8.908 4.4063990267639905
10.552 4.4063990267639905
10.607 4.99052705882353
12.307 4.99052705882353
12.41 4.8578292466765145
15.795 4.8578292466765145
15.913 4.558342001576044
19.72 4.558342001576044
19.809 3.3802830482115085
24.953 3.3802830482115085
25.011 3.733544062153163
29.516 3.733544062153163
29.613 4.8747115278543856
33.239 4.8747115278543856
33.307 4.68063975314991
37.196 4.68063975314991
37.311 5.251454009819967
40.366 5.251454009819967
40.408 5.464888606791495
43.559 5.464888606791495
43.8 5.552443770839648
47.099 5.552443770839648
47.208 5.551245283018868
50.176 5.551245283018868
50.205 4.451467802555751
54.196 4.451467802555751
54.31 4.7531217630853995
57.94 4.7531217630853995
58.012 4.799465882352941
61.412 4.799465882352941
61.507 4.987611572615297
64.998 4.987611572615297
65.108 4.855750819672131
68.768 4.855750819672131
68.81 4.756428155904596
72.248 4.756428155904596
72.309 4.9601134108307345
75.836 4.9601134108307345
76.102 4.988699052132701
79.478 4.988699052132701
79.508 5.0579846925310115
83.297 5.0579846925310115
83.412 5.451411195577056
86.306 5.451411195577056
86.409 5.454139891408496
89.54 5.454139891408496
89.607 5.114658788774003
92.992 5.114658788774003
93.107 4.954731535756155
96.519 4.954731535756155
96.608 4.9206231386025205
100.1 4.9206231386025205
100.213 4.389830202854996
104.206 4.389830202854996
104.31 4.347454372623575
108.518 4.347454372623575
108.801 4.885497750727706
112.58 4.885497750727706
112.608 5.444947301587302
115.758 5.444947301587302
115.812 5.388858947368422
118.662 5.388858947368422
118.708 5.253741896024465
121.978 5.253741896024465
122.01 5.254219759926131
125.259 5.254219759926131
125.308 5.002610722610722
128.74 5.002610722610722
128.81 4.969925751325869
132.204 4.969925751325869
132.307 4.850560088814876
135.91 4.850560088814876
136.012 4.830797951052931
139.526 4.830797951052931
139.802 4.842557555919258
143.468 4.842557555919258
143.513 4.882136703044227
146.995 4.882136703044227
147.111 4.885036151128024
150.79 4.885036151128024
150.909 5.137236411263916
153.963 5.137236411263916
154.012 5.230611650485437
157.308 5.230611650485437
157.412 5.237106849315069
159.602 5.237106849315069
