0.039 1.092718256949662
1.37 1.092718256949662
1.446 1.1093048128342244
2.568 1.1093048128342244
2.645 1.462556862745098
3.41 1.462556862745098
3.52 2.041799671592775
4.129 2.041799671592775
4.218 2.8424695652173915
4.678 2.8424695652173915
4.72 2.8222724252491695
5.623 2.8222724252491695
5.721 1.4186641414141414
8.889 1.4186641414141414
9.045 1.3815170167725126
15.186 1.3815170167725126
15.323 1.8271730048205677
19.057 1.8271730048205677
19.116 2.0286082130965593
22.72 2.0286082130965593
22.825 1.7694874088020711
27.074 1.7694874088020711
27.147 1.0603039583935279
34.069 1.0603039583935279
34.151 1.4406253328261696
39.409 1.4406253328261696
39.525 1.8328099027409372
44.049 1.8328099027409372
44.129 1.44557906311854
48.676 1.44557906311854
48.919 1.166907884341918
55.248 1.166907884341918
55.337 2.5847566844919787
58.329 2.5847566844919787
58.413 2.959779448621554
60.807 2.959779448621554
60.918 2.265385321100917
64.406 2.265385321100917
64.523 1.7520246562351827
68.741 1.7520246562351827
68.819 1.8247203888462522
72.728 1.8247203888462522
72.863 1.4905106299980495
77.99 1.4905106299980495
78.123 1.5146113827498535
83.236 1.5146113827498535
83.345 0.7947948630526196
92.144 0.7947948630526196
92.274 0.7356090225563909
93.87 0.7356090225563909
93.969 0.7365454545454545
95.641 0.7365454545454545
95.773 0.7338416540595059
97.756 0.7338416540595059
97.872 0.741651376146789
99.071 0.741651376146789
99.178 0.781260487804878
103.278 0.781260487804878
103.363 0.8335234131113424
107.207 0.8335234131113424
107.351 0.8660453309156846
110.66 0.8660453309156846
110.743 1.0276541598694944
111.969 1.0276541598694944
112.22 1.028639857015192
113.339 1.028639857015192
113.446 1.0255309803921568
114.721 1.0255309803921568
114.85 1.4752782171099927
120.414 1.4752782171099927
120.524 2.433624234611666
123.627 2.433624234611666
123.721 1.7714750911300121
127.013 1.7714750911300121
127.121 2.416702928870293
130.228 2.416702928870293
130.32 2.422299233588804
133.321 2.422299233588804
133.419 2.4186536712150746
136.497 2.4186536712150746
136.617 2.3319524617996605
139.562 2.3319524617996605
139.619 2.2355616139585606
143.287 2.2355616139585606
143.606 2.153064075311266
146.899 2.153064075311266
147.025 1.8640612440191386
151.205 1.8640612440191386
151.325 1.8648400583373845
155.439 1.8648400583373845
155.521 0.911639823624971
164.139 0.911639823624971
164.251 0.9839857862007699
171.005 0.9839857862007699
171.122 2.4461560693641617
173.89 2.4461560693641617
174.019 3.26793997271487
175.485 3.26793997271487
