0.034 1.403868725868726
1.07 1.403868725868726
1.13 1.4143636363636363
2.01 1.4143636363636363
2.131 1.409138539042821
2.925 1.409138539042821
3.028 1.4130181818181817
3.908 1.4130181818181817
4.029 1.4044425349087002
4.96 1.4044425349087002
5.038 1.3949162561576354
6.865 1.3949162561576354
6.943 1.5127324133288456
9.914 1.5127324133288456
10.026 1.683646755308593
15.065 1.683646755308593
15.129 1.8494616427216046
18.818 1.8494616427216046
18.934 1.65409592760181
23.354 1.65409592760181
23.416 1.5294043938161108
28.332 1.5294043938161108
28.417 1.976683005655804
32.13 1.976683005655804
32.226 2.4892566546171544
35.269 2.4892566546171544
35.314 1.705044622660909
40.177 1.705044622660909
40.219 1.8422219730941705
43.787 1.8422219730941705
44.107 1.7659875657580106
48.289 1.7659875657580106
48.43 1.933881470367592
52.429 1.933881470367592
52.526 1.839489096573209
56.378 1.839489096573209
56.422 2.102624800425758
60.18 2.102624800425758
60.221 2.4519044459190447
63.235 2.4519044459190447
63.316 1.7096912751677853
67.488 1.7096912751677853
67.633 1.6061050861706598
72.391 1.6061050861706598
72.516 1.7031466901253574
77.063 1.7031466901253574
77.131 1.8423076923076924
80.927 1.8423076923076924
81.214 1.6780677411819667
85.495 1.6780677411819667
85.62 1.8849102730819245
89.465 1.8849102730819245
89.528 1.9433194945848375
93.96 1.9433194945848375
94.027 1.8225889423076924
97.355 1.8225889423076924
97.423 1.7014394403148227
101.997 1.7014394403148227
102.116 1.906346275946276
106.211 1.906346275946276
106.332 2.0365584377732437
109.763 2.0365584377732437
109.83 1.811965828191742
114.044 1.811965828191742
114.119 1.5993892026202845
118.546 1.5993892026202845
118.805 1.6618443017656501
123.789 1.6618443017656501
123.938 1.9474372479240805
128.153 1.9474372479240805
128.231 1.9573706583722135
132.089 1.9573706583722135
132.215 1.6666750500142897
135.714 1.6666750500142897
135.83 2.2169164452317687
139.217 2.2169164452317687
139.325 1.813250187079072
143.334 1.813250187079072
143.421 1.4150572134575174
148.682 1.4150572134575174
148.737 2.062961850405527
152.066 2.062961850405527
152.127 1.692125464300454
156.973 1.692125464300454
157.208 1.8952258754343758
160.949 1.8952258754343758
161.033 2.428100966033032
164.242 2.428100966033032
164.316 1.7887507577523898
168.605 1.7887507577523898
168.722 1.9804668515250818
172.689 1.9804668515250818
172.827 2.1273495518565944
175.951 2.1273495518565944
176.018 1.6362880618656357
180.156 1.6362880618656357
180.23 2.473309241094476
182.167 2.473309241094476
