0.019 1.9136947368421051
0.779 1.9136947368421051
0.823 1.9296744186046513
1.468 1.9296744186046513
1.525 1.9323937823834196
2.104 1.9323937823834196
2.224 1.6003294723294723
3.001 1.6003294723294723
3.127 1.4512053274139844
4.028 1.4512053274139844
4.136 1.3491503157894738
8.886 1.3491503157894738
9.031 1.0366514024041213
16.019 1.0366514024041213
16.173 0.668655107187894
28.861 0.668655107187894
28.952 1.0217627118644068
30.132 1.0217627118644068
30.251 1.0266051660516604
31.335 1.0266051660516604
31.443 1.3589461077844311
32.278 1.3589461077844311
32.511 1.3712228320526894
33.422 1.3712228320526894
33.538 1.5018503401360546
35.596 1.5018503401360546
35.729 1.480098807495741
38.077 1.480098807495741
38.142 1.066220640569395
40.671 1.066220640569395
40.738 1.1089129129129127
47.398 1.1089129129129127
47.541 1.2583130491376506
53.687 1.2583130491376506
53.831 1.0884350230414745
60.341 1.0884350230414745
60.44 1.0966917418459403
67.645 1.0966917418459403
67.736 0.9596208284638359
75.437 0.9596208284638359
75.723 0.9816093385214008
77.008 0.9816093385214008
77.144 0.9832523364485981
78.428 0.9832523364485981
78.552 0.9830704647676162
79.886 0.9830704647676162
79.948 1.03788679245283
82.598 1.03788679245283
82.746 1.136685353335965
85.279 1.136685353335965
85.341 0.9649301143583228
88.489 0.9649301143583228
88.656 0.8005283196239719
92.911 0.8005283196239719
93.038 1.1385915492957748
93.819 1.1385915492957748
93.944 1.1420446096654275
95.02 1.1420446096654275
95.136 1.1308833840359265
102.039 1.1308833840359265
102.131 1.2288835736897643
107.817 1.2288835736897643
107.933 0.9098693994280267
116.325 0.9098693994280267
116.461 1.250308317146389
122.124 1.250308317146389
122.239 1.1891790380473797
129.204 1.1891790380473797
129.35 0.9914471319972357
130.797 0.9914471319972357
130.944 0.9955735408560312
132.229 0.9955735408560312
132.351 0.9124376554174067
135.166 0.9124376554174067
135.257 0.9075996234703483
138.444 0.9075996234703483
138.552 0.9437530402245089
141.759 0.9437530402245089
141.847 0.9561179282868526
143.102 0.9561179282868526
143.255 0.9917933261571583
146.042 0.9917933261571583
146.146 1.0964086107768418
153.625 1.0964086107768418
153.735 1.201090970692868
159.638 1.201090970692868
159.728 1.0440541337263836
167.191 1.0440541337263836
167.354 1.0493710846669404
174.665 1.0493710846669404
174.737 1.3039837067209776
175.719 1.3039837067209776
175.832 1.3080332936979786
176.673 1.3080332936979786
176.739 1.1380688405797101
178.947 1.1380688405797101
179.05 1.0593026383859285
180.983 1.0593026383859285
