0.014 3.0683713080168777
0.488 3.0683713080168777
0.617 3.088436724565757
1.02 3.088436724565757
1.116 3.0907624309392263
1.478 3.0907624309392263
1.513 3.077861386138614
1.917 3.077861386138614
2.021 2.9842784431137725
4.693 2.9842784431137725
4.817 2.9410114731528223
6.996 2.9410114731528223
7.115 1.7729123837493883
11.201 1.7729123837493883
11.321 2.33266318394281
14.958 2.33266318394281
15.016 2.8216145574855256
17.434 2.8216145574855256
17.517 2.867099607843137
20.067 2.867099607843137
20.115 2.891750769230769
22.715 2.891750769230769
22.814 2.826116288024644
25.411 2.826116288024644
25.702 2.8065238977399036
28.401 2.8065238977399036
28.514 2.83087470126323
31.443 2.83087470126323
31.516 2.8753490813648295
33.802 2.8753490813648295
33.917 2.87703934553954
36.484 2.87703934553954
36.621 2.878754046833255
42.984 2.878754046833255
43.116 2.8966413502109702
48.804 2.8966413502109702
48.914 2.892041022301807
55.057 2.892041022301807
55.117 2.8905732953593564
61.086 2.8905732953593564
61.218 2.880526743159753
66.883 2.880526743159753
67.018 2.8261243304658334
73.179 2.8261243304658334
73.32 2.560076058772688
80.262 2.560076058772688
80.316 2.8661475409836066
82.756 2.8661475409836066
82.814 2.8654998005584362
85.321 2.8654998005584362
85.416 2.8288368462138958
87.978 2.8288368462138958
88.018 2.8275745239658567
91.064 2.8275745239658567
91.116 2.83041343910406
93.259 2.83041343910406
93.316 2.8044627027027027
96.091 2.8044627027027027
96.217 2.8151777857915614
98.99 2.8151777857915614
99.115 2.9223889585947305
101.506 2.9223889585947305
101.805 2.9515361422497097
104.392 2.9515361422497097
104.515 2.9563657620041752
106.91 2.9563657620041752
107.018 2.9570267761513747
109.819 2.9570267761513747
109.914 2.8694895865713397
116.348 2.8694895865713397
116.42 2.7517381678164607
122.653 2.7517381678164607
122.719 2.791901108889293
128.22 2.791901108889293
128.316 2.881055844373637
134.279 2.881055844373637
134.419 2.8630641985033476
136.958 2.8630641985033476
137.018 2.6446238010657193
139.833 2.6446238010657193
140.106 2.6454545454545455
142.702 2.6454545454545455
142.818 2.6468818592640413
145.916 2.6468818592640413
146.018 2.63472315124489
148.709 2.63472315124489
148.821 2.6208462832156068
151.794 2.6208462832156068
151.92 2.6228895726495725
154.845 2.6228895726495725
154.92 2.639956989247312
157.896 2.639956989247312
158.018 2.8970531822144725
160.312 2.8970531822144725
160.418 2.8849424797613974
162.765 2.8849424797613974
162.818 2.8853494339622645
166.793 2.8853494339622645
