0.024 2.0571541725601135
0.731 2.0571541725601135
0.818 2.0778631051752923
1.417 2.0778631051752923
1.517 2.0719555555555558
2.057 2.0719555555555558
2.133 2.027064280980782
3.642 2.027064280980782
3.717 2.0336553428042
5.336 2.0336553428042
5.418 2.0290700636942676
6.674 2.0290700636942676
6.72 1.6852664277180407
8.394 1.6852664277180407
8.539 0.9521768799102132
17.449 0.9521768799102132
17.542 1.3881310274669378
22.457 1.3881310274669378
22.516 3.349108566193312
24.699 3.349108566193312
24.811 2.4522348336594915
27.877 2.4522348336594915
27.913 3.3869053991693585
30.08 3.3869053991693585
30.112 2.295396363636364
33.412 2.295396363636364
33.52 1.6603187825390469
38.514 1.6603187825390469
38.628 1.7598522088353414
42.363 1.7598522088353414
42.605 1.5444081974069428
47.387 1.5444081974069428
47.54 0.5746037595660896
60.999 0.5746037595660896
61.214 0.47049121436938696
63.775 0.47049121436938696
63.903 0.46456179775280904
66.751 0.46456179775280904
66.906 0.46323386765310315
69.339 0.46323386765310315
69.548 0.45275233309404167
72.334 0.45275233309404167
72.523 0.452994617868676
75.31 0.452994617868676
75.525 0.3830070093457944
78.949 0.3830070093457944
79.194 0.29618934911242606
82.912 0.29618934911242606
83.156 0.29328803397451914
87.159 0.29328803397451914
87.485 0.491030303030303
89.993 0.491030303030303
90.132 1.307464510332435
91.245 1.307464510332435
91.339 1.319347181008902
92.013 1.319347181008902
92.134 1.5771383554899063
94.165 1.5771383554899063
94.237 2.215706390328152
96.553 2.215706390328152
96.618 2.8802275350370983
99.044 2.8802275350370983
99.116 3.164369664318276
101.529 3.164369664318276
101.626 1.3027591536338545
107.061 1.3027591536338545
107.108 0.6291880887268307
120.272 0.6291880887268307
120.394 0.6226540241219752
133.577 0.6226540241219752
133.628 1.605159347553325
134.425 1.605159347553325
134.531 2.2691379310344826
134.995 2.2691379310344826
135.123 2.247490287490287
136.41 2.247490287490287
136.516 2.2620448430493276
137.854 2.2620448430493276
137.916 2.2747016011644834
139.29 2.2747016011644834
139.418 2.1868101265822784
140.682 2.1868101265822784
140.726 1.9303295668549907
144.974 1.9303295668549907
145.025 2.4456847188685753
147.924 2.4456847188685753
148.013 3.77508527131783
150.077 3.77508527131783
150.117 3.2792438271604936
155.301 3.2792438271604936
155.415 4.105081772498858
159.793 4.105081772498858
159.907 1.3569555440235255
171.469 1.3569555440235255
171.639 0.44292274481585664
186.926 0.44292274481585664
187.029 1.957583173996176
188.075 1.957583173996176
