0.05 0.9199291587602783
1.631 0.9199291587602783
1.749 0.9185535055350553
3.104 0.9185535055350553
3.249 0.9239108175061932
4.46 0.9239108175061932
4.552 0.9251904761904761
5.896 0.9251904761904761
6.054 0.9188587491215742
7.477 0.9188587491215742
7.555 0.9243476669716377
8.648 0.9243476669716377
8.753 0.9220751879699248
10.083 0.9220751879699248
10.149 0.9143931623931624
11.67 0.9143931623931624
11.763 0.9031855970346836
19.317 0.9031855970346836
19.447 0.8463885158601527
28.085 0.8463885158601527
28.254 0.7125238817285823
38.806 0.7125238817285823
39.139 0.6982582448295137
40.928 0.6982582448295137
41.07 0.5818859728506788
43.28 0.5818859728506788
43.404 0.48710057568574333
46.357 0.48710057568574333
46.505 0.49313732394366194
48.777 0.49313732394366194
48.9 0.4889544851966416
51.163 0.4889544851966416
51.312 0.4948586206896552
53.632 0.4948586206896552
53.829 0.5288380007089685
59.471 0.5288380007089685
59.548 1.0907436108821105
60.761 1.0907436108821105
60.839 1.0910435624394965
61.872 1.0910435624394965
61.94 1.0780251046025104
64.808 1.0780251046025104
64.941 0.6463543939778398
76.764 0.6463543939778398
76.889 0.7741885434369689
86.892 0.7741885434369689
87.043 1.033050656660413
88.109 1.033050656660413
88.251 1.0271496062992125
89.394 1.0271496062992125
89.548 1.0812151009657593
90.687 1.0812151009657593
90.742 1.1133955623565417
92.049 1.1133955623565417
92.141 1.1042385685884692
94.153 1.1042385685884692
94.241 1.0928584100989425
97.172 1.0928584100989425
97.262 0.9178279377571097
102.853 0.9178279377571097
102.956 1.0877073474470735
109.38 1.0877073474470735
109.434 1.023679313580909
116.893 1.023679313580909
117.053 0.9175192432292342
124.77 0.9175192432292342
124.841 1.3315193482688392
125.823 1.3315193482688392
125.932 1.3470647887323943
126.997 1.3470647887323943
127.133 1.3409979035639412
128.087 1.3409979035639412
128.134 1.1991185807656395
130.276 1.1991185807656395
130.354 0.9188437102922491
133.502 0.9188437102922491
133.658 0.9160975240975241
138.949 0.9160975240975241
139.052 0.9982054170018773
146.51 0.9982054170018773
146.651 1.1110823491344441
152.832 1.1110823491344441
152.947 0.8979456855015331
162.079 0.8979456855015331
162.162 0.888814078041316
163.469 0.888814078041316
163.551 1.014345842531273
164.91 1.014345842531273
165.227 1.0875284497444633
168.162 1.0875284497444633
168.249 1.0897378069872015
171.14 1.0897378069872015
171.247 1.1308385994876173
173.589 1.1308385994876173
173.737 1.1283592276605299
175.964 1.1283592276605299
176.037 1.1312883977900554
177.847 1.1312883977900554
