0.053 0.731961751383996
2.04 0.731961751383996
2.171 0.7373459715639811
3.859 0.7373459715639811
3.974 0.7394950429610047
5.487 0.7394950429610047
5.57 0.7370812092471843
7.257 0.7370812092471843
7.373 0.7312841163310962
9.161 0.7312841163310962
9.259 0.7406979472140763
10.623 0.7406979472140763
10.772 0.7339078396169958
12.443 0.7339078396169958
12.574 0.7312260778128287
14.476 0.7312260778128287
14.59 0.7250457073760581
18.725 0.7250457073760581
18.883 0.6887521431935939
29.498 0.6887521431935939
29.635 1.402620519159456
30.444 1.402620519159456
30.531 1.3827098976109213
32.875 1.3827098976109213
32.929 1.068228458609505
40.02 1.068228458609505
40.133 1.4751168831168833
45.754 1.4751168831168833
45.83 1.6122266372332597
49.907 1.6122266372332597
50.027 1.6562816775061675
54.486 1.6562816775061675
54.527 1.1778239415169052
61.093 1.1778239415169052
61.435 0.7766014905743095
70.559 0.7766014905743095
70.644 0.9643381924198251
72.016 0.9643381924198251
72.154 0.9665934819897084
73.32 0.9665934819897084
73.446 0.9680491174213354
74.749 0.9680491174213354
74.828 1.8084522328999435
76.597 1.8084522328999435
76.723 1.8040538720538721
78.505 1.8040538720538721
78.624 1.266461427019196
84.146 1.266461427019196
84.262 0.7579455581346275
93.74 0.7579455581346275
93.854 1.0102575881870386
95.073 1.0102575881870386
95.326 1.0042843340234644
96.775 1.0042843340234644
96.903 0.4985924596050269
101.359 0.4985924596050269
101.502 0.50115823817292
103.954 0.50115823817292
104.097 0.5049690808979246
106.458 0.5049690808979246
106.6 0.6457287066246057
111.038 0.6457287066246057
111.173 0.7074138124649073
112.954 0.7074138124649073
113.072 0.9070116492949111
116.334 0.9070116492949111
116.424 1.7331307804980123
121.203 1.7331307804980123
121.33 1.1494815852121552
128.471 1.1494815852121552
128.555 0.763166851945427
138.45 0.763166851945427
138.521 2.028670520231214
139.04 2.028670520231214
139.125 1.9838957475994514
140.583 1.9838957475994514
140.808 2.103277275886032
142.247 2.103277275886032
142.321 2.284904229460379
144.378 2.284904229460379
144.42 1.2642857142857142
149.852 1.2642857142857142
150.145 1.0345748170577844
158.071 1.0345748170577844
158.13 0.7205325203252032
167.97 0.7205325203252032
168.098 0.549913425345044
174.474 0.549913425345044
174.755 0.5485221674876848
177.191 0.5485221674876848
177.387 0.8342097719869708
178.922 0.8342097719869708
179.051 0.9524294372294372
180.206 0.9524294372294372
180.348 0.9473680000000001
181.348 0.9473680000000001
181.451 0.9384197983501376
183.633 0.9384197983501376
