0.017 2.565093474426808
0.584 2.565093474426808
0.616 2.6038493723849374
1.094 2.6038493723849374
1.221 2.549042688465032
2.322 2.549042688465032
2.416 2.5469109075770193
3.617 2.5469109075770193
3.72 2.5416019464720194
5.775 2.5416019464720194
5.82 2.5410245836637593
8.342 2.5410245836637593
8.416 2.5400140252454415
11.268 2.5400140252454415
11.313 2.6176784942918854
14.554 2.6176784942918854
14.613 2.7961737704918033
17.053 2.7961737704918033
17.116 3.4715593542260206
19.222 3.4715593542260206
19.313 3.759276
21.313 3.759276
21.414 4.108357596482658
25.508 4.108357596482658
25.611 3.8500771073840125
30.202 3.8500771073840125
30.311 3.7539715405238194
35.16 3.7539715405238194
35.212 3.916794921875
39.308 3.916794921875
39.409 3.99532807424594
43.719 3.99532807424594
43.813 4.160234385646151
48.216 4.160234385646151
48.308 3.591128160418483
52.896 3.591128160418483
53.012 3.6721389003720546
57.85 3.6721389003720546
58.101 3.9673101862497124
62.45 3.9673101862497124
62.51 3.883432651118515
66.712 3.883432651118515
66.811 3.916273504273504
71.257 3.916273504273504
71.31 3.882903211710728
75.887 3.882903211710728
76.01 3.846765466948953
80.261 3.846765466948953
80.311 4.009699747879899
84.674 4.009699747879899
84.71 4.098770503772207
88.819 4.098770503772207
88.91 4.040629137676576
93.653 4.040629137676576
93.709 4.042117345631565
97.612 4.042117345631565
97.902 4.030425300920463
102.139 4.030425300920463
102.212 4.003033526011561
106.537 4.003033526011561
106.61 3.8230538218000905
111.032 3.8230538218000905
111.112 4.09309575988566
115.31 4.09309575988566
115.412 4.21664469569401
119.569 4.21664469569401
119.609 3.984771945109998
124.2 3.984771945109998
124.312 4.0266730643402395
128.897 4.0266730643402395
129.012 4.004572495914079
133.295 4.004572495914079
133.411 4.034212765957447
137.218 4.034212765957447
137.503 4.10801912960306
141.685 4.10801912960306
141.812 4.135406976744186
145.94 4.135406976744186
146.01 4.0208337236533955
150.28 4.0208337236533955
150.311 3.9100435790449697
154.625 3.9100435790449697
154.713 3.846075704225352
159.257 3.846075704225352
159.31 3.997980216674517
163.556 3.997980216674517
163.611 3.967996423781851
168.085 3.967996423781851
168.21 3.9469700487578363
172.517 3.9469700487578363
172.611 3.9395107409031125
177.173 3.9395107409031125
177.402 3.9850444500889
181.339 3.9850444500889
181.412 3.922920046349942
183.138 3.922920046349942
183.213 3.944080604534005
184.007 3.944080604534005
