0.024 1.6698140068886338
0.895 1.6698140068886338
1.026 1.6842219215155614
1.765 1.6842219215155614
1.829 1.679963963963964
2.495 1.679963963963964
2.633 1.6894782608695653
3.369 1.6894782608695653
3.43 1.6763282051282051
4.21 1.6763282051282051
4.332 1.663519582245431
5.864 1.663519582245431
5.935 1.7755196078431372
10.015 1.7755196078431372
10.116 1.615057300590139
15.369 1.615057300590139
15.436 1.8414747638326585
19.141 1.8414747638326585
19.221 2.1573042195337857
22.61 2.1573042195337857
22.725 1.967177394034537
26.547 1.967177394034537
26.617 2.2871374259894046
29.826 2.2871374259894046
29.92 2.1760436656133297
33.401 2.1760436656133297
33.523 2.1007428426653156
37.47 2.1007428426653156
37.707 2.4103586358635862
40.434 2.4103586358635862
40.514 2.207220561864913
43.86 2.207220561864913
43.919 2.1199539473684212
47.567 2.1199539473684212
47.623 1.8476432855280314
51.458 1.8476432855280314
51.521 2.0224376759662146
55.428 2.0224376759662146
55.521 2.969079951787867
58.01 2.969079951787867
58.112 2.4792603406326035
60.989 2.4792603406326035
61.124 2.232500146070698
64.547 2.232500146070698
64.614 3.2675983122362866
66.984 3.2675983122362866
67.307 2.3610398379473327
70.269 2.3610398379473327
70.324 2.2491571696931745
73.518 2.2491571696931745
73.616 2.274075933479762
76.803 2.274075933479762
76.921 2.285772823779193
80.689 2.285772823779193
80.822 1.9751142950179095
83.893 1.9751142950179095
84.026 1.7923500690925842
88.368 1.7923500690925842
88.427 1.8146183170618317
92.729 1.8146183170618317
92.826 1.7385996516546405
96.845 1.7385996516546405
96.928 1.7508883283650538
101.289 1.7508883283650538
101.615 2.1410631992742664
104.922 2.1410631992742664
105.02 2.9123178621659638
107.864 2.9123178621659638
107.921 2.1609439015562795
113.447 2.1609439015562795
113.527 2.983922059846903
119.275 2.983922059846903
119.312 2.5816520423600604
125.261 2.5816520423600604
125.318 3.1968247115742465
130.692 3.1968247115742465
130.811 2.8671414175344307
136.765 2.8671414175344307
136.822 2.2233825433825434
144.544 2.2233825433825434
144.621 2.199039385206532
147.744 2.199039385206532
148.01 2.171045803547789
151.787 2.171045803547789
151.924 1.8045405955713922
155.853 1.8045405955713922
155.924 1.6068830686739535
160.773 1.6068830686739535
160.831 1.5179960427384251
165.885 1.5179960427384251
165.932 1.970038114343029
169.92 1.970038114343029
170.013 2.494684684684685
172.677 2.494684684684685
172.728 2.1536132315521628
175.872 2.1536132315521628
175.925 2.053493356193742
178.258 2.053493356193742
