0.006 8.922748466257667
0.169 8.922748466257667
0.204 8.790413223140497
0.567 8.790413223140497
0.605 8.825459119496855
0.923 8.825459119496855
1.007 8.824014285714286
1.567 8.824014285714286
1.607 8.7699793814433
3.644 8.7699793814433
3.705 3.0167022722858805
8.854 3.0167022722858805
8.909 4.171164813919768
13.047 4.171164813919768
13.107 4.573483774338492
17.113 4.573483774338492
17.214 2.782831612794043
23.123 2.782831612794043
23.211 5.040257914609352
26.654 5.040257914609352
26.706 5.914345578231292
29.646 5.914345578231292
29.705 5.914070323488045
32.549 5.914070323488045
32.8 5.36277427184466
36.096 5.36277427184466
36.207 5.363290512669416
39.601 5.363290512669416
39.706 5.752309788454643
42.495 5.752309788454643
42.607 5.859089486219803
45.546 5.859089486219803
45.608 5.77475157629256
48.78 5.77475157629256
48.809 5.726832116788321
51.686 5.726832116788321
51.812 5.602588457899716
54.983 5.602588457899716
55.107 5.537173299101412
58.223 5.537173299101412
58.306 5.155824328593997
61.471 5.155824328593997
61.701 4.855480200780814
65.287 4.855480200780814
65.41 4.726608510638298
69.17 4.726608510638298
69.21 4.132575183219611
73.167 4.132575183219611
73.214 3.4566923532898635
78.275 3.4566923532898635
78.316 3.578042914807733
83.023 3.578042914807733
83.104 6.320812664907652
86.136 6.320812664907652
86.206 6.325735364875702
88.7 6.325735364875702
88.807 5.301742316050916
92.028 5.301742316050916
92.11 5.116170212765957
95.494 5.116170212765957
95.802 5.023935809806835
99.167 5.023935809806835
99.21 4.953247621793024
102.679 4.953247621793024
102.708 4.8596041031327974
106.315 4.8596041031327974
106.409 5.156169109357385
109.957 5.156169109357385
110.008 6.52147509713882
112.839 6.52147509713882
112.907 6.519036107943748
115.538 6.519036107943748
115.608 7.041837689133424
117.789 7.041837689133424
117.905 7.099064462809917
120.325 7.099064462809917
120.407 7.566914893617021
122.663 7.566914893617021
122.9 7.67499329459097
125.137 7.67499329459097
125.206 6.428326219512195
127.83 6.428326219512195
127.905 6.0430733056708155
130.797 6.0430733056708155
130.907 4.836303133903134
134.417 4.836303133903134
134.51 4.405165260545906
138.54 4.405165260545906
138.611 3.734534270650264
143.163 3.734534270650264
143.217 3.327540825773005
148.618 3.327540825773005
148.713 3.7923906212231087
152.85 3.7923906212231087
152.909 5.2417439951353
156.198 5.2417439951353
156.5 5.251494505494506
158.684 5.251494505494506
