0.012 3.5734840294840295
0.419 3.5734840294840295
0.514 3.6076521739130434
0.859 3.6076521739130434
0.918 3.543555555555556
1.71 3.543555555555556
1.812 3.5362312138728327
2.677 3.5362312138728327
2.718 3.5267545333923045
4.979 3.5267545333923045
5.012 3.6787967853042476
6.754 3.6787967853042476
6.809 3.7808559498956162
8.725 3.7808559498956162
8.811 3.825020739404869
11.029 3.825020739404869
11.113 3.7448763379640173
15.504 3.7448763379640173
15.611 3.8926890982503366
20.069 3.8926890982503366
20.112 4.036252553389043
24.42 4.036252553389043
24.514 4.055851458885941
28.661 4.055851458885941
28.71 4.0568519623594215
33.067 4.0568519623594215
33.11 4.0505135736537605
37.604 4.0505135736537605
37.714 4.014812812812813
41.71 4.014812812812813
41.812 3.99625527964725
46.121 3.99625527964725
46.401 3.823317052807347
51.192 3.823317052807347
51.31 3.7573765108323833
55.695 3.7573765108323833
55.812 4.008530685920578
60.244 4.008530685920578
60.311 3.9994974501622624
64.625 3.9994974501622624
64.714 3.9810158575262258
68.813 3.9810158575262258
68.912 3.9500344827586207
73.32 3.9500344827586207
73.41 3.9223235488854558
77.941 3.9223235488854558
78.011 3.982610813443741
82.117 3.982610813443741
82.212 3.9814110150204822
86.606 3.9814110150204822
86.903 3.614130472103004
91.563 3.614130472103004
91.612 3.5582443371704415
96.998 3.5582443371704415
97.114 3.9599357429718873
101.098 3.9599357429718873
101.211 4.002088586829154
105.478 4.002088586829154
105.609 4.054594847775176
109.879 4.054594847775176
109.912 4.0570059995200385
114.079 4.0570059995200385
114.114 4.057335537190083
118.349 4.057335537190083
118.413 4.058483908312109
122.732 4.058483908312109
122.813 4.056338802660754
127.323 4.056338802660754
127.604 4.054973863386778
132.157 4.054973863386778
132.213 3.582202172096909
137.001 3.582202172096909
137.116 3.535425911559348
139.694 3.535425911559348
139.814 3.540167845355964
141.935 3.540167845355964
142.011 3.4419128787878788
144.123 3.4419128787878788
144.214 3.794401630988787
146.176 3.794401630988787
146.212 3.790066225165563
148.024 3.790066225165563
148.113 3.7892975970425136
150.277 3.7892975970425136
150.308 3.8283153347732184
152.16 3.8283153347732184
152.403 3.961797812988172
156.884 3.961797812988172
157.013 4.011231713072204
161.251 4.011231713072204
161.312 4.044115211521152
165.756 4.044115211521152
165.81 4.045673027333677
169.688 4.045673027333677
169.813 4.045071797278273
174.075 4.045071797278273
174.114 4.051311903920876
176.945 4.051311903920876
