0.007 6.733370370370371
0.223 6.733370370370371
0.308 6.633929313929314
0.789 6.633929313929314
0.906 6.740096385542168
1.072 6.740096385542168
1.106 6.635227765726682
1.567 6.635227765726682
1.607 7.0001755485893415
4.159 7.0001755485893415
4.202 6.900488671701466
6.453 6.900488671701466
6.505 6.708231636222308
9.078 6.708231636222308
9.104 7.261742370194214
11.627 7.261742370194214
11.705 4.561373647711512
15.31 4.561373647711512
15.41 6.470398210290828
18.092 6.470398210290828
18.203 7.871514712539611
20.412 7.871514712539611
20.504 7.669683538531692
22.697 7.669683538531692
22.998 7.461251160827353
25.367 7.461251160827353
25.406 5.63037673987009
28.639 5.63037673987009
28.709 5.84025919184565
31.456 5.84025919184565
31.506 6.45664191976003
34.173 6.45664191976003
34.205 6.794329376854599
36.901 6.794329376854599
37.006 6.496883280757098
39.542 6.496883280757098
39.61 5.214501907836807
43.017 5.214501907836807
43.108 4.127711004784689
47.288 4.127711004784689
47.414 5.025618724976902
50.661 5.025618724976902
50.898 7.50830185424752
53.217 7.50830185424752
53.305 7.517786802030456
55.669 7.517786802030456
55.706 6.365356169715843
58.275 6.365356169715843
58.305 6.234611546685674
61.111 6.234611546685674
61.206 6.525318868655559
63.787 6.525318868655559
63.906 7.148341663558374
66.587 7.148341663558374
66.705 7.071440609592111
68.936 7.071440609592111
69.008 5.050846495119787
72.389 5.050846495119787
72.509 8.327619047619049
74.588 8.327619047619049
74.902 5.116690072639225
78.206 5.116690072639225
78.308 5.480962041467304
81.443 5.480962041467304
81.506 5.465728718428438
84.713 5.465728718428438
84.808 3.115478201634877
90.68 3.115478201634877
90.716 4.231559935823975
95.079 4.231559935823975
95.106 6.596763076923077
97.706 6.596763076923077
97.806 6.380659742417947
100.213 6.380659742417947
100.307 5.596005211726384
103.377 5.596005211726384
103.408 4.357059724349157
107.326 4.357059724349157
107.602 1.905122059476254
116.614 1.905122059476254
116.726 2.7409697757556057
122.88 2.7409697757556057
122.912 3.729527955612463
127.598 3.729527955612463
127.711 4.197681503461919
131.755 4.197681503461919
131.814 4.525316339536069
135.737 4.525316339536069
135.809 5.8498279421885755
138.715 5.8498279421885755
138.809 5.477612922889363
142.09 5.477612922889363
142.208 2.8386321693504617
147.735 2.8386321693504617
147.82 3.915533954122189
152.223 3.915533954122189
152.5 4.323130041462496
155.153 4.323130041462496
