0.011 4.167358166189112
0.36 4.167358166189112
0.41 4.1488000000000005
0.71 4.1488000000000005
0.812 4.109071742313324
1.495 4.109071742313324
1.611 4.100321715817694
2.357 4.100321715817694
2.415 4.089226666666667
4.365 4.089226666666667
4.41 4.089638800255265
5.977 4.089638800255265
6.01 4.092723163841808
7.78 4.092723163841808
7.81 4.2250478087649395
9.818 4.2250478087649395
9.907 4.982955151515151
13.207 4.982955151515151
13.308 4.5487832241153345
17.123 4.5487832241153345
17.208 3.229601783060921
22.592 3.229601783060921
22.717 2.649592942659105
29.065 2.649592942659105
29.115 2.687911192214112
35.691 2.687911192214112
35.819 2.776965369946606
42.374 2.776965369946606
42.412 2.753723309303124
48.238 2.753723309303124
48.313 2.767576984892318
54.535 2.767576984892318
54.611 2.804058013052937
57.369 2.804058013052937
57.414 2.8040015829046303
59.941 2.8040015829046303
60.012 2.803002483150053
62.831 2.803002483150053
62.915 2.8543993820007727
65.504 2.8543993820007727
65.611 2.87498266827892
68.092 2.87498266827892
68.211 2.9067508558387223
70.84 2.9067508558387223
70.916 2.8586961978589884
73.625 2.8586961978589884
73.715 2.7587376725838264
76.25 2.7587376725838264
76.506 2.7482050497322112
79.12 2.7482050497322112
79.214 2.7431794095382287
81.856 2.7431794095382287
81.911 2.7783200000000003
85.011 2.7783200000000003
85.112 2.793908797789037
87.283 2.793908797789037
87.315 2.792387513455328
90.102 2.792387513455328
90.212 2.8325428156748913
92.968 2.8325428156748913
93.017 2.834123051131601
98.982 2.834123051131601
99.014 2.916295994568907
104.906 2.916295994568907
105.012 2.736704449648712
111.417 2.736704449648712
111.514 2.7361782829793597
118.2 2.7361782829793597
118.317 2.861083304287208
121.186 2.861083304287208
121.314 2.749012013105206
124.061 2.749012013105206
124.12 1.9252875536480687
127.149 1.9252875536480687
127.222 1.9253066666666667
131.122 1.9253066666666667
131.225 1.9256476821192052
135.0 1.9256476821192052
135.122 2.6343297947629156
137.948 2.6343297947629156
138.013 2.8331683168316832
140.437 2.8331683168316832
140.515 2.825651274982771
143.417 2.825651274982771
143.706 2.788061344868266
146.249 2.788061344868266
146.312 2.7917506270154067
149.103 2.7917506270154067
149.213 2.801004746257758
151.952 2.801004746257758
152.012 2.9315343283582087
154.692 2.9315343283582087
154.816 2.9102429975885733
160.207 2.9102429975885733
160.319 2.7991712940412405
166.478 2.7991712940412405
166.512 2.875943831494484
170.5 2.875943831494484
