0.01 3.767896373056995
0.396 3.767896373056995
0.512 3.783100303951368
0.841 3.783100303951368
0.912 3.7320425531914894
1.664 3.7320425531914894
1.708 3.7302926829268293
2.528 3.7302926829268293
2.608 3.7329795918367346
3.49 3.7329795918367346
3.611 3.7150515942028988
5.336 3.7150515942028988
5.43 3.70630878247799
10.087 3.70630878247799
10.235 3.706529637871738
15.178 3.706529637871738
15.33 1.3271793381759482
27.72 1.3271793381759482
28.108 0.3908009407740004
46.816 0.3908009407740004
46.914 3.708235294117647
47.22 3.708235294117647
47.501 3.6849085545722713
47.84 3.6849085545722713
47.91 0.8570726408689748
56.748 0.8570726408689748
57.08 0.4042894369474174
65.676 0.4042894369474174
65.714 1.6302732769044739
67.368 1.6302732769044739
67.46 0.3159059736898857
76.734 0.3159059736898857
76.808 7.266278481012659
76.966 7.266278481012659
77.006 6.615751662971175
77.457 6.615751662971175
77.505 6.967957671957672
78.639 6.967957671957672
78.72 2.685421322957198
85.145 2.685421322957198
85.231 1.4562743977133523
90.129 1.4562743977133523
90.226 0.7688749371164101
100.165 0.7688749371164101
100.217 2.9536396396396394
100.661 2.9536396396396394
100.72 2.9763027027027027
101.09 2.9763027027027027
101.218 0.5502303921568628
114.274 0.5502303921568628
114.353 0.9108757396449704
115.705 0.9108757396449704
116.238 0.1114674837227116
129.293 0.1114674837227116
129.816 0.1498550724637681
135.75 0.1498550724637681
135.815 2.8055707762557076
136.253 2.8055707762557076
136.313 2.8052517647058828
136.738 2.8052517647058828
136.82 2.7715125725338488
137.854 2.7715125725338488
137.918 2.7994545454545454
139.062 2.7994545454545454
139.122 1.9072998776009793
141.573 1.9072998776009793
141.995 0.34183714850475033
157.678 0.34183714850475033
157.715 3.3055852534562216
158.149 3.3055852534562216
158.214 3.3489842931937175
158.596 3.3489842931937175
158.717 0.45389912826899126
171.565 0.45389912826899126
171.678 0.9143668202764977
172.763 0.9143668202764977
172.851 0.9344388663967611
174.086 0.9344388663967611
174.255 0.9316211180124223
175.543 0.9316211180124223
175.647 0.23043488417364222
180.784 0.23043488417364222
180.808 5.038350194552529
181.065 5.038350194552529
181.109 4.954605171208945
182.54 4.954605171208945
182.611 0.43210825199645075
200.643 0.43210825199645075
200.725 2.3860714285714284
201.285 2.3860714285714284
201.32 2.3934803738317756
201.855 2.3934803738317756
201.922 2.354587978142076
203.752 2.354587978142076
204.093 0.15967773470419686
210.026 0.15967773470419686
210.393 0.16168496849684968
215.948 0.16168496849684968
