0.01 4.328595238095239
0.346 4.328595238095239
0.41 4.367157894736843
0.695 4.367157894736843
0.811 4.284726717557252
1.466 4.284726717557252
1.509 4.278097902097902
2.224 4.278097902097902
2.313 4.2664483681112895
4.182 4.2664483681112895
4.208 4.0279472030169705
5.799 4.0279472030169705
5.911 3.9136250675310644
7.762 3.9136250675310644
7.813 3.8857637327677628
12.528 3.8857637327677628
12.613 3.966172696575012
16.759 3.966172696575012
16.811 4.017038888888889
21.131 4.017038888888889
21.213 3.878691947356681
25.696 3.878691947356681
25.81 3.9762685579196217
30.04 3.9762685579196217
30.111 3.9640511325409284
34.57 3.9640511325409284
34.611 3.8435405405405403
39.347 3.8435405405405403
39.412 4.010797999999999
43.412 4.010797999999999
43.703 3.852318568232662
48.173 3.852318568232662
48.212 3.861195615514334
52.956 3.861195615514334
53.011 3.9473157642549115
57.185 3.9473157642549115
57.312 3.821425682942568
61.961 3.821425682942568
62.012 3.841868626141171
66.503 3.841868626141171
66.612 3.853172136953955
70.847 3.853172136953955
70.909 3.911874185576275
75.36 3.911874185576275
75.41 3.964320321213473
79.893 3.964320321213473
80.011 3.975832725504498
84.124 3.975832725504498
84.404 3.900628762541806
88.889 3.900628762541806
89.011 3.8958704603284753
93.334 3.8958704603284753
93.413 3.8881525664434977
98.342 3.8881525664434977
98.411 3.8925201085615595
102.464 3.8925201085615595
102.511 3.8873007056681086
106.904 3.8873007056681086
107.016 3.9169533366783744
109.009 3.9169533366783744
109.11 3.92773018549747
110.889 3.92773018549747
111.012 4.033610142630745
112.905 4.033610142630745
113.01 3.9980214568040657
114.781 3.9980214568040657
114.815 3.983949975949976
116.894 3.983949975949976
117.012 3.988555879494655
119.07 3.988555879494655
119.112 3.9828776371308017
121.008 3.9828776371308017
121.11 3.9089457877322475
125.039 3.9089457877322475
125.113 3.8710536277602525
129.551 3.8710536277602525
129.608 3.87360108917631
134.015 3.87360108917631
134.112 3.8435101858070295
138.579 3.8435101858070295
138.612 3.9512597798079176
142.881 3.9512597798079176
142.911 3.952186341022162
147.333 3.952186341022162
147.41 3.9857769429443533
151.669 3.9857769429443533
151.713 3.924141467727675
156.237 3.924141467727675
156.502 3.823571749887539
160.948 3.823571749887539
161.011 3.874121146798879
165.65 3.874121146798879
165.713 3.9400100452034152
169.695 3.9400100452034152
169.809 4.013057728119181
174.105 4.013057728119181
174.213 3.949471074380165
177.117 3.949471074380165
