0.028 1.500937048503612
0.997 1.500937048503612
1.134 1.5123207776427703
1.957 1.5123207776427703
2.03 1.5099271255060729
2.771 1.5099271255060729
2.836 1.5145627283800243
3.657 1.5145627283800243
3.73 1.5029149425287356
4.6 1.5029149425287356
4.738 1.4921030444964871
6.446 1.4921030444964871
6.527 1.4879409282700422
8.423 1.4879409282700422
8.536 1.486056402172009
14.245 1.486056402172009
14.329 1.5239365646638374
18.806 1.5239365646638374
18.929 1.544708218888654
23.662 1.544708218888654
23.73 1.552457567623374
28.573 1.552457567623374
28.634 1.5759982821558944
33.291 1.5759982821558944
33.431 1.5550827345514266
38.302 1.5550827345514266
38.428 1.5547781736358521
43.761 1.5547781736358521
43.828 1.5436937529356505
48.086 1.5436937529356505
48.314 1.5143243797416444
53.191 1.5143243797416444
53.331 1.5277740023706043
58.393 1.5277740023706043
58.531 1.53669746258946
63.142 1.53669746258946
63.225 1.540585689218171
68.354 1.540585689218171
68.425 1.5733532041728764
73.122 1.5733532041728764
73.228 1.5871540041067762
75.176 1.5871540041067762
75.229 1.5751610044313147
77.26 1.5751610044313147
77.328 1.5575697674418605
79.392 1.5575697674418605
79.53 1.5645051194539248
81.288 1.5645051194539248
81.514 1.562716554274527
86.111 1.562716554274527
86.231 1.575196696370354
90.832 1.575196696370354
90.928 1.5634038845525504
96.437 1.5634038845525504
96.528 1.554080450935178
100.431 1.554080450935178
100.531 1.5229714285714286
105.641 1.5229714285714286
105.734 1.5330887666928517
110.826 1.5330887666928517
110.931 1.5520728565082187
115.433 1.5520728565082187
115.532 1.5617966864389445
120.421 1.5617966864389445
120.527 1.55752221733392
125.073 1.55752221733392
125.127 1.5382964705882352
125.977 1.5382964705882352
126.033 1.5442669537136706
126.962 1.5442669537136706
127.033 1.5262737722048065
128.947 1.5262737722048065
129.033 1.519858222569716
132.87 1.519858222569716
132.932 1.552987797311272
137.767 1.552987797311272
137.827 1.5268473009871875
142.588 1.5268473009871875
142.731 1.492505212510024
147.719 1.492505212510024
147.83 1.5668720054757015
152.213 1.5668720054757015
152.325 1.5751133307721858
157.531 1.5751133307721858
157.629 1.541313043478261
162.229 1.541313043478261
162.328 1.5283985876814439
167.426 1.5283985876814439
167.716 1.515896463149575
172.777 1.515896463149575
172.83 1.5172869833912708
178.008 1.5172869833912708
178.132 1.5291131639722864
179.864 1.5291131639722864
179.927 1.5238665858095815
181.576 1.5238665858095815
181.631 1.5022978723404257
182.994 1.5022978723404257
