0.067 0.5600338852522141
2.664 0.5600338852522141
2.792 0.5672926162260711
4.986 0.5672926162260711
5.094 0.565078787878788
7.074 0.565078787878788
7.181 0.5667529626253419
9.375 0.5667529626253419
9.498 0.5631076658053403
11.82 0.5631076658053403
11.991 0.5653676552881925
13.778 0.5653676552881925
13.885 0.564622467771639
16.057 0.564622467771639
16.186 0.5587754118119728
18.675 0.5587754118119728
18.781 0.5657813233223838
20.912 0.5657813233223838
21.083 0.5677755102040817
23.043 0.5677755102040817
23.192 0.8468059701492537
24.532 0.8468059701492537
24.665 1.0414962395345537
31.712 1.0414962395345537
31.871 0.636538487394958
43.771 0.636538487394958
43.906 0.5230574545454546
46.656 0.5230574545454546
46.792 0.5519251231527094
48.822 0.5519251231527094
48.967 0.6613891213389121
50.64 0.6613891213389121
50.767 0.6640092539039907
52.496 0.6640092539039907
52.678 0.6624123144584937
54.497 0.6624123144584937
54.697 0.6453396976929197
59.725 0.6453396976929197
59.873 0.6436577196604726
64.232 0.6436577196604726
64.38 0.6259066339066339
75.776 0.6259066339066339
76.04 0.6363387096774193
78.024 0.6363387096774193
78.175 0.6265723841376015
80.268 0.6265723841376015
80.385 0.6299954233409611
82.133 0.6299954233409611
82.288 0.27328491620111733
86.584 0.27328491620111733
86.816 0.2689460580912863
91.395 0.2689460580912863
91.711 0.281145285935085
96.887 0.281145285935085
97.101 0.663117076808352
98.442 0.663117076808352
98.561 0.8283341091285235
102.428 0.8283341091285235
102.579 0.6529200438116101
104.405 0.6529200438116101
104.599 0.5207870349235334
113.361 0.5207870349235334
113.501 0.506416192283365
119.825 0.506416192283365
119.989 0.514319928507596
122.227 0.514319928507596
122.391 0.5117620352250489
124.946 0.5117620352250489
125.111 0.4387229357798165
128.381 0.4387229357798165
128.555 0.36730175136376686
132.038 0.36730175136376686
132.294 0.2842548596112311
135.998 0.2842548596112311
136.296 0.19001877035050757
141.517 0.19001877035050757
141.91 0.1595068417415342
149.145 0.1595068417415342
149.524 0.1594588704318937
157.049 0.1594588704318937
157.481 0.20833227736712426
163.163 0.20833227736712426
163.342 0.32947989821882956
167.272 0.32947989821882956
167.452 0.24727117922520223
172.15 0.24727117922520223
172.419 0.2187047437728066
178.722 0.2187047437728066
179.046 0.26977589339794067
183.999 0.26977589339794067
184.247 0.3937613776137761
187.499 0.3937613776137761
187.722 0.6957975964579379
189.303 0.6957975964579379
189.445 1.0331166848418756
190.362 1.0331166848418756
190.445 0.6027919463087248
191.935 0.6027919463087248
