0.029 1.5723329729729731
0.954 1.5723329729729731
1.03 1.5855286624203822
1.815 1.5855286624203822
1.923 1.5803050847457627
2.631 1.5803050847457627
2.73 1.5840203821656051
3.515 1.5840203821656051
3.63 1.5887436208991494
4.453 1.5887436208991494
4.533 1.4595091164095373
7.385 1.4595091164095373
7.553 1.2160684908510995
13.51 1.2160684908510995
13.627 1.0732316255534473
21.532 1.0732316255534473
21.629 0.7512292446597666
30.711 0.7512292446597666
30.905 0.50698861047836
33.1 0.50698861047836
33.295 0.5322326454033771
35.427 0.5322326454033771
35.722 1.3218878306878308
36.667 1.3218878306878308
36.732 1.3216526207605344
37.705 1.3216526207605344
37.842 1.3433598763046
40.429 1.3433598763046
40.534 1.4251966173361523
42.426 1.4251966173361523
42.531 1.5354884696016773
44.439 1.5354884696016773
44.595 0.7718926040523006
54.614 0.7718926040523006
54.724 1.6520662159011423
59.013 1.6520662159011423
59.122 1.7481557522123894
63.642 1.7481557522123894
63.721 1.8756446700507616
67.661 1.8756446700507616
67.723 1.9472650832650833
71.386 1.9472650832650833
71.521 1.8422970106075218
75.669 1.8422970106075218
75.725 1.783147133317983
80.068 1.783147133317983
80.128 1.6999027710257657
84.242 1.6999027710257657
84.327 1.9607212020033389
86.723 1.9607212020033389
86.832 1.907733614108976
90.631 1.907733614108976
90.724 1.8788813263525306
95.308 1.8788813263525306
95.422 1.8784688758129453
98.651 1.8784688758129453
98.725 1.8848108500847665
102.854 1.8848108500847665
102.92 1.8956988829528898
107.038 1.8956988829528898
107.124 1.9013420408163264
110.799 1.9013420408163264
110.923 1.8240860009555662
115.109 1.8240860009555662
115.227 1.8071710056151098
119.145 1.8071710056151098
119.414 1.8207588480984833
123.963 1.8207588480984833
124.025 1.8883018173452957
128.372 1.8883018173452957
129.057 1.01868825037097
136.47 1.01868825037097
136.525 1.7317105263157893
137.133 1.7317105263157893
137.226 1.710496551724138
137.806 1.710496551724138
137.927 1.7668511383537653
139.64 1.7668511383537653
139.733 1.7622977127859016
142.4 1.7622977127859016
142.527 1.715184815184815
146.531 1.715184815184815
146.626 1.6841322653522284
151.495 1.6841322653522284
151.813 1.8896695095948828
155.565 1.8896695095948828
155.631 1.948918459229615
159.629 1.948918459229615
159.725 1.9491747967479676
163.661 1.9491747967479676
163.72 1.818637037037037
168.04 1.818637037037037
168.123 1.8689088863892014
171.679 1.8689088863892014
171.72 1.970593713620489
175.156 1.970593713620489
175.222 1.931774193548387
177.702 1.931774193548387
