0.034 1.2325491525423729
1.214 1.2325491525423729
1.342 1.2323168316831683
2.352 1.2323168316831683
2.44 1.2390431893687708
3.343 1.2390431893687708
3.441 1.2409740518962076
4.443 1.2409740518962076
4.541 1.2219962616822428
5.611 1.2219962616822428
5.74 1.2290900243309002
6.562 1.2290900243309002
6.651 1.210581550802139
12.635 1.210581550802139
12.742 1.4770013927576602
18.486 1.4770013927576602
18.638 1.4510131858783495
23.34 1.4510131858783495
23.42 1.639260986547085
27.88 1.639260986547085
27.928 1.7212802197802197
32.296 1.7212802197802197
32.419 2.258284307692308
35.669 2.258284307692308
35.713 2.441911025145068
38.815 2.441911025145068
38.922 1.5808640610104863
44.167 1.5808640610104863
44.408 1.9762621767889357
47.734 1.9762621767889357
47.823 2.009621768707483
51.498 2.009621768707483
51.621 1.7193401511783015
56.119 1.7193401511783015
56.23 1.7789887019834296
60.213 1.7789887019834296
60.323 2.2283316412859557
63.869 2.2283316412859557
63.924 1.5810954214805306
68.598 1.5810954214805306
68.72 1.6292444038373688
73.098 1.6292444038373688
73.235 1.3045148514851486
79.093 1.3045148514851486
79.234 1.1890385383079995
85.747 1.1890385383079995
85.836 1.5716571428571429
87.586 1.5716571428571429
87.631 1.5865297297297298
88.371 1.5865297297297298
88.432 1.6035208333333333
89.2 1.6035208333333333
89.327 1.532964896489649
91.549 1.532964896489649
91.626 1.724644867785044
95.143 1.724644867785044
95.224 1.412410889292196
100.734 1.412410889292196
100.833 1.724047703180212
105.361 1.724047703180212
105.415 2.2767781036168135
108.484 2.2767781036168135
108.531 1.5957416927899688
113.316 1.5957416927899688
113.421 1.865743346508564
117.216 1.865743346508564
117.327 1.8979450045829516
121.691 1.8979450045829516
121.822 2.010888780009799
125.904 2.010888780009799
126.21 1.809618020608675
130.383 1.809618020608675
130.424 1.6003556531284302
134.068 1.6003556531284302
134.126 1.9548804998698257
137.967 1.9548804998698257
138.021 1.9998129298486933
141.656 1.9998129298486933
141.71 2.6287485875706214
144.542 2.6287485875706214
144.62 2.325634947511006
147.573 2.325634947511006
147.617 1.8476881478143308
152.055 1.8476881478143308
152.138 1.368469407450299
157.319 1.368469407450299
157.432 1.0926624596830739
164.563 1.0926624596830739
164.826 0.7544450781787787
174.995 0.7544450781787787
175.139 1.2541743388834474
176.16 1.2541743388834474
176.237 1.2572068571428572
177.112 1.2572068571428572
177.237 1.2597978723404255
177.989 1.2597978723404255
178.036 1.2516088019559901
179.672 1.2516088019559901
