0.028 1.500937048503612
0.997 1.500937048503612
1.135 1.514160583941606
1.957 1.514160583941606
2.03 1.5078921832884098
2.772 1.5078921832884098
2.836 1.4577444314185228
3.689 1.4577444314185228
3.831 1.3677154811715482
4.787 1.3677154811715482
4.841 1.383557003257329
6.683 1.383557003257329
6.742 1.6819410262363594
11.049 1.6819410262363594
11.13 1.3624371286333707
17.357 1.3624371286333707
17.426 2.0323693774203155
20.783 2.0323693774203155
20.81 3.9055042735042735
22.682 3.9055042735042735
22.744 1.491480261852807
27.785 1.491480261852807
27.821 2.116327566320646
31.289 2.116327566320646
31.416 1.437890660592255
36.684 1.437890660592255
36.745 1.3517495924356049
42.879 1.3517495924356049
43.115 2.4710706766917294
45.775 2.4710706766917294
45.81 3.1520956039265897
48.153 3.1520956039265897
48.214 2.9051810668670175
50.876 2.9051810668670175
50.914 3.0941973799126634
53.204 3.0941973799126634
53.31 2.860848660391021
56.072 2.860848660391021
56.112 1.4712402946446348
61.135 1.4712402946446348
61.25 1.5319656357388316
65.906 1.5319656357388316
66.03 1.8217472283813747
68.736 1.8217472283813747
68.827 1.8178892018779342
73.087 1.8178892018779342
73.415 1.3978412952228665
78.418 1.3978412952228665
78.537 1.5422516101331043
83.195 1.5422516101331043
83.322 1.7569648484848486
87.447 1.7569648484848486
87.531 1.5292599431818183
93.163 1.5292599431818183
93.227 1.6033772138514408
97.01 1.6033772138514408
97.135 1.2039579207920792
103.599 1.2039579207920792
103.74 1.332620006828269
109.598 1.332620006828269
109.731 1.8220161668839634
113.566 1.8220161668839634
113.635 1.363633965375103
117.274 1.363633965375103
117.512 1.695521072796935
121.688 1.695521072796935
121.825 1.7728236301369864
126.497 1.7728236301369864
126.62 2.772100401606426
128.612 2.772100401606426
128.729 1.4950576123539894
133.78 1.4950576123539894
133.835 1.4930097286226318
137.741 1.4930097286226318
137.828 2.3619679144385026
141.007 2.3619679144385026
141.11 1.950448081566944
144.837 1.950448081566944
144.939 1.5522552126772309
149.735 1.5522552126772309
149.817 2.276300961219755
152.834 2.276300961219755
153.107 2.752614971466935
156.086 2.752614971466935
156.119 2.841699398797595
158.614 2.841699398797595
158.713 1.3641064425770308
164.425 1.3641064425770308
164.53 2.274518825970946
167.903 2.274518825970946
168.012 1.6215711042311662
172.857 1.6215711042311662
172.929 1.6029522431259045
177.075 1.6029522431259045
177.125 1.3453129346314328
182.158 1.3453129346314328
182.24 1.1317741554453107
186.473 1.1317741554453107
