0.064 0.671471837488458
2.23 0.671471837488458
2.373 0.6775394665215025
4.21 0.6775394665215025
4.373 0.6752299336149669
6.03 0.6752299336149669
6.174 0.2287025933419165
11.611 0.2287025933419165
11.972 0.18328231006447995
19.106 0.18328231006447995
19.489 0.244627602905569
23.619 0.244627602905569
23.903 0.2450759392486011
28.907 0.2450759392486011
29.194 0.24751592810108558
34.813 0.24751592810108558
35.096 0.2580098437834367
39.769 0.2580098437834367
40.005 0.2594637444625787
44.294 0.2594637444625787
44.623 0.21696367112810708
49.853 0.21696367112810708
50.242 0.21393800308271962
56.081 0.21393800308271962
56.358 0.2522495096116124
61.456 0.2522495096116124
61.617 0.43934270006108733
64.891 0.43934270006108733
65.105 0.4451362733412793
67.622 0.4451362733412793
67.837 0.4101200889547813
70.535 0.4101200889547813
70.734 0.3967076710435384
73.628 0.3967076710435384
73.859 0.4191053913043479
76.734 0.4191053913043479
76.929 0.42859475218658893
80.016 0.42859475218658893
80.211 0.4146607799852833
82.929 0.4146607799852833
83.322 0.2684904214559387
88.02 0.2684904214559387
88.281 0.2687877368533106
92.978 0.2687877368533106
93.196 0.3172268988872763
97.33 0.3172268988872763
97.543 0.3948483327357476
100.332 0.3948483327357476
100.515 0.3912135954681773
103.516 0.3912135954681773
103.756 0.6299253196930946
105.711 0.6299253196930946
105.855 0.8555014697236919
107.556 0.8555014697236919
107.655 0.862502424830262
108.686 0.862502424830262
108.849 1.0223294509151415
110.051 1.0223294509151415
110.158 0.8544170666666666
113.908 0.8544170666666666
114.059 0.9445028386050284
121.457 0.9445028386050284
121.556 0.8096303679355318
130.987 0.8096303679355318
131.152 1.0268046387154326
132.273 1.0268046387154326
132.344 1.0167589424572316
133.63 1.0167589424572316
133.758 0.8358057224315243
143.579 0.8358057224315243
143.662 0.7442187318208261
145.381 0.7442187318208261
145.464 0.7409429978888107
146.885 0.7409429978888107
147.066 0.744252063015754
148.399 0.744252063015754
148.563 0.6624241628365068
153.132 0.6624241628365068
153.281 0.7378281397544854
157.517 0.7378281397544854
157.825 0.8873643178410795
159.159 0.8873643178410795
159.269 0.7648035803083043
163.291 0.7648035803083043
163.461 0.7645072244985982
172.735 0.7645072244985982
172.868 0.6948064516129032
174.852 0.6948064516129032
174.972 0.7111229377328366
176.851 0.7111229377328366
176.969 0.7263255813953489
178.732 0.7263255813953489
179.038 0.7492005657708628
182.573 0.7492005657708628
182.685 0.8611569568197396
185.603 0.8611569568197396
185.757 1.3975495915985998
189.185 1.3975495915985998
