0.05 0.9407554980595084
1.596 0.9407554980595084
1.751 0.9472146118721461
3.065 0.9472146118721461
3.143 0.9465786802030457
4.325 0.9465786802030457
4.454 0.9477560975609756
5.766 0.9477560975609756
5.844 0.9393218390804597
7.236 0.9393218390804597
7.353 0.948649765258216
8.418 0.948649765258216
8.548 0.9448073959938367
9.846 0.9448073959938367
9.962 0.9254822733718774
19.129 0.9254822733718774
19.257 0.6418310442144873
29.887 0.6418310442144873
30.075 0.866023346303502
31.36 0.866023346303502
31.46 0.8629049429657795
32.775 0.8629049429657795
33.032 0.9084974545454545
34.407 0.9084974545454545
34.554 0.8339610894941634
36.096 0.8339610894941634
36.26 0.8022353597322923
38.053 0.8022353597322923
38.173 0.8018055307760927
41.536 0.8018055307760927
41.655 0.7105777346592287
45.778 0.7105777346592287
45.862 0.6921679047704287
57.035 0.6921679047704287
57.154 0.9086938159879336
58.48 0.9086938159879336
58.547 0.9068348183687457
60.006 0.9068348183687457
60.156 0.5699113133338475
73.123 0.5699113133338475
73.427 0.795313997477932
75.013 0.795313997477932
75.166 0.769345521023766
76.807 0.769345521023766
76.973 0.733864577504197
78.76 0.733864577504197
78.859 0.6629067245119307
83.008 0.6629067245119307
83.206 0.4477797822706065
89.636 0.4477797822706065
89.822 0.6185354093420392
91.813 0.6185354093420392
91.952 0.8798113663845223
93.606 0.8798113663845223
93.759 0.8568175858079445
96.352 0.8568175858079445
96.468 0.7362732174955063
98.137 0.7362732174955063
98.436 0.7373110698824985
100.053 0.7373110698824985
100.17 0.8159075198505371
108.734 0.8159075198505371
108.847 0.5877626048803017
121.838 0.5877626048803017
122.022 0.4512144257154057
124.573 0.4512144257154057
124.706 0.45150276243093923
127.602 0.45150276243093923
127.814 0.6669567642956764
129.965 0.6669567642956764
130.069 0.6998424507658644
131.897 0.6998424507658644
132.071 0.7037967914438502
133.567 0.7037967914438502
133.671 0.5454497454271167
138.974 0.5454497454271167
139.104 0.6140426049908704
144.033 0.6140426049908704
144.184 0.7268465116279069
148.484 0.7268465116279069
148.68 0.6149319480519481
150.605 0.6149319480519481
150.783 0.6110693723454459
152.902 0.6110693723454459
153.079 0.6172582359192348
154.961 0.6172582359192348
155.079 0.5018187113214416
157.826 0.5018187113214416
158.016 0.43391734638390433
165.372 0.43391734638390433
165.669 0.3078698328935796
175.902 0.3078698328935796
176.19 0.30952616769836805
179.744 0.30952616769836805
179.982 0.3304387861876526
182.849 0.3304387861876526
183.175 0.3944488361879666
185.452 0.3944488361879666
