0.017 2.361051948051948
0.633 2.361051948051948
0.72 2.3935384615384616
1.24 2.3935384615384616
1.317 2.3805446808510635
1.787 2.3805446808510635
1.922 2.3439386973180074
3.227 2.3439386973180074
3.314 2.382408104196816
4.696 2.382408104196816
4.818 2.6546683673469387
6.386 2.6546683673469387
6.516 2.809976726144298
9.094 2.809976726144298
9.209 5.116945717732207
10.867 5.116945717732207
10.907 3.958534424650939
15.061 3.958534424650939
15.111 3.58397521685254
19.953 3.58397521685254
20.01 3.062916329047032
25.687 3.062916329047032
25.817 2.5044097677188804
32.533 2.5044097677188804
32.618 2.3150889325474786
40.253 2.3150889325474786
40.508 2.9327829333333333
42.383 2.9327829333333333
42.409 4.328205457463884
43.032 4.328205457463884
43.109 4.298910420475321
44.203 4.298910420475321
44.502 3.648906772908367
49.522 3.648906772908367
49.613 3.20484263761914
54.754 3.20484263761914
54.809 3.0897057391304346
60.559 3.0897057391304346
60.616 3.043540659728347
66.285 3.043540659728347
66.415 3.904122605363985
68.242 3.904122605363985
68.31 3.986357850808555
70.227 3.986357850808555
70.309 3.9980423335054205
72.246 3.9980423335054205
72.309 4.063767395626242
76.333 4.063767395626242
76.409 3.5783023113111065
81.298 3.5783023113111065
81.601 3.362988817891374
86.609 3.362988817891374
86.712 2.8668218399401644
93.397 2.8668218399401644
93.516 2.9367803425167534
98.888 2.9367803425167534
99.013 3.672454193548387
103.663 3.672454193548387
103.713 4.1913100671140935
106.693 4.1913100671140935
106.809 3.2858200194363456
111.954 3.2858200194363456
112.008 4.763741613529249
115.615 4.763741613529249
115.708 4.503749229188078
119.6 4.503749229188078
119.711 4.258400372439479
124.007 4.258400372439479
124.3 3.6009939535790907
129.427 3.6009939535790907
129.516 3.0721089020240013
135.099 3.0721089020240013
135.215 4.0868142629058015
138.973 4.0868142629058015
139.007 4.669675455286763
142.686 4.669675455286763
142.808 4.714432477216239
146.429 4.714432477216239
146.51 4.369804021379486
150.439 4.369804021379486
150.511 3.6974853134590093
155.073 3.6974853134590093
155.113 2.5742477537192516
161.902 2.5742477537192516
162.014 3.294628252788104
164.166 3.294628252788104
164.208 3.296013536379019
166.572 3.296013536379019
166.616 3.3255101863892502
168.923 3.3255101863892502
169.011 3.4793948988566403
172.422 3.4793948988566403
172.515 3.4922963741460853
174.418 3.4922963741460853
174.51 3.224266666666667
176.61 3.224266666666667
176.712 3.133289731850883
178.241 3.133289731850883
