0.036 1.1911613431613433
1.257 1.1911613431613433
1.338 1.208388349514563
2.368 1.208388349514563
2.44 1.2056637931034484
3.368 1.2056637931034484
3.44 1.2060678952473327
4.471 1.2060678952473327
4.552 1.182207333635129
8.97 1.182207333635129
9.05 1.6529440288883157
12.927 1.6529440288883157
13.014 2.091258660508083
16.478 2.091258660508083
16.515 2.299158807588076
20.205 2.299158807588076
20.314 2.681864779874214
22.858 2.681864779874214
22.913 3.059039330543933
25.303 3.059039330543933
25.411 3.3959132791327913
27.625 3.3959132791327913
27.71 3.4312407667134175
29.849 3.4312407667134175
29.909 4.912326848249028
31.451 4.912326848249028
31.698 6.575441712926249
32.959 6.575441712926249
33.005 6.437878009630818
35.497 6.437878009630818
35.604 6.4373323364485975
38.279 6.4373323364485975
38.306 6.914878067195168
40.955 6.914878067195168
41.007 7.126339100346021
43.319 7.126339100346021
43.405 7.854026525198939
45.667 7.854026525198939
45.704 10.264028554431885
47.385 10.264028554431885
47.504 7.207678445229681
49.768 7.207678445229681
49.804 6.247489056332975
52.591 6.247489056332975
52.901 4.109144046242775
57.226 4.109144046242775
57.309 5.087927815805849
60.523 5.087927815805849
60.607 5.011263248352908
64.098 5.011263248352908
64.208 4.597829101829102
67.871 4.597829101829102
67.909 4.482971695906433
72.184 4.482971695906433
72.31 5.404722165125043
75.229 5.404722165125043
75.304 7.223736040609137
77.668 7.223736040609137
77.702 9.393988062940858
79.545 9.393988062940858
79.604 4.924422953684823
83.037 4.924422953684823
83.305 2.687334375977479
89.699 2.687334375977479
89.816 3.357967816091954
95.036 3.357967816091954
95.111 4.1710186958504325
99.497 4.1710186958504325
99.611 4.727860691421255
103.516 4.727860691421255
103.608 5.013617071031862
107.029 5.013617071031862
107.111 4.819029808597428
110.298 4.819029808597428
110.407 4.8875493598862025
113.922 4.8875493598862025
114.011 3.5431631382316313
118.829 3.5431631382316313
118.907 4.359817166074149
122.845 4.359817166074149
123.104 2.3571727221911685
130.26 2.3571727221911685
130.334 1.992539961235891
139.105 1.992539961235891
139.22 2.700083346588198
145.507 2.700083346588198
145.615 3.5237824533545057
150.653 3.5237824533545057
150.707 6.247556045571481
153.428 6.247556045571481
153.507 6.434675259577515
156.3 6.434675259577515
156.405 6.459086043639358
158.834 6.459086043639358
158.906 6.915401524267951
161.399 6.915401524267951
161.506 7.163812617114304
163.107 7.163812617114304
