0.025 1.7586553808948004
0.852 1.7586553808948004
0.928 1.7366593250444051
3.743 1.7366593250444051
3.825 1.7350581086213444
6.458 1.7350581086213444
6.527 1.7430151675485008
9.362 1.7430151675485008
9.423 1.7068601307189541
12.483 1.7068601307189541
12.524 1.7336609745939193
14.925 1.7336609745939193
15.03 1.7239695383150881
19.232 1.7239695383150881
19.326 1.6684161258603736
24.411 1.6684161258603736
24.524 1.6436193688267888
28.675 1.6436193688267888
28.716 2.81412779060816
31.314 2.81412779060816
31.409 2.8148828154249346
34.08 2.8148828154249346
34.112 2.844737984496124
36.692 2.844737984496124
36.814 2.9133876923076922
39.414 2.9133876923076922
39.517 2.9103657423657423
42.366 2.9103657423657423
42.605 2.9032897526501764
44.869 2.9032897526501764
44.914 2.840523076923077
47.514 2.840523076923077
47.614 2.8411432770022045
50.336 2.8411432770022045
50.415 2.8411034482758617
52.909 2.8411034482758617
53.013 2.8691590413943353
55.767 2.8691590413943353
55.81 2.874383508362505
58.381 2.874383508362505
58.411 2.872666935159082
60.894 2.872666935159082
61.013 2.8772018072289156
63.669 2.8772018072289156
63.714 2.8767488855869243
66.406 2.8767488855869243
66.702 2.85328437372501
69.153 2.85328437372501
69.223 2.8483099967437315
75.365 2.8483099967437315
75.413 2.9547101754385965
81.113 2.9547101754385965
81.218 2.963919579338076
87.684 2.963919579338076
87.817 2.904341678939617
93.249 2.904341678939617
93.312 2.8357542344735966
99.334 2.8357542344735966
99.415 2.917613751263903
105.349 2.917613751263903
105.417 2.9278739175614823
111.191 2.9278739175614823
111.316 2.8552369557992687
117.334 2.8552369557992687
117.604 2.825369439071567
123.808 2.825369439071567
123.915 2.8919804469273744
126.779 2.8919804469273744
126.814 2.8882646023926815
129.656 2.8882646023926815
129.711 2.886672782874618
132.327 2.886672782874618
132.416 2.8884081228330856
134.435 2.8884081228330856
134.519 2.8924098613251155
137.115 2.8924098613251155
137.217 2.8473638856247554
139.77 2.8473638856247554
139.814 2.8414564885496185
142.434 2.8414564885496185
142.514 2.8390243902439023
144.933 2.8390243902439023
145.206 2.8364026288481496
148.097 2.8364026288481496
148.212 2.0356129773184035
151.695 2.0356129773184035
151.827 1.7696516011810128
156.23 1.7696516011810128
156.324 1.7255852451641924
160.77 1.7255852451641924
160.825 1.7187731349814046
165.396 1.7187731349814046
165.527 1.7150554838709677
169.402 1.7150554838709677
169.528 1.6579236043095005
173.612 1.6579236043095005
173.725 1.6245506951508988
176.674 1.6245506951508988
