0.018 2.644378181818182
0.568 2.644378181818182
0.623 2.670901287553648
1.089 2.670901287553648
1.218 2.638811320754717
1.642 2.638811320754717
1.72 2.6569572649572653
2.188 2.6569572649572653
2.324 2.600701421800948
3.59 2.600701421800948
3.722 2.6029504467912266
6.184 2.6029504467912266
6.317 2.600186647523331
9.103 2.600186647523331
9.216 2.5431342925659473
12.552 2.5431342925659473
12.619 2.4357957872188503
15.42 2.4357957872188503
15.517 2.430553191489362
18.525 2.430553191489362
18.621 2.438712941939669
21.704 2.438712941939669
21.82 2.4222521452145216
24.85 2.4222521452145216
24.916 1.589676390346275
29.681 1.589676390346275
29.92 0.8982376773913985
39.151 0.8982376773913985
39.215 0.8373309554140127
47.065 0.8373309554140127
47.109 3.620274509803922
49.149 3.620274509803922
49.217 3.0713232724384434
51.735 3.0713232724384434
51.806 5.944389261744966
52.998 5.944389261744966
53.106 4.6235599765945
54.815 4.6235599765945
54.909 5.449882005899705
56.265 5.449882005899705
56.309 6.199917933130699
58.941 6.199917933130699
59.009 5.884336600202771
61.968 5.884336600202771
62.01 5.5607158948685855
65.206 5.5607158948685855
65.311 5.6233149931224204
68.219 5.6233149931224204
68.309 5.663425056652638
71.398 5.663425056652638
71.509 5.28454596799498
74.696 5.28454596799498
74.81 5.707178082191781
78.168 5.707178082191781
78.211 5.9021264496820045
80.884 5.9021264496820045
81.201 5.755615773508595
84.168 5.755615773508595
84.21 5.769116961012996
87.211 5.769116961012996
87.307 5.607145605306799
90.322 5.607145605306799
90.409 5.203760145366445
93.711 5.203760145366445
93.809 5.728298039215686
96.869 5.728298039215686
96.911 5.592811984102721
100.182 5.592811984102721
100.312 5.496366775826139
103.671 5.496366775826139
103.709 5.469255102040816
106.845 5.469255102040816
106.909 5.536498918529199
109.683 5.536498918529199
109.999 5.49751552
113.124 5.49751552
113.213 5.447019783024888
116.347 5.447019783024888
116.413 5.568913396042816
119.496 5.568913396042816
119.61 5.660378523489933
122.59 5.660378523489933
122.709 5.523567635903919
125.873 5.523567635903919
125.908 5.533058670143416
128.976 5.533058670143416
129.011 5.378011511663132
132.312 5.378011511663132
132.41 5.453833814565287
135.527 5.453833814565287
135.612 5.6640554680113455
138.785 5.6640554680113455
139.099 5.575380241648898
141.913 5.575380241648898
142.01 5.515065898912348
145.136 5.515065898912348
145.21 5.622188235294117
147.25 5.622188235294117
