0.051 0.744704557091654
2.004 0.744704557091654
2.165 0.7493317278747743
3.826 0.7493317278747743
3.971 0.7514143720617865
5.46 0.7514143720617865
5.573 0.7490698795180722
7.233 0.7490698795180722
7.363 0.7441866818440523
9.12 0.7441866818440523
9.282 0.9638850226928896
11.926 0.9638850226928896
12.031 1.795765989092712
16.065 1.795765989092712
16.12 1.6178291380625476
21.364 1.6178291380625476
21.474 0.9667938217372821
28.531 0.9667938217372821
28.614 1.3499084194977842
34.03 1.3499084194977842
34.14 1.457366156231828
39.299 1.457366156231828
39.419 2.814196319018405
42.027 2.814196319018405
42.112 1.8758811292719166
46.15 1.8758811292719166
46.405 3.0511606672519758
47.544 3.0511606672519758
47.805 3.0758296677585397
49.942 3.0758296677585397
50.011 4.1282057015092235
51.8 4.1282057015092235
51.91 4.442040206777714
53.651 4.442040206777714
53.708 4.903606920415225
55.153 4.903606920415225
55.203 6.418898456539399
56.434 6.418898456539399
56.505 3.6749375931842385
61.2 3.6749375931842385
61.312 3.5990701367445963
65.846 3.5990701367445963
65.906 5.012018422567646
69.38 5.012018422567646
69.411 5.382207147183525
72.713 5.382207147183525
72.808 5.737754385964912
75.658 5.737754385964912
75.71 6.692547819433818
78.324 6.692547819433818
78.406 6.871419012647899
80.857 6.871419012647899
80.905 5.702083903600119
84.266 5.702083903600119
84.501 6.77388750536711
86.83 6.77388750536711
86.904 8.94079162303665
88.814 8.94079162303665
88.905 7.566923076923077
91.193 7.566923076923077
91.306 5.334662038497949
94.475 5.334662038497949
94.511 4.142433944069431
98.659 4.142433944069431
98.706 5.1661043324491605
102.099 5.1661043324491605
102.207 4.785270206643997
106.03 4.785270206643997
106.108 3.587001360015543
111.255 3.587001360015543
111.313 4.531462087186262
115.098 4.531462087186262
115.402 5.327175858480749
118.285 5.327175858480749
118.407 4.450708808290155
122.267 4.450708808290155
122.316 1.6927079821517104
132.401 1.6927079821517104
132.535 1.5869267030224605
143.354 1.5869267030224605
143.48 1.1921639691851014
157.629 1.1921639691851014
157.731 2.0536038066616578
161.724 2.0536038066616578
161.812 2.964063545150502
164.204 2.964063545150502
164.322 1.9651389659520808
168.287 1.9651389659520808
168.411 3.0651026767878546
170.914 3.0651026767878546
171.009 4.441216506500847
172.778 4.441216506500847
172.808 4.439438877755512
174.305 4.439438877755512
174.409 4.471274021352313
174.971 4.471274021352313
175.01 4.757497517378352
176.017 4.757497517378352
