0.074 0.5366819188191883
2.784 0.5366819188191883
2.896 0.5430366492146597
5.188 0.5430366492146597
5.389 0.5373948126801152
7.471 0.5373948126801152
7.605 0.5427568747271934
9.896 0.5427568747271934
10.098 0.5358754098360656
12.538 0.5358754098360656
12.695 0.5345566137566137
14.585 0.5345566137566137
14.715 0.29999021526418784
18.803 0.29999021526418784
19.2 0.2850567739290838
24.079 0.2850567739290838
24.158 0.8320772946859903
25.607 0.8320772946859903
25.758 0.843060606060606
27.078 0.843060606060606
27.162 0.8589856169568509
28.483 0.8589856169568509
28.723 0.8846912181303117
30.135 0.8846912181303117
30.255 0.9018008415147265
31.681 0.9018008415147265
31.761 0.5521129311492875
46.779 0.5521129311492875
46.926 0.4053574529667149
49.69 0.4053574529667149
49.928 0.13466033832298893
58.145 0.13466033832298893
59.003 0.16077188068897913
66.144 0.16077188068897913
66.246 0.8985294556301268
67.587 0.8985294556301268
67.655 1.059305044035228
68.904 1.059305044035228
69.032 0.7271277419354839
70.582 0.7271277419354839
70.724 0.6140568023833168
75.759 0.6140568023833168
75.851 0.17774123609742365
82.954 0.17774123609742365
83.546 0.47480666183924697
86.308 0.47480666183924697
86.5 0.45827382438618397
88.903 0.45827382438618397
89.117 0.45172450942670256
91.716 0.45172450942670256
91.903 0.45476514032496307
94.611 0.45476514032496307
94.825 0.4526307931570762
98.04 0.4526307931570762
98.227 0.4564887063655031
100.175 0.4564887063655031
100.309 0.45411677753141166
103.015 0.45411677753141166
103.363 0.261168017524644
107.928 0.261168017524644
108.211 0.730491879350348
109.935 0.730491879350348
110.126 0.3793748870822042
113.447 0.3793748870822042
113.539 1.3368734030197444
114.4 1.3368734030197444
114.544 1.2439532956685497
117.199 1.2439532956685497
117.326 2.083891342980452
121.265 2.083891342980452
121.34 1.0669025148346991
128.418 1.0669025148346991
128.597 0.9672741748216952
134.626 0.9672741748216952
134.733 0.5113173987061628
149.418 0.5113173987061628
149.797 0.3442816229116945
153.149 0.3442816229116945
153.36 0.8269662301860785
154.811 0.8269662301860785
154.914 2.5079322033898306
155.386 2.5079322033898306
155.616 1.337408695652174
157.916 1.337408695652174
158.043 1.2209778506972928
160.481 1.2209778506972928
160.534 1.000356062767475
164.039 1.000356062767475
164.169 0.9499951008102506
169.476 0.9499951008102506
169.542 0.9902334257625409
177.476 0.9902334257625409
177.578 0.6957975964579379
179.159 0.6957975964579379
179.439 0.7177030303030304
180.759 0.7177030303030304
180.876 0.727255060728745
182.111 0.727255060728745
