0.035 1.246279348757498
1.202 1.246279348757498
1.335 1.2546774193548387
2.327 1.2546774193548387
2.433 1.252918253079507
3.326 1.252918253079507
3.432 1.253483870967742
4.424 1.253483870967742
4.541 1.246459485224023
5.59 1.246459485224023
5.746 1.4587898930116094
10.139 1.4587898930116094
10.226 2.222122699386503
13.486 2.222122699386503
13.519 2.0865459911460893
17.585 2.0865459911460893
17.625 0.6325481179306508
28.411 0.6325481179306508
28.624 0.48195755738414897
30.933 0.48195755738414897
31.092 0.530987365465606
33.229 0.530987365465606
33.575 0.4043975396568469
36.664 0.4043975396568469
36.812 0.3594097261039687
40.39 0.3594097261039687
40.694 0.45926681643980444
48.261 0.45926681643980444
48.427 0.4430241202056148
50.956 0.4430241202056148
51.122 0.41960712931361394
53.759 0.41960712931361394
53.933 0.41900437956204384
56.673 0.41900437956204384
56.817 0.3875612737214539
59.926 0.3875612737214539
60.189 0.2785414736842105
64.939 0.2785414736842105
65.15 0.341633222188542
68.449 0.341633222188542
68.766 0.7781418877236274
70.387 0.7781418877236274
70.449 0.982487159533074
71.734 0.982487159533074
71.846 0.5092877669902913
74.421 0.5092877669902913
74.623 0.4193571972581873
77.249 0.4193571972581873
77.425 0.4070846047156727
80.309 0.4070846047156727
80.517 0.4063028703398218
83.548 0.4063028703398218
83.726 0.45556346128126257
91.203 0.45556346128126257
91.459 0.347359375
94.019 0.347359375
94.262 0.41571041948579157
97.218 0.41571041948579157
97.542 0.5192648083623693
99.838 0.5192648083623693
100.011 0.4489650634497885
106.394 0.4489650634497885
106.658 0.40703812913065585
114.526 0.40703812913065585
114.7 0.5306814200092208
116.869 0.5306814200092208
116.999 0.4273122008021736
124.728 0.4273122008021736
124.954 0.4532777251184834
128.119 0.4532777251184834
128.301 0.49034572633192797
130.91 0.49034572633192797
131.102 0.457973031752936
133.401 0.457973031752936
133.637 0.4228849104859335
135.983 0.4228849104859335
136.117 0.46924279069767444
142.567 0.46924279069767444
142.701 0.5383257065948855
144.93 0.5383257065948855
145.088 0.32333897842119635
148.749 0.32333897842119635
148.982 0.49497553516819576
151.598 0.49497553516819576
151.802 0.3757050452781371
154.894 0.3757050452781371
155.144 0.3977195614541258
158.61 0.3977195614541258
158.834 0.42520379094385635
176.877 0.42520379094385635
177.041 0.3618287651879062
180.58 0.3618287651879062
180.747 0.36914630872483223
183.727 0.36914630872483223
184.076 0.3726860739575138
186.618 0.3726860739575138
186.851 0.30706324786324785
189.776 0.30706324786324785
