0.08 0.6307059843885516
2.386 0.6307059843885516
2.413 4.661573033707865
2.68 4.661573033707865
2.709 4.623371900826446
2.951 4.623371900826446
3.011 4.54595032198712
4.098 4.54595032198712
4.21 5.108258808456117
5.771 5.108258808456117
5.807 4.04830322173089
7.39 4.04830322173089
7.511 3.862224211232938
11.98 3.862224211232938
12.012 4.671437021927588
15.934 4.671437021927588
16.006 4.54498396904367
19.624 4.54498396904367
19.712 3.7183646882365546
24.379 3.7183646882365546
24.413 3.720191698759093
29.087 3.720191698759093
29.214 4.351776455368693
33.079 4.351776455368693
33.111 4.367606622189276
37.158 4.367606622189276
37.209 4.703619638242895
41.079 4.703619638242895
41.302 4.7158118753674305
44.704 4.7158118753674305
44.81 4.894787947697556
48.328 4.894787947697556
48.406 4.969482365708084
52.092 4.969482365708084
52.207 4.285070481144343
56.052 4.285070481144343
56.113 3.9986063470627955
60.556 3.9986063470627955
60.612 4.343865055387714
64.584 4.343865055387714
64.707 5.083546417445483
67.917 5.083546417445483
68.007 5.130156747200943
71.401 5.130156747200943
71.508 5.240946033618402
74.899 5.240946033618402
75.2 5.246262431825473
78.317 5.246262431825473
78.409 4.909997193376368
81.972 4.909997193376368
82.008 4.86758612716763
85.468 4.86758612716763
85.509 3.6241875945537068
90.797 3.6241875945537068
90.911 3.628423183072677
95.259 3.628423183072677
95.314 4.239551142005959
99.342 4.239551142005959
99.41 4.456401544401544
103.295 4.456401544401544
103.411 4.159828740157481
107.475 4.159828740157481
107.511 4.065976336961666
111.737 4.065976336961666
112.003 4.850191477587161
115.617 4.850191477587161
115.706 5.314958744915747
119.148 5.314958744915747
119.208 4.795401558441558
123.058 4.795401558441558
123.111 4.4057498073465196
127.004 4.4057498073465196
127.111 4.8175181932245925
130.299 4.8175181932245925
130.407 5.807889114266396
133.365 5.807889114266396
133.408 5.80842463422933
136.347 5.80842463422933
136.406 5.399044025157233
139.586 5.399044025157233
139.708 5.399464788732394
142.832 5.399464788732394
143.1 5.424136561142148
146.322 5.424136561142148
146.41 5.428661336744484
149.537 5.428661336744484
149.608 4.636410551057717
153.437 4.636410551057717
153.511 4.4455020920502095
157.335 4.4455020920502095
157.411 4.978406648199446
161.021 4.978406648199446
161.109 5.177927392739274
164.139 5.177927392739274
164.208 5.17876118954641
167.537 5.17876118954641
167.608 5.199122393472348
169.814 5.199122393472348
