0.032 1.1461055949566588
1.301 1.1461055949566588
1.44 1.1599627213420318
2.513 1.1599627213420318
2.64 1.1534597938144329
3.61 1.1534597938144329
3.736 1.1545552460538533
4.813 1.1545552460538533
4.939 1.1479683933274802
6.078 1.1479683933274802
6.151 1.145913669064748
8.375 1.145913669064748
8.447 1.1426056782334386
14.787 1.1426056782334386
14.945 1.1138106866220296
22.562 1.1138106866220296
22.647 1.109917683422808
28.794 1.109917683422808
28.943 1.1484416924664604
29.912 1.1484416924664604
30.039 1.1450252270433905
31.03 1.1450252270433905
31.323 1.1387274384685506
32.42 1.1387274384685506
32.537 1.138024778761062
33.667 1.138024778761062
33.924 1.1265063209076174
37.009 1.1265063209076174
37.137 1.1272876254180602
39.529 1.1272876254180602
39.647 1.1195028043049873
46.244 1.1195028043049873
46.339 1.1140293863439932
53.281 1.1140293863439932
53.343 1.103349735284958
59.765 1.103349735284958
59.839 0.894258035310095
68.675 0.894258035310095
68.775 0.7137732742241925
70.354 0.7137732742241925
70.642 0.708235822571589
72.423 0.708235822571589
72.575 0.7157006802721088
74.339 0.7157006802721088
74.475 0.8866910074374578
75.954 0.8866910074374578
76.046 1.0406356413166857
78.689 1.0406356413166857
78.85 1.0884557575757576
85.45 1.0884557575757576
85.542 1.137751962323391
91.912 1.137751962323391
92.037 1.1273287958115183
99.677 1.1273287958115183
99.738 1.1429820051413881
100.516 1.1429820051413881
100.644 1.1431069767441862
101.719 1.1431069767441862
102.017 1.141984674329502
103.061 1.141984674329502
103.146 1.127455684870188
104.263 1.127455684870188
104.52 1.1233167309715888
107.371 1.1233167309715888
107.618 1.0545868334822759
114.332 1.0545868334822759
114.438 1.1192745945945946
121.838 1.1192745945945946
121.942 1.117555888359428
129.287 1.117555888359428
129.444 1.126086489710707
136.15 1.126086489710707
136.246 1.131489328676756
141.4 1.131489328676756
141.537 1.1369968553459118
144.081 1.1369968553459118
144.144 1.1369706987227648
146.806 1.1369706987227648
146.943 1.1377648343647615
149.69 1.1377648343647615
150.017 1.1365657894736843
152.449 1.1365657894736843
152.545 1.1255177460665935
155.278 1.1255177460665935
155.352 1.1189491367242184
159.638 1.1189491367242184
159.743 1.1312102206736354
166.631 1.1312102206736354
166.745 1.125889241622575
169.58 1.125889241622575
169.643 1.1463849597135183
170.76 1.1463849597135183
170.845 1.1482839248434238
171.803 1.1482839248434238
171.941 1.1293734831460673
174.166 1.1293734831460673
174.239 1.1190843260920347
178.52 1.1190843260920347
