0.033 1.1335993764614185
1.316 1.1335993764614185
1.444 1.1450229990800367
2.531 1.1450229990800367
2.638 1.1440245398773006
3.616 1.1440245398773006
3.744 1.1418328741965107
4.833 1.1418328741965107
4.939 1.1340294882914137
6.092 1.1340294882914137
6.241 1.1454784580498865
7.123 1.1454784580498865
7.253 1.1257525937749402
9.759 1.1257525937749402
9.856 1.1185096901779827
17.441 1.1185096901779827
17.546 1.1201221474306353
23.637 1.1201221474306353
23.743 1.1535348690438625
30.081 1.1535348690438625
30.132 1.310765690376569
35.868 1.310765690376569
35.933 1.203381537957042
42.032 1.203381537957042
42.143 1.1669401088929219
43.245 1.1669401088929219
43.338 1.1713420195439739
44.566 1.1713420195439739
44.825 1.1662941176470587
47.137 1.1662941176470587
47.245 1.2227512520868113
49.641 1.2227512520868113
49.738 1.2241933842239185
52.096 1.2241933842239185
52.236 1.2238326497128793
54.674 1.2238326497128793
54.732 1.2065451213925789
61.281 1.2065451213925789
61.339 1.2030017906560313
67.482 1.2030017906560313
67.539 1.204056718433491
73.463 1.204056718433491
73.541 1.122645511972969
80.348 1.122645511972969
80.444 1.1160987234042552
81.619 1.1160987234042552
81.739 1.12600408997955
82.717 1.12600408997955
82.837 1.2651206896551723
83.765 1.2651206896551723
83.835 1.3548617305976807
86.077 1.3548617305976807
86.129 1.3500784780023782
88.652 1.3500784780023782
88.73 1.1968382004735594
93.798 1.1968382004735594
93.939 1.1856160877513713
100.503 1.1856160877513713
100.643 1.1921942577886377
107.191 1.1921942577886377
107.341 1.1923945392491466
113.201 1.1923945392491466
113.336 1.1979328522121118
119.71 1.1979328522121118
119.835 1.2149100892244338
125.663 1.2149100892244338
125.921 1.2093357744415965
128.652 1.2093357744415965
128.741 1.2085514124293786
131.396 1.2085514124293786
131.535 1.230016
133.91 1.230016
134.036 1.2348615384615385
136.116 1.2348615384615385
136.247 1.2340102389078498
138.591 1.2340102389078498
138.736 1.2243592233009708
141.208 1.2243592233009708
141.339 1.213070881538211
147.476 1.213070881538211
147.537 1.1432661894456466
153.544 1.1432661894456466
153.647 1.2193368029739777
160.372 1.2193368029739777
160.441 1.2254008438818567
161.389 1.2254008438818567
161.54 1.2060332458442695
162.683 1.2060332458442695
162.743 1.213623978201635
163.844 1.213623978201635
163.934 1.2183748810656518
164.985 1.2183748810656518
165.036 1.193149012567325
170.606 1.193149012567325
170.924 1.1937517630465444
176.596 1.1937517630465444
176.743 1.2052327044025157
180.718 1.2052327044025157
