0.019 2.1078376811594204
0.709 2.1078376811594204
0.824 2.1348885077186965
1.407 2.1348885077186965
1.525 2.1352213740458015
2.049 2.1352213740458015
2.118 2.121938566552901
2.704 2.121938566552901
2.824 2.1732594059405943
4.339 2.1732594059405943
4.425 2.318547033285094
7.189 2.318547033285094
7.32 2.4284679852497484
10.303 2.4284679852497484
10.421 2.4400046016681047
13.898 2.4400046016681047
14.018 2.253935910142055
17.045 2.253935910142055
17.118 2.3478175979447657
20.232 2.3478175979447657
20.318 2.3524881101376725
23.514 2.3524881101376725
23.618 2.2520478674440016
26.877 2.2520478674440016
26.918 2.2523960749330953
30.281 2.2523960749330953
30.512 2.43656538348516
33.915 2.43656538348516
34.019 2.5213072497123132
36.626 2.5213072497123132
36.718 2.435001648532806
39.751 2.435001648532806
39.819 2.40696918767507
43.032 2.40696918767507
43.12 2.4084677090414686
46.062 2.4084677090414686
46.115 2.4053771689497716
49.4 2.4053771689497716
49.52 2.4079635060280222
52.589 2.4079635060280222
52.721 2.5142164258019033
55.558 2.5142164258019033
55.618 2.512113083497699
58.66 2.512113083497699
58.91 2.4306993094789706
62.096 2.4306993094789706
62.217 2.3610398379473327
65.179 2.3610398379473327
65.224 2.522612833453497
72.159 2.522612833453497
72.223 2.430281096681097
79.153 2.430281096681097
79.22 2.5373631669535284
86.773 2.5373631669535284
86.823 2.2808130692496746
93.74 2.2808130692496746
93.821 2.580366047745358
96.837 2.580366047745358
96.915 2.6725395412529958
99.836 2.6725395412529958
99.921 2.5116578001437815
102.703 2.5116578001437815
103.01 2.5665963025210083
105.985 2.5665963025210083
106.019 2.6390219903093555
108.702 2.6390219903093555
108.821 2.5508567908838926
112.068 2.5508567908838926
112.12 2.635135794542536
115.235 2.635135794542536
115.318 2.542604713804714
118.288 2.542604713804714
118.419 2.4544175084175084
120.795 2.4544175084175084
120.916 2.6026675909878683
123.801 2.6026675909878683
123.92 2.664007490636704
130.328 2.664007490636704
130.422 2.4660959494398162
137.384 2.4660959494398162
137.525 2.548025377643505
144.145 2.548025377643505
144.219 2.5693278447515437
151.021 2.5693278447515437
151.119 2.5956305810397553
157.659 2.5956305810397553
157.718 2.4603018629617934
160.885 2.4603018629617934
160.92 2.4178859123857546
164.093 2.4178859123857546
164.219 2.4949228326452846
167.368 2.4949228326452846
167.42 2.6733065164923575
169.906 2.6733065164923575
170.021 2.690423982869379
170.955 2.690423982869379
171.022 2.8161870503597126
172.134 2.8161870503597126
