0.022 2.1325630498533723
0.704 2.1325630498533723
0.823 2.1608333333333336
1.399 2.1608333333333336
1.522 2.155791907514451
2.041 2.155791907514451
2.12 2.1475924006908462
2.699 2.1475924006908462
2.824 2.1200824211204123
4.377 2.1200824211204123
4.422 2.106661406969099
7.464 2.106661406969099
7.522 2.107686936281641
10.959 2.107686936281641
11.019 2.1046628628131976
15.05 2.1046628628131976
15.121 2.486393586005831
17.865 2.486393586005831
17.915 2.586170498761938
20.742 2.586170498761938
20.813 2.640868282402529
23.66 2.640868282402529
23.712 2.6640377495462793
26.467 2.6640377495462793
26.515 2.663434599156118
29.359 2.663434599156118
29.605 2.681640362225097
32.697 2.681640362225097
32.816 2.713892650701899
35.238 2.713892650701899
35.311 2.7212085482682387
38.025 2.7212085482682387
38.12 2.6593368176538905
45.008 2.6593368176538905
45.116 2.660438559664137
51.309 2.660438559664137
51.415 2.5962016659359928
58.258 2.5962016659359928
58.313 2.6696320594151324
64.776 2.6696320594151324
64.815 2.680385019710907
70.903 2.680385019710907
71.016 2.62858574879227
77.64 2.62858574879227
77.906 2.619826792963464
80.862 2.619826792963464
80.915 2.636034677723332
83.568 2.636034677723332
83.616 2.641105882352941
86.336 2.641105882352941
86.415 2.645065693430657
89.155 2.645065693430657
89.211 2.702476310009413
92.398 2.702476310009413
92.519 2.713983286908078
93.955 2.713983286908078
94.016 2.70503441084463
96.893 2.70503441084463
97.015 2.7030775623268695
99.903 2.7030775623268695
100.012 2.682315547024952
102.617 2.682315547024952
102.907 2.6886
105.747 2.6886
105.812 2.694252663622527
108.44 2.694252663622527
108.514 2.6848077795786063
111.599 2.6848077795786063
111.712 2.6807472240365775
114.774 2.6807472240365775
114.811 2.6807014554490594
117.628 2.6807014554490594
117.715 2.6861796407185627
119.886 2.6861796407185627
120.019 2.6772223780582824
126.436 2.6772223780582824
126.516 2.659856653162979
132.934 2.659856653162979
133.016 2.66061676739501
139.469 2.66061676739501
139.513 2.6898306490192954
145.784 2.6898306490192954
145.917 2.6792224436608922
152.44 2.6792224436608922
152.521 2.6855598797658597
158.842 2.6855598797658597
158.922 2.6998530838530836
161.808 2.6998530838530836
161.912 2.706155908289242
164.747 2.706155908289242
164.813 2.685069036226931
167.739 2.685069036226931
167.813 2.6862732417138235
170.287 2.6862732417138235
170.414 2.6794459833795012
172.941 2.6794459833795012
173.016 2.6794183445190156
174.804 2.6794183445190156
