0.017 2.703360594795539
0.555 2.703360594795539
0.619 2.7235010940919038
1.076 2.7235010940919038
1.116 2.7156699029126212
1.528 2.7156699029126212
1.62 2.671475982532751
2.765 2.671475982532751
2.817 2.695950515463917
3.302 2.695950515463917
3.42 2.6826442105263157
4.37 2.6826442105263157
4.419 2.779785111281658
7.025 2.779785111281658
7.113 3.33880204643841
9.654 3.33880204643841
9.717 3.242064668769716
14.789 3.242064668769716
14.913 3.0133023094287203
20.672 3.0133023094287203
20.715 2.6571173594132027
27.259 2.6571173594132027
27.314 3.0099527559055117
32.902 3.0099527559055117
33.017 3.3310501319261214
35.291 3.3310501319261214
35.414 3.328635889201124
37.905 3.328635889201124
38.202 3.3399634146341466
40.17 3.3399634146341466
40.216 3.292625947391886
42.459 3.292625947391886
42.516 3.2839031847133757
44.871 3.2839031847133757
44.912 3.2865083487940634
47.068 3.2865083487940634
47.114 3.3300483598875354
52.449 3.3300483598875354
52.515 3.3225172347390717
57.708 3.3225172347390717
57.814 3.228127398615232
62.869 3.228127398615232
62.911 3.3095898118228475
68.172 3.3095898118228475
68.212 3.342495392138424
73.529 3.342495392138424
73.61 3.3230237756553547
78.531 3.3230237756553547
78.614 3.172709466811752
84.128 3.172709466811752
84.218 3.0488501086169446
89.742 3.0488501086169446
90.007 3.2620772765957446
95.882 3.2620772765957446
96.012 3.2616051271449247
100.849 3.2616051271449247
100.915 3.229981463968224
106.202 3.229981463968224
106.317 3.2397305389221556
111.661 3.2397305389221556
111.715 3.2499683720930235
113.865 3.2499683720930235
113.915 3.2897992244722105
116.236 3.2897992244722105
116.313 3.4057219817219817
118.392 3.4057219817219817
118.514 3.3945213114754096
120.954 3.3945213114754096
121.019 3.4086567901234566
122.639 3.4086567901234566
122.71 3.3266678414096917
124.98 3.3266678414096917
125.01 3.272556677890011
126.792 3.272556677890011
126.915 3.27604537521815
129.207 3.27604537521815
129.503 3.2863110307414103
131.715 3.2863110307414103
131.816 3.3163917326637047
136.993 3.3163917326637047
137.114 3.312633150039277
142.206 3.312633150039277
142.315 3.2875410082769
147.631 3.2875410082769
147.715 3.3181047693510552
152.831 3.3181047693510552
152.915 3.3369954887218047
158.235 3.3369954887218047
158.317 3.306671853724956
163.458 3.306671853724956
163.514 3.2587575702629192
169.029 3.2587575702629192
169.115 3.195991036871053
174.024 3.195991036871053
174.306 3.3141284121491736
179.508 3.3141284121491736
179.616 3.326352668213457
183.064 3.326352668213457
