0.052 0.7575041666666668
1.972 0.7575041666666668
2.069 0.7635828220858896
3.699 0.7635828220858896
3.861 0.7626830265848671
5.328 0.7626830265848671
5.473 0.7628564417177914
7.103 0.7628564417177914
7.264 0.7571140706427331
8.991 0.7571140706427331
9.168 0.7636523053665911
10.491 0.7636523053665911
10.669 0.851638888888889
12.109 0.851638888888889
12.239 1.1948384879725085
13.403 1.1948384879725085
13.544 1.1513101586230172
19.47 1.1513101586230172
19.547 0.9146883523082697
27.54 0.9146883523082697
27.655 1.0024736
35.155 1.0024736
35.246 1.03052850322943
42.368 1.03052850322943
42.447 1.0549368334700575
43.666 1.0549368334700575
43.746 1.0065836249125262
45.175 1.0065836249125262
45.256 0.8196108266276518
46.623 0.8196108266276518
46.785 0.7379627204030227
50.755 0.7379627204030227
50.875 0.7403559887150551
54.774 0.7403559887150551
54.878 0.751670617592015
56.481 0.751670617592015
56.561 1.0336500000000002
57.841 1.0336500000000002
57.939 1.1059140717382736
60.476 1.1059140717382736
60.54 0.9879268698060941
67.76 0.9879268698060941
67.861 0.8422625371982806
76.934 0.8422625371982806
77.055 0.8701357303370786
85.955 0.8701357303370786
86.055 0.8536682170542635
87.345 0.8536682170542635
87.46 0.8416
88.855 0.8416
88.956 0.8504861878453039
90.404 0.8504861878453039
90.564 0.8435988405797101
92.289 0.8435988405797101
92.462 0.8418825312618415
95.101 0.8418825312618415
95.251 0.8816867602532343
98.884 0.8816867602532343
98.952 0.8565380732938337
108.066 0.8565380732938337
108.163 0.8262305782192267
116.62 0.8262305782192267
116.939 0.8218551859099804
118.472 0.8218551859099804
118.56 0.8163460992907801
119.97 0.8163460992907801
120.059 0.820811048336472
121.652 0.820811048336472
121.754 0.8202538593481989
123.503 0.8202538593481989
123.827 0.9606340019730352
126.868 0.9606340019730352
126.948 1.0419926977687626
129.413 1.0419926977687626
129.55 1.0393532159540064
132.333 1.0393532159540064
132.448 0.8971146488954709
140.551 0.8971146488954709
140.659 0.9074373476352998
148.863 0.9074373476352998
148.958 0.96986301369863
156.039 0.96986301369863
156.141 1.0367141713370698
157.39 1.0367141713370698
157.541 1.0512941176470587
158.646 1.0512941176470587
158.751 1.0325812734082396
160.086 1.0325812734082396
160.155 0.8467625125965738
166.109 0.8467625125965738
166.254 0.8290610526315789
170.054 0.8290610526315789
170.155 0.8059720024345709
173.441 0.8059720024345709
173.561 0.8010379343321644
176.698 0.8010379343321644
176.865 0.7985997666277712
182.864 0.7985997666277712
