0.03 1.5982505494505495
0.94 1.5982505494505495
1.031 1.6101423027166881
1.804 1.6101423027166881
1.926 1.609864748201439
2.621 1.609864748201439
2.728 1.6127833981841764
3.499 1.6127833981841764
3.635 1.582926923076923
5.715 1.582926923076923
5.835 1.5772739355156289
9.898 1.5772739355156289
10.026 1.5518680377035132
14.694 1.5518680377035132
14.832 1.5676082779009608
20.244 1.5676082779009608
20.327 1.5552003647139274
24.714 1.5552003647139274
24.827 1.5645418360796064
29.5 1.5645418360796064
29.628 1.5644094881398252
34.434 1.5644094881398252
34.531 1.5659108171538298
39.218 1.5659108171538298
39.331 1.5957042342532124
44.078 1.5957042342532124
44.13 1.5329827966475518
46.397 1.5329827966475518
46.534 1.4938903047091412
48.339 1.4938903047091412
48.429 1.5258916666666666
50.349 1.5258916666666666
50.429 1.5281355214399153
52.318 1.5281355214399153
52.43 1.5637861635220127
54.338 1.5637861635220127
54.43 1.5671685838952796
59.472 1.5671685838952796
59.53 1.5690106157112527
64.24 1.5690106157112527
64.331 1.5745766004415012
68.861 1.5745766004415012
68.928 1.5838026943005181
73.753 1.5838026943005181
73.827 1.5676534412955465
78.767 1.5676534412955465
78.832 1.5879654859218892
83.236 1.5879654859218892
83.327 1.572293280805428
87.896 1.572293280805428
88.03 1.5505947796320068
92.704 1.5505947796320068
93.018 1.514470195181994
98.705 1.514470195181994
98.83 1.602106708927628
102.616 1.602106708927628
102.726 1.5712465172622654
107.679 1.5712465172622654
107.729 1.58282400648824
112.661 1.58282400648824
112.726 1.592032809295967
117.115 1.592032809295967
117.227 1.582300395256917
119.251 1.582300395256917
119.326 1.6547382550335572
121.114 1.6547382550335572
121.229 1.65548671679198
123.224 1.65548671679198
123.325 1.5895522850503485
128.489 1.5895522850503485
128.815 1.581804775869292
133.589 1.581804775869292
133.729 1.5592770053475935
137.469 1.5592770053475935
137.53 1.5047486973947897
142.52 1.5047486973947897
142.63 1.5653143841515935
147.274 1.5653143841515935
147.333 1.5819413514662133
152.039 1.5819413514662133
152.13 1.552
156.555 1.552
156.631 1.5503951597655512
161.92 1.5503951597655512
162.031 1.6134444444444442
162.751 1.6134444444444442
162.834 1.5954814814814815
163.698 1.5954814814814815
163.826 1.5570224390243903
165.876 1.5570224390243903
165.929 1.5488849557522124
167.963 1.5488849557522124
168.031 1.5637270588235295
172.281 1.5637270588235295
172.332 1.554755453501722
176.687 1.554755453501722
176.73 1.5671573438011122
179.787 1.5671573438011122
