0.027 1.3682107243650048
1.09 1.3682107243650048
1.232 1.3768141592920353
2.136 1.3768141592920353
2.233 1.3745159705159706
3.047 1.3745159705159706
3.136 1.2522215508559917
4.129 1.2522215508559917
4.238 1.233524528301887
5.298 1.233524528301887
5.447 1.2595251572327044
10.535 1.2595251572327044
10.632 1.2715674916622783
16.329 1.2715674916622783
16.432 1.4968059280169372
22.1 1.4968059280169372
22.231 1.502127697049758
26.773 1.502127697049758
26.828 1.4978701085843065
31.709 1.4978701085843065
31.829 1.4570837209302325
36.989 1.4570837209302325
37.127 1.4504790513833992
42.187 1.4504790513833992
42.33 1.4747339449541284
43.202 1.4747339449541284
43.331 1.4999040667361836
44.29 1.4999040667361836
44.436 1.493063122923588
46.242 1.493063122923588
46.34 1.4692637913741222
48.334 1.4692637913741222
48.432 1.4426026986506748
50.433 1.4426026986506748
50.535 1.044012376602328
57.322 1.044012376602328
57.492 0.5521006148686417
71.804 0.5521006148686417
71.944 1.1989872340425531
72.884 1.1989872340425531
73.118 1.1990190114068442
74.17 1.1990190114068442
74.24 1.3722782608695652
75.16 1.3722782608695652
75.229 1.383350210970464
76.177 1.383350210970464
76.229 1.030112359550562
78.899 1.030112359550562
79.05 0.9351165962974992
82.129 0.9351165962974992
82.251 1.0011865524060646
85.285 1.0011865524060646
85.342 1.0659396039603959
93.422 1.0659396039603959
93.578 0.6992824533087388
102.252 0.6992824533087388
102.37 0.7375990396158463
104.036 0.7375990396158463
104.336 0.8479601706970128
105.742 0.8479601706970128
105.841 1.0989249563699826
106.987 1.0989249563699826
107.22 1.093775956284153
110.148 1.093775956284153
110.244 1.233750827670326
115.983 1.233750827670326
116.032 1.4002759087066778
121.947 1.4002759087066778
122.221 1.3703585976627712
128.211 1.3703585976627712
128.326 1.5277232449929192
133.269 1.5277232449929192
133.342 1.5461553090332805
135.866 1.5461553090332805
135.934 1.5258475919528551
140.855 1.5258475919528551
140.93 1.378331437239287
146.204 1.378331437239287
146.337 1.3778671108643346
151.74 1.3778671108643346
152.017 1.4836972624798712
153.88 1.4836972624798712
153.928 1.514451461988304
154.783 1.514451461988304
154.831 1.5265177398160314
155.592 1.5265177398160314
155.734 1.4971169940222033
158.076 1.4971169940222033
158.137 1.441554302893649
163.459 1.441554302893649
163.533 1.3625584460631288
169.299 1.3625584460631288
169.436 1.3739590655364895
174.273 1.3739590655364895
174.335 1.4287740029542098
179.074 1.4287740029542098
179.127 1.5199238578680203
182.279 1.5199238578680203
