0.132 0.32934963768115944
4.548 0.32934963768115944
4.767 0.33766684753119913
8.453 0.33766684753119913
8.566 0.740473858371939
10.077 0.740473858371939
10.16 0.7195925925925926
11.888 0.7195925925925926
12.075 0.7075411255411256
13.923 0.7075411255411256
14.06 0.7025813630041724
15.498 0.7025813630041724
15.672 0.6983826879271071
17.428 0.6983826879271071
17.569 0.7713765945646145
19.372 0.7713765945646145
19.476 0.6981354950781703
21.203 0.6981354950781703
21.405 0.5491693472090823
26.69 0.5491693472090823
26.912 0.602635956493922
31.601 0.602635956493922
31.779 0.39629719222462206
50.299 0.39629719222462206
50.495 0.5790040522287258
52.716 0.5790040522287258
52.889 0.4705292770690219
55.946 0.4705292770690219
56.136 0.4503247588424437
58.624 0.4503247588424437
58.784 0.5286688963210702
60.877 0.5286688963210702
60.991 0.6582981651376146
62.735 0.6582981651376146
63.029 0.6913123262279889
67.345 0.6913123262279889
67.481 0.648564705882353
69.521 0.648564705882353
69.673 0.641743824336688
74.045 0.641743824336688
74.333 0.6573048462741011
76.252 0.6573048462741011
76.375 0.5842184173993521
78.536 0.5842184173993521
78.686 0.5640498924731182
81.011 0.5640498924731182
81.181 0.6814554455445544
82.797 0.6814554455445544
82.97 0.7105686080947681
87.022 0.7105686080947681
87.15 0.8642356308132602
95.536 0.8642356308132602
95.687 0.6228065659122135
109.516 0.6228065659122135
109.707 0.503533408833522
111.473 0.503533408833522
111.529 1.5170864197530864
112.339 1.5170864197530864
112.61 1.5187668789808917
113.395 1.5187668789808917
113.529 1.510033573141487
114.363 1.510033573141487
114.427 1.629809669211196
116.392 1.629809669211196
116.524 1.2529633693151654
122.175 1.2529633693151654
122.25 0.7777501813433919
129.143 0.7777501813433919
129.228 0.8400826936853956
138.999 0.8400826936853956
139.174 0.7390595031773541
140.905 0.7390595031773541
141.048 1.1260748663101603
141.983 1.1260748663101603
142.038 1.1260930760499432
142.919 1.1260930760499432
143.039 0.9775891472868217
146.135 0.9775891472868217
146.423 0.6113928012519562
151.535 0.6113928012519562
151.644 1.0108830059777967
152.815 1.0108830059777967
152.949 0.8869780853517878
156.417 0.8869780853517878
156.727 0.33538505203405866
177.867 0.33538505203405866
178.007 0.49909341057204926
180.769 0.49909341057204926
180.889 0.5700511945392492
183.233 0.5700511945392492
183.368 0.7259138321995465
185.132 0.7259138321995465
185.266 0.5578377281947262
187.238 0.5578377281947262
187.396 0.5274877505567929
189.192 0.5274877505567929
189.576 0.46931744212697685
193.939 0.46931744212697685
