0.016 2.775587786259542
0.54 2.775587786259542
0.613 2.8032432432432435
1.057 2.8032432432432435
1.114 2.7971399999999997
1.514 2.7971399999999997
1.623 2.7433542600896863
2.738 2.7433542600896863
2.816 2.735983237297014
4.725 2.735983237297014
4.82 3.293146968139774
6.766 3.293146968139774
6.814 2.7544182509505704
9.444 2.7544182509505704
9.519 1.6175206863679696
14.764 1.6175206863679696
14.832 1.4612687941743414
19.501 1.4612687941743414
19.645 1.3551629286376274
25.04 1.3551629286376274
25.121 1.9937820206841685
28.892 1.9937820206841685
29.02 1.903377593360996
32.876 1.903377593360996
32.942 1.4289394453876627
38.243 1.4289394453876627
38.507 2.8357154582763338
41.431 2.8357154582763338
41.513 2.403308226691042
44.248 2.403308226691042
44.32 2.7879803699509247
46.969 2.7879803699509247
47.015 2.7738852223816357
49.803 2.7738852223816357
49.912 2.0646013986013987
53.344 2.0646013986013987
53.426 1.8768798099762471
57.636 1.8768798099762471
57.724 1.8765972574911123
61.662 1.8765972574911123
61.725 1.835520329387545
65.611 1.835520329387545
65.72 1.1975941075066603
72.101 1.1975941075066603
72.433 0.9108689720065867
80.935 0.9108689720065867
81.096 0.9652726017943409
88.341 0.9652726017943409
88.439 1.100311152764761
89.506 1.100311152764761
89.642 1.2709623430962342
92.032 1.2709623430962342
92.135 1.2662631970260223
94.825 1.2662631970260223
94.938 1.2797972350230413
96.674 1.2797972350230413
96.723 1.6674482040603853
98.644 1.6674482040603853
98.723 1.667914627798022
100.644 1.667914627798022
100.723 1.877061291649527
103.154 1.877061291649527
103.411 1.7978865081233812
107.658 1.7978865081233812
107.713 2.74225251742835
110.295 2.74225251742835
110.415 2.177348054679285
114.219 2.177348054679285
114.337 2.1658174142480213
118.127 2.1658174142480213
118.207 7.528949152542372
119.21 7.528949152542372
119.31 7.524769032258065
120.085 7.524769032258065
120.107 2.5741288582559188
126.781 2.5741288582559188
126.82 1.8275302430146665
136.161 1.8275302430146665
136.23 1.6681849980567431
146.522 1.6681849980567431
146.814 1.7461479786422578
150.747 1.7461479786422578
150.823 1.6844782251437962
155.691 1.6844782251437962
155.823 1.9456750823271132
159.467 1.9456750823271132
159.518 1.8990436266146722
163.621 1.8990436266146722
163.728 1.7665097858623071
168.071 1.7665097858623071
168.123 2.790945648312611
170.938 2.790945648312611
171.016 3.0374040219378426
173.204 3.0374040219378426
173.314 3.0335842293906814
175.546 3.0335842293906814
175.616 1.8583397982932506
178.194 1.8583397982932506
