0.012 3.0944851063829786
0.482 3.0944851063829786
0.513 3.0961194029850745
0.915 3.0961194029850745
1.018 3.057185185185185
1.936 3.057185185185185
2.014 3.04494616639478
4.466 3.04494616639478
4.515 3.1680540325784663
7.032 3.1680540325784663
7.115 3.2480810947795233
9.088 3.2480810947795233
9.214 3.1483061224489797
12.742 3.1483061224489797
12.814 3.224589889775751
15.445 3.224589889775751
15.513 3.276975984630163
17.595 3.276975984630163
17.711 3.3307990888382686
19.906 3.3307990888382686
20.011 3.335648624667258
22.265 3.335648624667258
22.501 3.312014440433213
24.717 3.312014440433213
24.808 3.2933947826086953
27.108 3.2933947826086953
27.219 3.2821868012982334
32.765 3.2821868012982334
32.815 3.2835022513303316
37.701 3.2835022513303316
37.814 3.3358899651297946
42.976 3.3358899651297946
43.013 3.356085012825211
48.471 3.356085012825211
48.514 3.3929357495881387
53.37 3.3929357495881387
53.411 3.2887463902258425
58.813 3.2887463902258425
58.917 3.201082003710575
64.307 3.201082003710575
64.416 3.1551013147718487
69.588 3.1551013147718487
69.92 2.8348668186258545
76.062 2.8348668186258545
76.116 3.222724927174365
78.519 3.222724927174365
78.613 3.2786685419596813
80.746 3.2786685419596813
80.809 3.338200743494424
82.961 3.338200743494424
83.013 3.330643382352941
85.189 3.330643382352941
85.315 3.3292586006957867
87.902 3.3292586006957867
88.009 3.2645726587728743
89.867 3.2645726587728743
89.914 3.150762753036437
92.384 3.150762753036437
92.413 3.1163624750499004
94.918 3.1163624750499004
95.204 3.15175101488498
97.421 3.15175101488498
97.515 3.2177558052434456
102.855 3.2177558052434456
102.916 3.246636784589739
108.315 3.246636784589739
108.416 3.274402720601396
114.003 3.274402720601396
114.115 3.3056931065353625
119.7 3.3056931065353625
119.818 3.1880267657992563
125.198 3.1880267657992563
125.323 2.0282947702060223
132.895 2.0282947702060223
133.02 2.034876964769648
136.71 2.034876964769648
136.819 2.207506832675372
140.112 2.207506832675372
140.407 2.340338258409305
143.588 2.340338258409305
143.723 2.5369782046545994
146.43 2.5369782046545994
146.519 2.854173337974243
149.392 2.854173337974243
149.516 2.8554329440193316
151.999 2.8554329440193316
152.135 2.7445494892567806
154.974 2.7445494892567806
155.013 3.056554581673307
157.523 3.056554581673307
157.616 2.867340145985401
160.356 2.867340145985401
160.417 2.867057808455565
162.735 2.867057808455565
162.813 2.86540837917901
165.176 2.86540837917901
165.211 2.916903357070193
169.143 2.916903357070193
