0.014 3.0363423799582465
0.493 3.0363423799582465
0.614 3.0431295843520783
1.023 3.0431295843520783
1.12 2.9888136315228966
2.059 2.9888136315228966
2.111 2.9842341463414632
3.136 2.9842341463414632
3.22 2.975370149253731
5.9 2.975370149253731
6.018 2.982067938576082
8.167 2.982067938576082
8.218 2.97744348540896
10.651 2.97744348540896
10.718 2.8652131036811888
13.679 2.8652131036811888
13.719 2.776827024827025
16.176 2.776827024827025
16.215 2.623288123430212
19.002 2.623288123430212
19.119 2.6115151094129905
21.998 2.6115151094129905
22.116 2.599866808359901
24.939 2.599866808359901
25.21 2.5994536719286208
28.124 2.5994536719286208
28.22 2.5750409937888197
31.44 2.5750409937888197
31.516 2.576655429243434
34.067 2.576655429243434
34.116 2.5768876482903003
36.982 2.5768876482903003
37.021 2.519085342019544
40.091 2.519085342019544
40.222 2.503785159010601
43.052 2.503785159010601
43.118 2.5261074168797952
46.246 2.5261074168797952
46.321 2.632718204488778
49.128 2.632718204488778
49.217 2.634958256372368
51.924 2.634958256372368
52.026 2.6042105892910556
58.712 2.6042105892910556
58.823 2.5682150289017343
65.743 2.5682150289017343
65.82 2.510763089206203
72.333 2.510763089206203
72.42 2.68112183908046
78.945 2.68112183908046
79.019 2.581126130268199
85.544 2.581126130268199
85.621 2.389316045380875
93.642 2.389316045380875
93.72 2.241528455284553
96.426 2.241528455284553
96.52 2.248594047963017
99.981 2.248594047963017
100.02 2.3471100420926034
103.346 2.3471100420926034
103.421 2.347138730265368
106.398 2.347138730265368
106.518 2.3487000922792984
109.769 2.3487000922792984
109.816 2.6370562383612666
112.501 2.6370562383612666
112.618 2.6319135684779154
115.765 2.6319135684779154
115.822 2.6275441741357235
118.946 2.6275441741357235
119.206 2.6111811894882435
122.098 2.6111811894882435
122.216 2.6115969547693685
124.449 2.6115969547693685
124.522 2.516319034852547
127.506 2.516319034852547
127.621 2.2498669142680283
130.852 2.2498669142680283
130.923 2.250488512696493
134.231 2.250488512696493
134.32 2.250934119960669
137.371 2.250934119960669
137.422 2.2490510148107514
141.068 2.2490510148107514
141.119 2.1721936274509805
144.383 2.1721936274509805
144.426 1.8770840761262346
148.577 1.8770840761262346
148.816 2.3504754901960783
152.08 2.3504754901960783
152.12 2.570007196597972
155.177 2.570007196597972
155.222 2.6337283867718653
161.179 2.6337283867718653
161.224 2.634891639920526
167.767 2.634891639920526
167.83 2.3049163987138264
172.806 2.3049163987138264
