0.028 1.5860501635768813
0.945 1.5860501635768813
1.028 1.5956923076923075
1.808 1.5956923076923075
1.93 1.5915448079658607
2.633 1.5915448079658607
2.731 1.5941743589743589
3.511 1.5941743589743589
3.625 1.5848921212121214
4.45 1.5848921212121214
4.533 1.9736569140745304
7.78 1.9736569140745304
7.815 2.133761413843888
11.21 2.133761413843888
11.315 2.1860077299665037
15.196 2.1860077299665037
15.315 2.1673011435832272
18.463 2.1673011435832272
18.516 2.6595503819570756
21.265 2.6595503819570756
21.317 2.659551467987266
24.144 2.659551467987266
24.214 3.0954972585407
26.585 3.0954972585407
26.617 3.1287930607187113
29.038 3.1287930607187113
29.304 3.070974814814815
32.004 3.070974814814815
32.118 3.0000219078046553
34.309 3.0000219078046553
34.41 2.9985221274868046
36.873 2.9985221274868046
36.915 3.0957431130640525
42.832 3.0957431130640525
42.911 3.1715295476419634
48.106 3.1715295476419634
48.21 3.197014216303761
53.767 3.197014216303761
53.812 3.08655313059034
59.402 3.08655313059034
59.511 3.1747439688715953
64.651 3.1747439688715953
64.713 3.075737855502561
70.374 3.075737855502561
70.414 2.998489623755694
76.341 2.998489623755694
76.413 3.1453356414695137
81.612 3.1453356414695137
81.906 3.1267774798927612
87.501 3.1267774798927612
87.616 3.103344020637553
93.043 3.103344020637553
93.116 3.172299079189687
95.831 3.172299079189687
95.914 3.2401581196581195
97.786 3.2401581196581195
97.814 3.2372645590682194
100.218 3.2372645590682194
100.312 3.166932251521298
102.777 3.166932251521298
102.812 3.115217119928667
105.055 3.115217119928667
105.111 3.1153096695226434
107.562 3.1153096695226434
107.609 3.0851834422657953
109.904 3.0851834422657953
110.01 2.9933617636429344
112.777 2.9933617636429344
113.003 2.991416909620991
115.747 2.991416909620991
115.813 3.054828478964401
118.285 3.054828478964401
118.31 3.164240911557244
120.153 3.164240911557244
120.216 3.1522451376146785
125.666 3.1522451376146785
125.716 3.07031654676259
131.276 3.07031654676259
131.312 2.9169147128780155
137.198 2.9169147128780155
137.313 2.918326643598616
143.093 2.918326643598616
143.216 3.0320208188757807
148.98 3.0320208188757807
149.018 3.0520359582883856
154.58 3.0520359582883856
154.717 3.0320778821520067
160.572 3.0320778821520067
160.616 2.990255057167986
166.301 2.990255057167986
166.606 2.9843985386914644
172.628 2.9843985386914644
172.716 3.0882156133829
174.868 3.0882156133829
174.915 3.1245777572681126
177.082 3.1245777572681126
177.113 3.129196603527107
178.644 3.129196603527107
