0.014 3.16175652173913
0.474 3.16175652173913
0.517 3.167022900763359
0.91 3.167022900763359
1.023 3.1148679245283017
1.924 3.1148679245283017
2.021 3.1180835881753315
3.002 3.1180835881753315
3.117 2.606878859857482
4.38 2.606878859857482
4.426 2.535030450669915
6.068 2.535030450669915
6.121 2.5588555280819496
8.952 2.5588555280819496
9.018 2.5063208271787296
12.403 2.5063208271787296
12.522 2.5707098718914843
15.176 2.5707098718914843
15.217 2.532422583997229
18.104 2.532422583997229
18.224 2.507019673224408
21.223 2.507019673224408
21.316 2.4326894265826984
24.333 2.4326894265826984
24.427 2.117642717360917
28.004 2.117642717360917
28.122 2.1152122448979593
32.042 2.1152122448979593
32.312 2.0866819047619045
35.462 2.0866819047619045
35.525 1.9955039178600378
39.226 1.9955039178600378
39.324 1.9973119834710744
43.196 1.9973119834710744
43.326 1.7875156407669022
47.29 1.7875156407669022
47.425 1.7673146946991725
51.896 1.7673146946991725
52.028 2.0070722433460078
55.71 2.0070722433460078
55.821 2.2593702882483373
58.978 2.2593702882483373
59.024 2.4516676291305743
62.141 2.4516676291305743
62.222 2.3968455586505724
65.453 2.3968455586505724
65.708 2.409025146400275
68.611 2.409025146400275
68.721 2.312136466044416
71.828 2.312136466044416
71.92 2.3095857233906947
75.058 2.3095857233906947
75.124 2.401782487451199
78.71 2.401782487451199
78.827 2.4078730158730157
85.379 2.4078730158730157
85.424 2.4174563986409967
92.488 2.4174563986409967
92.626 2.403264852859522
99.83 2.403264852859522
99.921 2.34701429959739
107.124 2.34701429959739
107.225 2.3779582684521956
110.436 2.3779582684521956
110.711 2.4026114692908043
113.658 2.4026114692908043
113.726 2.401458973615541
117.175 2.401458973615541
117.326 2.402238220661399
120.743 2.402238220661399
120.821 2.4203641025641027
123.941 2.4203641025641027
124.026 2.4441307627829003
126.412 2.4441307627829003
126.525 2.419818240412504
129.628 2.419818240412504
129.718 2.1862616541353384
133.043 2.1862616541353384
133.131 2.095304249929637
136.684 2.095304249929637
136.725 2.450089190153407
139.528 2.450089190153407
139.81 2.4506993424985057
143.156 2.4506993424985057
143.226 2.2565372374283896
146.368 2.2565372374283896
146.431 1.4105314989138305
151.955 1.4105314989138305
152.066 1.8072914016489987
156.311 1.8072914016489987
156.425 2.4729342146679256
159.602 2.4729342146679256
159.727 2.453244739756368
162.436 2.453244739756368
162.526 2.4523578413618257
165.287 2.4523578413618257
165.324 2.4530465949820788
167.277 2.4530465949820788
