0.053 0.7454679651460789
2.004 0.7454679651460789
2.166 0.7493317278747743
3.827 0.7493317278747743
3.973 0.9223874690849134
5.186 0.9223874690849134
5.235 1.2675392456676862
6.216 1.2675392456676862
6.342 0.9099067501739736
7.779 0.9099067501739736
7.86 0.7636523053665911
9.183 0.7636523053665911
9.263 0.21335421016005565
15.011 0.21335421016005565
15.459 0.20863966396639663
22.125 0.20863966396639663
22.238 1.1925618199802177
23.249 1.1925618199802177
23.341 1.129786802030457
24.326 1.129786802030457
24.452 0.9432382386149794
32.423 0.9432382386149794
32.554 1.0070559824368825
39.842 1.0070559824368825
39.956 1.0157108116989813
42.999 1.0157108116989813
43.143 1.0129633802816902
44.563 1.0129633802816902
44.647 0.9932695035460992
45.775 0.9932695035460992
45.858 0.9844341637010676
46.982 0.9844341637010676
47.044 0.988013769363167
48.206 0.988013769363167
48.355 0.6865402669121031
52.701 0.6865402669121031
52.885 0.8516451443569554
56.695 0.8516451443569554
56.831 1.2803257103257104
62.603 1.2803257103257104
62.729 1.1082709757613425
69.165 1.1082709757613425
69.263 0.8349674796747968
75.167 0.8349674796747968
75.258 0.7192000000000001
79.728 0.7192000000000001
79.877 0.7541540992596655
83.524 0.7541540992596655
83.653 1.0141683691440648
86.492 1.0141683691440648
86.645 1.9323155216284988
88.217 1.9323155216284988
88.328 1.8325684210526314
91.368 1.8325684210526314
91.616 2.145587548638132
94.443 2.145587548638132
94.528 1.9534096385542168
98.512 1.9534096385542168
98.619 1.3794818872592332
104.278 1.3794818872592332
104.33 1.712605882352941
108.41 1.712605882352941
108.537 0.8766502870264065
117.247 0.8766502870264065
117.372 0.8204514484356895
126.002 0.8204514484356895
126.15 0.926028328611898
127.562 0.926028328611898
127.657 0.8114389140271493
129.425 0.8114389140271493
129.56 0.8112314521242866
131.137 0.8112314521242866
131.258 0.9098519305703153
134.081 0.9098519305703153
134.149 1.0514431115957834
136.9 1.0514431115957834
137.043 1.1082445990479677
139.774 1.1082445990479677
139.839 0.8401720430107527
143.559 0.8401720430107527
143.688 0.7060924801494629
150.111 0.7060924801494629
150.257 0.8007069622107216
160.498 0.8007069622107216
160.67 0.7780843938379103
162.163 0.7780843938379103
162.275 0.7344144912093767
164.152 0.7344144912093767
164.306 0.5523770152955767
166.725 0.5523770152955767
166.909 0.5545742745777393
169.218 0.5545742745777393
169.394 0.5756441653584511
171.305 0.5756441653584511
171.477 0.7058584269662921
175.037 0.7058584269662921
175.171 0.7055933838731909
178.073 0.7055933838731909
