0.015 2.469283531409168
0.604 2.469283531409168
0.716 2.5093548387096773
1.212 2.5093548387096773
1.319 2.453230769230769
2.463 2.453230769230769
2.515 1.759976985040276
4.253 1.759976985040276
4.322 1.8857319587628865
6.068 1.8857319587628865
6.142 1.48241128845709
10.465 1.48241128845709
10.532 1.7703128054740958
14.624 1.7703128054740958
14.729 1.6224700707592274
19.958 1.6224700707592274
20.024 1.7498497050525774
23.923 1.7498497050525774
24.027 1.7457268385864375
28.215 1.7457268385864375
28.321 1.7509436422915696
32.615 1.7509436422915696
32.731 1.6938435264251095
37.064 1.6938435264251095
37.125 1.8091253881060425
41.312 1.8091253881060425
41.602 4.084547783251232
43.632 4.084547783251232
43.709 4.090260112009957
45.316 4.090260112009957
45.411 4.752483912483913
46.965 4.752483912483913
47.008 4.833495
48.608 4.833495
48.708 4.843275461380725
50.171 4.843275461380725
50.21 3.697358584807492
55.015 3.697358584807492
55.114 3.8410133570792517
59.606 3.8410133570792517
59.71 2.186251875669882
67.174 2.186251875669882
67.223 2.4386207282913164
74.363 2.4386207282913164
74.41 4.31046519524618
78.533 4.31046519524618
78.61 4.250740837015856
82.457 4.250740837015856
82.511 4.317453109575518
86.563 4.317453109575518
86.61 3.8931687471104945
90.936 3.8931687471104945
91.202 4.379502742230347
95.578 4.379502742230347
95.609 3.815328657799274
99.744 3.815328657799274
99.811 2.9453107968264916
105.609 2.9453107968264916
105.72 2.8149072956664836
107.543 2.8149072956664836
107.621 2.779408114558472
110.135 2.779408114558472
110.213 2.683874868189807
113.058 2.683874868189807
113.118 2.827862571577304
116.96 2.827862571577304
117.013 2.9804361281036345
119.792 2.9804361281036345
119.914 3.022256259204713
122.63 3.022256259204713
122.71 3.1889932432432433
125.078 3.1889932432432433
125.11 3.1884614543466374
126.939 3.1884614543466374
127.017 2.987561534628799
131.031 2.987561534628799
131.114 2.81838533927687
137.171 2.81838533927687
137.218 2.9616974297050196
143.015 2.9616974297050196
143.116 2.86528418549346
149.003 2.86528418549346
149.115 2.5867634069400633
152.285 2.5867634069400633
152.315 2.6694427710843374
154.971 2.6694427710843374
155.017 2.671160781624957
157.934 2.671160781624957
158.013 2.086470492249116
161.69 2.086470492249116
161.821 2.867340145985401
164.561 2.867340145985401
164.617 3.230841030627127
166.674 3.230841030627127
166.71 3.4265991902834005
168.686 3.4265991902834005
168.712 3.588630788485607
171.908 3.588630788485607
