0.051 0.9543359580052494
1.575 0.9543359580052494
1.651 0.9611119691119691
2.946 0.9611119691119691
3.052 0.9595677530017153
4.218 0.9595677530017153
4.346 0.9601976833976834
5.641 0.9601976833976834
5.743 0.9579018315018315
7.108 0.9579018315018315
7.246 1.0782411953041622
8.183 1.0782411953041622
8.342 1.152593984962406
9.406 1.152593984962406
9.533 1.3963775100401605
10.529 1.3963775100401605
10.633 3.2613116634799235
12.725 3.2613116634799235
12.806 5.480587706146927
14.14 5.480587706146927
14.21 5.044437481868291
17.657 5.044437481868291
17.706 5.249568039950063
20.91 5.249568039950063
21.007 4.8586322155030235
24.645 4.8586322155030235
24.705 4.547341493879591
28.708 4.547341493879591
28.81 4.769082045184304
32.174 4.769082045184304
32.207 4.827548079618728
35.774 4.827548079618728
35.809 4.596615307402761
39.794 4.596615307402761
39.907 4.731790924755887
43.389 4.731790924755887
43.697 4.728721852541922
47.454 4.728721852541922
47.507 4.613324064171123
51.247 4.613324064171123
51.308 4.827865088757397
54.688 4.827865088757397
54.808 4.754711086837793
58.47 4.754711086837793
58.508 4.704088935944945
62.286 4.704088935944945
62.414 4.611562323745065
65.96 4.611562323745065
66.01 4.743579175704989
69.698 4.743579175704989
69.809 4.703113096900307
73.39 4.703113096900307
73.507 4.861670218163369
77.449 4.861670218163369
77.697 4.6116293481438175
81.118 4.6116293481438175
81.214 4.722597345132743
84.83 4.722597345132743
84.907 4.705930959499864
88.586 4.705930959499864
88.709 4.7103772638618
92.298 4.7103772638618
92.409 4.702467432950192
96.063 4.702467432950192
96.109 4.698094880729027
99.84 4.698094880729027
99.91 4.393392891450529
104.074 4.393392891450529
104.21 4.567614052449282
108.252 4.567614052449282
108.307 4.366492871690427
112.235 4.366492871690427
112.498 4.727069252077562
115.747 4.727069252077562
115.809 4.530521097046413
119.601 4.530521097046413
119.711 4.467668149699032
123.532 4.467668149699032
123.612 4.715451798956331
127.253 4.715451798956331
127.308 4.796112595962468
130.825 4.796112595962468
130.906 4.818463744141163
134.533 4.818463744141163
134.612 4.747042505592841
138.188 4.747042505592841
138.308 4.556677618069815
142.204 4.556677618069815
142.306 4.410897768552154
146.16 4.410897768552154
146.4 4.605855458739108
150.302 4.605855458739108
150.411 4.606318261890781
153.817 4.606318261890781
153.908 4.700135223555071
157.576 4.700135223555071
157.712 4.790837092731829
160.106 4.790837092731829
