0.005 8.55534117647059
0.175 8.55534117647059
0.206 8.486489361702128
0.582 8.486489361702128
0.608 8.419865707434054
1.442 8.419865707434054
1.502 8.436393220338983
2.387 8.436393220338983
2.504 8.426626415094338
4.624 8.426626415094338
4.704 8.418970189701897
6.549 8.418970189701897
6.601 7.813617021276595
8.81 7.813617021276595
8.905 5.796069598228408
12.066 5.796069598228408
12.109 4.715730427301406
15.596 4.715730427301406
15.708 4.04513006993007
19.998 4.04513006993007
20.111 4.355755511022044
24.103 4.355755511022044
24.207 4.371002079002079
28.055 4.371002079002079
28.3 4.541547790339157
32.192 4.541547790339157
32.31 5.127607887323944
35.86 5.127607887323944
35.909 4.444097506925208
39.519 4.444097506925208
39.609 4.387226496815287
43.534 4.387226496815287
43.611 4.107065470852018
48.071 4.107065470852018
48.111 4.20523124042879
52.029 4.20523124042879
52.109 4.217903133903134
56.321 4.217903133903134
56.413 4.2434412198721105
60.479 4.2434412198721105
60.51 4.3192652196929595
64.288 4.3192652196929595
64.601 4.239530557584612
68.708 4.239530557584612
68.81 4.208394032678191
73.033 4.208394032678191
73.11 4.375862991704576
76.847 4.375862991704576
76.909 4.565323590814196
80.741 4.565323590814196
80.81 4.0494945900456845
84.969 4.0494945900456845
85.012 4.787585311016738
89.015 4.787585311016738
89.109 4.427837215829357
92.672 4.427837215829357
92.71 4.160027283800244
96.815 4.160027283800244
96.909 4.03663324784332
101.198 4.03663324784332
101.502 4.236978446115288
105.492 4.236978446115288
105.604 5.246661374045802
108.879 5.246661374045802
108.91 4.294118569328761
112.992 4.294118569328761
113.11 4.469603713657464
117.203 4.469603713657464
117.311 4.201705962676376
121.705 4.201705962676376
121.809 4.474715366553613
125.642 4.474715366553613
125.711 4.682392682926829
128.991 4.682392682926829
129.112 4.366989323843416
133.046 4.366989323843416
133.11 4.302157258064516
137.078 4.302157258064516
137.303 4.29224
141.303 4.29224
141.406 4.24350389937107
145.381 4.24350389937107
145.412 4.215284129281234
149.558 4.215284129281234
149.613 4.218544731610338
153.637 4.218544731610338
153.71 4.166349683172965
157.971 4.166349683172965
158.013 4.275553319919517
161.989 4.275553319919517
162.11 4.361089056054356
166.231 4.361089056054356
166.313 4.44829033172668
169.84 4.44829033172668
169.91 4.393500509683996
173.834 4.393500509683996
174.101 4.5549102462271644
176.619 4.5549102462271644
