0.022 1.5455982996811901
0.963 1.5455982996811901
1.031 1.5616562107904641
1.828 1.5616562107904641
1.93 1.5582952646239556
2.648 1.5582952646239556
2.726 1.5640955974842767
3.521 1.5640955974842767
3.623 1.5510510083036773
4.466 1.5510510083036773
4.537 1.3116376737004631
6.48 1.3116376737004631
6.554 1.637089265536723
10.979 1.637089265536723
11.032 0.667392699811202
23.744 0.667392699811202
23.866 0.7854592833876222
25.401 0.7854592833876222
25.557 0.7463715627095909
27.048 0.7463715627095909
27.173 0.6762336114421932
28.851 0.6762336114421932
29.138 0.5954165872259295
31.236 0.5954165872259295
31.427 0.5966810810810811
36.607 0.5966810810810811
36.93 0.9935025728987993
40.428 0.9935025728987993
40.547 0.9968473197781885
43.252 0.9968473197781885
43.348 0.9911069012178619
46.304 0.9911069012178619
46.455 0.7798318039729757
56.372 0.7798318039729757
56.453 1.1046664198445022
59.154 1.1046664198445022
59.241 1.1565314685314685
60.385 1.1565314685314685
60.44 1.2021011139674378
62.774 1.2021011139674378
62.833 0.810180826896865
71.637 0.810180826896865
71.709 4.093116229244777
73.576 4.093116229244777
73.609 3.92509275215408
75.582 3.92509275215408
75.611 2.9695966029723992
77.966 2.9695966029723992
78.204 3.7357295891835673
80.127 3.7357295891835673
80.209 4.115547984099943
81.97 4.115547984099943
82.008 3.918467697907188
84.206 3.918467697907188
84.316 3.0921960015680123
89.418 3.0921960015680123
89.511 4.095182733812949
93.681 4.095182733812949
93.713 3.578569656883009
98.551 3.578569656883009
98.606 5.564695194206715
101.644 5.564695194206715
101.703 6.709416634127294
104.264 6.709416634127294
104.304 7.558685640362225
106.623 7.558685640362225
106.701 5.5706723507917175
109.985 5.5706723507917175
110.106 5.187495363866255
113.665 5.187495363866255
113.899 5.393579874213836
117.079 5.393579874213836
117.106 5.492935622317597
119.902 5.492935622317597
120.006 5.975560347826088
122.881 5.975560347826088
122.905 5.872363261093911
125.812 5.872363261093911
125.905 5.713464226289518
128.91 5.713464226289518
129.005 5.906137254901961
131.861 5.906137254901961
131.907 5.783113170086036
134.929 5.783113170086036
135.005 5.576683311432326
138.049 5.576683311432326
138.105 5.546021868166198
141.306 5.546021868166198
141.599 6.627524366471735
144.164 6.627524366471735
144.204 7.100769656262347
146.735 7.100769656262347
146.804 6.145366235801019
149.357 6.145366235801019
149.404 6.893281087564974
151.905 6.893281087564974
152.006 6.447028667790893
153.785 6.447028667790893
