0.015 3.320566210045662
0.453 3.320566210045662
0.519 3.279465570400822
1.492 3.279465570400822
1.613 3.3398686567164177
1.948 3.3398686567164177
2.014 3.271486631016043
2.949 3.271486631016043
3.014 3.279370517928287
4.018 3.279370517928287
4.116 3.1709371598218703
6.137 3.1709371598218703
6.215 3.2912857791912766
8.416 3.2912857791912766
8.512 3.9331923968474736
10.669 3.9331923968474736
10.712 3.8828221959858324
14.947 3.8828221959858324
15.009 4.297575037147102
19.047 4.297575037147102
19.112 4.37879022916142
23.083 4.37879022916142
23.213 4.466175252257037
26.979 4.466175252257037
27.112 5.111539618276461
30.57 5.111539618276461
30.61 5.162509359047079
34.136 5.162509359047079
34.207 4.947021893308665
37.45 4.947021893308665
37.509 4.907342262752921
41.018 4.907342262752921
41.299 3.342001824484583
46.78 3.342001824484583
46.91 5.287578947368421
50.026 5.287578947368421
50.108 4.914469709543568
53.723 4.914469709543568
53.811 4.055907851433944
58.065 4.055907851433944
58.112 4.268423750980905
61.935 4.268423750980905
62.01 4.404693144447256
65.963 4.404693144447256
66.012 4.116758860319666
70.329 4.116758860319666
70.412 4.071862549800797
74.428 4.071862549800797
74.515 4.138708303761533
78.742 4.138708303761533
79.0 4.209409647588103
83.001 4.209409647588103
83.113 3.7972466811967505
88.16 3.7972466811967505
88.218 3.10987265917603
93.291 3.10987265917603
93.415 3.538523000414422
98.241 3.538523000414422
98.313 3.5623703703703704
103.173 3.5623703703703704
103.213 3.7195916391639163
107.758 3.7195916391639163
107.813 3.391791551519937
112.879 3.391791551519937
113.019 2.9775084083573975
118.906 2.9775084083573975
119.017 3.271181674565561
121.549 3.271181674565561
121.612 3.7931829944547135
123.776 3.7931829944547135
123.812 3.80238469284995
125.798 3.80238469284995
125.916 3.536322357817177
130.259 3.536322357817177
130.314 3.365935736677116
135.418 3.365935736677116
135.512 3.6106091370558375
140.24 3.6106091370558375
140.313 4.118244183257376
144.482 4.118244183257376
144.615 4.211717353308364
148.62 4.211717353308364
148.713 4.510082064516129
152.588 4.510082064516129
152.714 4.182169007144617
156.773 4.182169007144617
156.815 4.0411600273161845
161.208 4.0411600273161845
161.503 3.5137660190161224
166.341 3.5137660190161224
166.417 4.179546046511628
170.717 4.179546046511628
170.813 4.462207053469852
174.329 4.462207053469852
174.413 4.644422413793103
178.125 4.644422413793103
178.213 4.747211920529801
180.629 4.747211920529801
