0.025 1.4993896907216495
0.995 1.4993896907216495
1.132 1.5123207776427703
1.955 1.5123207776427703
2.028 1.5119675675675677
2.768 1.5119675675675677
2.833 1.5108821385176183
3.656 1.5108821385176183
3.729 1.5029149425287356
4.599 1.5029149425287356
4.729 1.512443113772455
5.397 1.512443113772455
5.535 1.1527880330999365
11.819 1.1527880330999365
11.941 1.2217592165898619
18.885 1.2217592165898619
19.026 1.0414690886887497
25.577 1.0414690886887497
25.633 1.1803525992896353
31.827 1.1803525992896353
31.974 0.8343748751525912
40.985 0.8343748751525912
41.222 1.2210987292277613
42.245 1.2210987292277613
42.336 1.1940278551532033
43.413 1.1940278551532033
43.534 1.1946910299003324
44.738 1.1946910299003324
44.85 0.5852988929889299
49.457 0.5852988929889299
49.595 0.5769421031902324
54.673 0.5769421031902324
54.723 1.649528735632184
55.419 1.649528735632184
55.53 1.6551208791208791
56.258 1.6551208791208791
56.333 0.9474952751528627
61.73 0.9474952751528627
61.858 0.9694398530762167
69.481 0.9694398530762167
69.525 0.8533116401483432
77.884 0.8533116401483432
77.979 0.6253075780089153
79.998 0.6253075780089153
80.173 0.6253772055317119
82.27 0.6253772055317119
82.387 1.474206157965194
83.134 1.474206157965194
83.235 1.454810408921933
84.042 1.454810408921933
84.135 1.2428805237315876
86.579 1.2428805237315876
86.647 1.0762236966824643
89.812 1.0762236966824643
89.938 1.2832663812973328
92.975 1.2832663812973328
93.037 0.7880895189873418
102.912 0.7880895189873418
103.033 0.8951367962389634
111.754 0.8951367962389634
111.88 0.563727842435094
114.114 0.563727842435094
114.285 0.5587157427937917
116.54 0.5587157427937917
116.69 0.5634106705824767
118.733 0.5634106705824767
118.881 1.1090347752332483
120.06 1.1090347752332483
120.131 1.5121131008482565
122.253 1.5121131008482565
122.332 1.2505513698630137
124.668 1.2505513698630137
124.917 1.2051448646414549
129.756 1.2051448646414549
129.839 1.231943560295324
135.934 1.231943560295324
136.045 1.2925533428165006
141.669 1.2925533428165006
141.733 1.1131303827751196
148.421 1.1131303827751196
148.53 1.4153241167434716
150.483 1.4153241167434716
150.533 0.8028235754846289
160.747 0.8028235754846289
160.844 0.9895059625212947
162.018 0.9895059625212947
162.154 1.021108148148148
163.504 1.021108148148148
163.621 1.6694016736401676
165.533 1.6694016736401676
165.827 0.7858083616723345
175.825 0.7858083616723345
176.0 0.5002201068028791
184.614 0.5002201068028791
184.726 1.8648976377952755
185.234 1.8648976377952755
185.326 1.8518762886597937
185.811 1.8518762886597937
