0.016 2.93819797979798
0.511 2.93819797979798
0.62 2.9493838862559243
1.042 2.9493838862559243
1.116 2.896280701754386
2.085 2.896280701754386
2.117 2.8938883632923367
3.174 2.8938883632923367
3.218 2.8983169014084504
4.354 2.8983169014084504
4.414 2.87375067264574
6.644 2.87375067264574
6.717 2.2730216504549734
9.904 2.2730216504549734
10.007 4.395801036269431
11.937 4.395801036269431
12.007 4.527315195753152
13.514 4.527315195753152
13.611 4.697782349756361
17.305 4.697782349756361
17.412 4.270180746561886
21.484 4.270180746561886
21.609 4.876664540446506
25.058 4.876664540446506
25.107 4.324860288720332
29.194 4.324860288720332
29.309 4.400050277979212
33.446 4.400050277979212
33.51 4.652897911832946
36.958 4.652897911832946
37.008 4.856137619853357
40.554 4.856137619853357
40.608 4.840780126849895
44.392 4.840780126849895
44.7 4.739958573072498
48.176 4.739958573072498
48.206 4.79638444924406
51.91 4.79638444924406
52.008 4.733561591220851
55.653 4.733561591220851
55.708 4.924014484007242
59.022 4.924014484007242
59.108 3.7934100217864923
63.698 3.7934100217864923
63.815 3.2984498886414255
69.203 3.2984498886414255
69.312 3.7958681522748376
73.62 3.7958681522748376
73.709 3.7397007268063276
78.387 3.7397007268063276
78.513 3.945150620754275
82.782 3.945150620754275
83.004 4.341799728137744
87.418 4.341799728137744
87.51 4.205914156225007
91.261 4.205914156225007
91.311 4.052423350735643
95.525 4.052423350735643
95.611 2.8588375165125495
101.667 2.8588375165125495
101.712 3.8187359385588433
106.139 3.8187359385588433
106.21 4.174639455782313
110.326 4.174639455782313
110.409 5.149410105757932
113.813 5.149410105757932
113.91 4.992927947598253
117.574 4.992927947598253
117.607 4.928536038441004
121.353 4.928536038441004
121.601 5.054990863542587
124.994 5.054990863542587
125.107 5.157235728676965
128.085 5.157235728676965
128.207 5.097844510385757
131.577 5.097844510385757
131.607 5.1777252047315745
134.904 5.1777252047315745
135.007 5.252052615478739
138.276 5.252052615478739
138.308 5.01573832887303
141.671 5.01573832887303
141.707 4.708127155172414
145.419 4.708127155172414
145.51 5.114620066285026
148.829 5.114620066285026
148.908 5.20763156350836
152.317 5.20763156350836
152.602 5.272828784119107
155.826 5.272828784119107
155.909 5.099900113507378
159.433 5.099900113507378
159.508 5.252467358553733
162.495 5.252467358553733
162.607 4.779621846409759
166.214 4.779621846409759
166.309 5.136257948947604
168.542 5.136257948947604
