0.015 2.2868050314465407
0.651 2.2868050314465407
0.72 2.322089552238806
1.256 2.322089552238806
1.319 2.2974455852156055
1.806 2.2974455852156055
1.922 2.2725408618127787
3.268 2.2725408618127787
3.315 2.6255885167464115
4.569 2.6255885167464115
4.621 2.2282559109874827
7.497 2.2282559109874827
7.614 2.4783167978104688
10.537 2.4783167978104688
10.616 2.713110329389191
13.743 2.713110329389191
13.812 2.69990660862683
16.339 2.69990660862683
16.413 2.369887844408428
19.498 2.369887844408428
19.618 2.0216595859101907
23.337 2.0216595859101907
23.423 1.9697863660762212
27.149 1.9697863660762212
27.217 2.1188274125874127
30.792 2.1188274125874127
31.107 1.9537304429783224
35.351 1.9537304429783224
35.417 2.394553005464481
38.162 2.394553005464481
38.214 2.7072434017595306
40.942 2.7072434017595306
41.011 3.1071080755323424
43.5 3.1071080755323424
43.607 4.807131614654003
45.081 4.807131614654003
45.109 4.751486493714896
48.848 4.751486493714896
48.908 4.8262467132867135
52.483 4.8262467132867135
52.607 4.906248947684907
55.933 4.906248947684907
56.008 4.939504113475177
59.533 4.939504113475177
59.607 4.684250922509225
63.401 4.684250922509225
63.508 4.182250639386189
67.418 4.182250639386189
67.51 3.08215644820296
73.186 3.08215644820296
73.31 4.078916929038508
77.439 4.078916929038508
77.699 4.322215606675688
82.133 4.322215606675688
82.21 4.202553010122536
85.964 4.202553010122536
86.011 4.573356186395286
89.745 4.573356186395286
89.807 4.241332680058795
93.889 4.241332680058795
94.013 3.517591344153142
98.819 3.517591344153142
98.909 4.813113725490196
102.479 4.813113725490196
102.507 4.824825763831544
106.14 4.824825763831544
106.208 4.687186266974122
110.111 4.687186266974122
110.208 4.205534396355353
114.598 4.205534396355353
114.901 3.827624191028788
119.382 3.827624191028788
119.51 3.8793250820914373
123.469 3.8793250820914373
123.51 4.067172348484848
127.734 4.067172348484848
127.81 4.32285641934667
131.759 4.32285641934667
131.808 4.512210249671485
135.613 4.512210249671485
135.708 4.562598863943738
139.405 4.562598863943738
139.509 4.256348757915246
143.615 4.256348757915246
143.709 4.193533596837945
147.757 4.193533596837945
147.81 4.413927399303828
151.832 4.413927399303828
152.101 4.753803131991051
155.677 4.753803131991051
155.706 4.8983505042245845
159.375 4.8983505042245845
159.407 4.8348597842835135
162.652 4.8348597842835135
162.707 4.9075138058639345
166.22 4.9075138058639345
166.308 4.8169945401091985
168.689 4.8169945401091985
