0.055 0.9193476611883691
1.637 0.9193476611883691
1.755 0.919231905465288
3.109 0.919231905465288
3.255 0.9246743801652892
4.465 0.9246743801652892
4.557 0.7945405750798722
6.122 0.7945405750798722
6.288 0.6056211208893006
8.447 0.6056211208893006
8.571 0.7539641791044775
9.911 0.7539641791044775
10.067 0.7766687777074097
11.646 0.7766687777074097
11.77 0.8152356389214537
13.476 0.8152356389214537
13.569 1.1704690341396464
19.398 1.1704690341396464
19.534 1.3524054753977062
24.94 1.3524054753977062
25.05 1.1170037141583715
31.781 1.1170037141583715
31.842 1.2680414651002072
37.63 1.2680414651002072
37.726 0.4067447779627342
56.349 0.4067447779627342
56.576 0.31985946186346453
61.073 0.31985946186346453
61.143 1.021338195077484
62.24 1.021338195077484
62.348 1.021702677746999
63.431 1.021702677746999
63.551 1.0241498661909012
64.672 1.0241498661909012
64.755 1.004952509262378
67.724 1.004952509262378
67.844 0.9523827414147343
71.251 0.9523827414147343
71.36 0.7863520179372198
74.928 0.7863520179372198
75.12 0.569073440088349
80.553 0.569073440088349
80.837 0.8061915708812261
82.403 0.8061915708812261
82.567 0.8065289052890529
84.193 0.8065289052890529
84.358 0.8516875483372003
85.651 0.8516875483372003
85.761 0.8690685179595532
89.074 0.8690685179595532
89.155 0.8912297097884899
97.287 0.8912297097884899
97.456 0.8455519340270959
107.642 0.8455519340270959
107.749 0.9991460674157304
108.639 0.9991460674157304
108.749 0.997435064935065
109.981 0.997435064935065
110.054 1.0286729939603105
111.213 1.0286729939603105
111.517 1.320092243186583
112.471 1.320092243186583
112.536 1.4724487356321838
114.711 1.4724487356321838
114.825 1.4632147137838396
119.664 1.4632147137838396
119.923 0.907685698630137
129.048 0.907685698630137
129.134 1.125987379972565
136.424 1.125987379972565
136.562 0.8018194945848376
145.98 0.8018194945848376
146.147 0.3976132930513595
148.795 0.3976132930513595
149.042 0.3952541832669323
151.552 0.3952541832669323
151.738 0.3927950987066031
154.676 0.3927950987066031
154.985 0.5777217140105922
157.062 0.5777217140105922
157.195 0.6250854816824966
161.617 0.6250854816824966
161.758 0.9507019089574156
163.12 0.9507019089574156
163.247 0.8284842749791261
166.84 0.8284842749791261
166.977 0.6212239747634068
169.196 0.6212239747634068
169.391 0.6378042959427207
171.486 0.6378042959427207
171.574 0.7453504074505239
173.292 0.7453504074505239
173.466 0.7543218456280262
176.977 0.7543218456280262
177.071 0.36917071043018373
195.412 0.36917071043018373
195.747 0.5757435897435897
197.307 0.5757435897435897
