0.038 1.2180971524288107
1.232 1.2180971524288107
1.342 1.2323168316831683
2.352 1.2323168316831683
2.441 1.2281624588364435
3.352 1.2281624588364435
3.442 1.2311445544554456
4.452 1.2311445544554456
4.542 1.2051023041474656
5.627 1.2051023041474656
5.74 1.1612781609195402
6.61 1.1612781609195402
6.749 1.1196476043276662
13.219 1.1196476043276662
13.341 1.1488010832769127
20.726 1.1488010832769127
20.839 1.3299539961013644
25.969 1.3299539961013644
26.03 1.8397342727730248
30.004 1.8397342727730248
30.124 2.238997022036927
33.482 2.238997022036927
33.516 2.4302728476821196
36.536 2.4302728476821196
36.616 2.493353522053983
39.654 2.493353522053983
39.716 2.441587750294464
43.112 2.441587750294464
43.409 1.6797975977510862
47.322 1.6797975977510862
47.426 1.5896168747309514
52.072 1.5896168747309514
52.131 1.588985411958085
56.998 1.588985411958085
57.124 1.768774837743385
61.13 1.768774837743385
61.225 1.801564979480164
65.611 1.801564979480164
65.725 1.659937106918239
70.177 1.659937106918239
70.226 1.966050716648291
73.854 1.966050716648291
73.917 2.347004914004914
77.173 2.347004914004914
77.217 2.5399173499508034
80.266 2.5399173499508034
80.508 2.2764973958333337
83.58 2.2764973958333337
83.615 2.2769597464342315
86.77 2.2769597464342315
86.821 2.0338845822566753
89.143 2.0338845822566753
89.221 1.9654933820173437
93.603 1.9654933820173437
93.722 1.9674265325981186
96.805 1.9674265325981186
96.919 2.2675944055944055
100.351 2.2675944055944055
100.418 2.4564153555695407
103.596 2.4564153555695407
103.715 2.4414507337526206
106.577 2.4414507337526206
106.616 2.311024213075061
109.92 2.311024213075061
110.208 2.3055994789970695
113.279 2.3055994789970695
113.319 2.421822222222222
116.739 2.421822222222222
116.81 3.1139787556904404
119.446 3.1139787556904404
119.509 3.120469421487603
121.929 3.120469421487603
122.016 2.7586073793755914
124.13 2.7586073793755914
124.219 2.238061400894188
127.574 2.238061400894188
127.62 2.240160246533128
130.865 2.240160246533128
130.916 2.171708284714119
134.344 2.171708284714119
134.426 1.854604374831218
138.129 1.854604374831218
138.413 1.8522791958436864
142.84 1.8522791958436864
142.922 1.5473679615888258
147.504 1.5473679615888258
147.629 1.502463555726957
152.815 1.502463555726957
152.921 2.2001583022655575
156.408 2.2001583022655575
156.52 2.211855855855856
160.072 2.211855855855856
160.118 2.2174974974974977
163.115 2.2174974974974977
163.217 1.3302475442043222
168.307 1.3302475442043222
168.431 1.4434468213317264
171.75 1.4434468213317264
