0.129 0.35430158343483553
4.234 0.35430158343483553
4.439 0.5507256637168142
6.699 0.5507256637168142
6.861 0.7504064386317907
8.352 0.7504064386317907
8.466 0.7499734620024125
10.124 0.7499734620024125
10.271 0.8961864290610007
11.73 0.8961864290610007
11.84 1.1077982456140352
12.752 1.1077982456140352
12.841 1.1038343834383437
13.952 1.1038343834383437
14.039 1.6323849765258216
14.891 1.6323849765258216
15.022 2.1853504163997437
18.144 2.1853504163997437
18.216 2.1592155936207913
21.602 2.1592155936207913
21.715 3.2254620334620334
24.046 3.2254620334620334
24.114 3.1896671012603215
26.415 3.1896671012603215
26.511 1.0720079252759696
33.577 1.0720079252759696
33.651 0.7617484611851171
44.536 0.7617484611851171
44.694 0.6040294063591252
55.576 0.6040294063591252
55.642 1.2660228832951945
56.516 1.2660228832951945
56.642 1.2713975636766333
57.545 1.2713975636766333
57.654 0.9948996332110704
60.653 0.9948996332110704
60.75 1.235361344537815
61.821 1.235361344537815
61.924 2.1127289156626508
63.252 2.1127289156626508
63.32 1.4936115942028985
65.39 1.4936115942028985
65.528 0.9991956066945606
73.176 0.9991956066945606
73.22 1.1816002441257247
79.774 1.1816002441257247
79.82 2.1230722525804495
83.114 2.1230722525804495
83.224 2.0016182780718865
86.813 2.0016182780718865
86.912 2.9825020576131687
89.342 2.9825020576131687
89.416 2.9843354123354127
92.302 2.9843354123354127
92.416 2.432067361668003
94.91 2.432067361668003
95.02 2.3843088235294116
98.284 2.3843088235294116
98.604 2.3851170180262757
101.877 2.3851170180262757
101.919 2.4414507337526206
104.781 2.4414507337526206
104.916 3.2068979420411594
107.297 3.2068979420411594
107.413 5.15319941775837
108.787 5.15319941775837
108.93 5.383781047675103
112.328 5.383781047675103
112.426 5.426894767783657
115.828 5.426894767783657
115.931 4.530265187533017
119.717 4.530265187533017
119.813 4.541173270254288
123.195 4.541173270254288
123.311 4.769499167129373
126.913 4.769499167129373
127.012 3.662510190946149
131.673 3.662510190946149
131.713 3.532707818930041
136.573 3.532707818930041
136.615 4.180403469640645
140.65 4.180403469640645
140.903 3.340322629969419
146.135 3.340322629969419
146.217 0.8872327392463284
165.35 0.8872327392463284
165.454 1.2752497545008183
171.564 1.2752497545008183
171.633 2.2537246153846153
176.833 2.2537246153846153
176.92 2.524586118251928
180.032 2.524586118251928
180.121 2.1052655007949124
181.379 2.1052655007949124
181.425 1.765886156008433
182.848 1.765886156008433
182.929 1.779002606429192
184.08 1.779002606429192
