0.013 3.224851441241685
0.464 3.224851441241685
0.517 3.2328311688311686
0.902 3.2328311688311686
1.015 3.243060869565217
1.36 3.243060869565217
1.419 3.1829760665972944
2.38 3.1829760665972944
2.413 3.181147826086957
3.448 3.181147826086957
3.519 3.172506930693069
5.539 3.172506930693069
5.609 2.3436169524425754
8.7 2.3436169524425754
8.815 4.6008112798264635
10.659 4.6008112798264635
10.705 6.494372827804107
13.237 6.494372827804107
13.304 2.7123488590184435
19.702 2.7123488590184435
19.846 2.9764080794248544
25.688 2.9764080794248544
25.812 4.893691009601397
29.249 4.893691009601397
29.306 5.26375938058368
32.664 5.26375938058368
32.707 4.931727986995394
36.398 4.931727986995394
36.509 4.559020176186416
40.028 4.559020176186416
40.108 4.553110523532522
43.89 4.553110523532522
44.201 4.549804272230502
48.227 4.549804272230502
48.309 4.710147512864494
51.807 4.710147512864494
51.907 5.43296880733945
55.177 5.43296880733945
55.207 5.435989918084436
58.381 5.435989918084436
58.408 2.879002117148906
64.076 2.879002117148906
64.114 2.7611405011100536
70.42 2.7611405011100536
70.515 4.771019597315436
74.24 4.771019597315436
74.305 7.5322892676186095
76.476 7.5322892676186095
76.504 7.097087221095335
78.969 7.097087221095335
79.199 6.203258931860037
81.914 6.203258931860037
82.004 6.022848522941547
85.186 6.022848522941547
85.308 4.092447211413749
89.163 4.092447211413749
89.21 3.984347176854876
93.496 3.984347176854876
93.612 3.839680638722555
98.121 3.839680638722555
98.211 3.7601298932384344
102.707 3.7601298932384344
102.811 3.9811899907321595
107.127 3.9811899907321595
107.209 4.415262468513854
111.179 4.415262468513854
111.208 4.564393213572854
115.216 4.564393213572854
115.5 5.521021531100478
118.844 5.521021531100478
118.907 5.525639175257732
122.011 5.525639175257732
122.107 5.648491357116587
124.826 5.648491357116587
124.906 5.664271678206396
127.939 5.664271678206396
128.006 5.255837438423645
131.254 5.255837438423645
131.309 4.815977559607293
134.874 4.815977559607293
134.909 4.494518518518518
138.662 4.494518518518518
138.714 3.5783308763308765
143.598 3.5783308763308765
143.712 3.577539304531085
148.457 3.577539304531085
148.698 6.096434065934066
151.61 6.096434065934066
151.706 6.101794687724336
154.492 6.101794687724336
154.605 5.574456575682382
157.829 5.574456575682382
157.907 5.462785515320334
160.779 5.462785515320334
160.807 5.918330243734982
163.72 5.918330243734982
163.806 6.770521841794569
165.5 6.770521841794569
