0.025 1.6341662921348317
0.915 1.6341662921348317
1.026 1.6463492063492062
1.782 1.6463492063492062
1.819 1.6429603524229075
2.5 1.6429603524229075
2.627 1.660154873164219
3.376 1.660154873164219
3.423 3.005829885057471
3.858 3.005829885057471
3.911 2.660217517642175
6.32 2.660217517642175
6.416 2.5188178025034773
9.292 2.5188178025034773
9.412 1.5929207660533233
14.738 1.5929207660533233
14.816 2.8146303630363034
17.24 2.8146303630363034
17.31 3.011163097199341
19.738 3.011163097199341
19.805 3.1497913699204023
22.192 3.1497913699204023
22.307 3.7599508196721314
24.259 3.7599508196721314
24.309 3.7554823996033715
26.326 3.7554823996033715
26.596 3.592561525129983
28.904 3.592561525129983
29.013 3.525201494177104
33.564 3.525201494177104
33.611 3.2693875071198026
38.878 3.2693875071198026
39.016 2.7540989324913547
45.667 2.7540989324913547
45.71 3.3817931034482758
50.582 3.3817931034482758
50.711 3.712812539184953
55.496 3.712812539184953
55.608 3.6993636363636364
60.272 3.6993636363636364
60.308 3.707835491933652
64.709 3.707835491933652
64.809 3.531795537525355
69.739 3.531795537525355
69.999 3.216660271493213
75.524 3.216660271493213
75.61 3.634718826405868
80.109 3.634718826405868
80.209 3.406878286270691
85.344 3.406878286270691
85.413 3.7285472658844365
89.93 3.7285472658844365
90.008 3.688357197844496
95.204 3.688357197844496
95.31 3.6393042675893885
99.645 3.6393042675893885
99.709 3.6963012987012984
104.329 3.6963012987012984
104.407 3.6174508984538236
109.193 3.6174508984538236
109.312 3.6379479233914354
113.959 3.6379479233914354
114.01 3.670973076923077
116.09 3.670973076923077
116.209 3.5349455816275586
118.212 3.5349455816275586
118.309 3.5335460750853245
120.653 3.5335460750853245
120.708 3.8107929433611885
122.862 3.8107929433611885
122.906 3.8119818273599195
124.887 3.8119818273599195
125.008 3.6379887710542733
126.611 3.6379887710542733
126.711 3.5240484102564102
131.586 3.5240484102564102
131.709 3.582572927597062
136.474 3.582572927597062
136.509 3.6061667716866204
141.27 3.6061667716866204
141.309 3.6228367697594503
145.965 3.6228367697594503
146.01 3.311210306934445
151.288 3.311210306934445
151.413 3.5595353323547916
156.182 3.5595353323547916
156.313 2.5455715514769146
163.287 2.5455715514769146
163.418 2.6482402485329652
166.315 2.6482402485329652
166.419 2.65243484132343
169.381 2.65243484132343
169.41 3.134830188679245
171.53 3.134830188679245
171.608 3.6344390767579173
173.471 3.6344390767579173
173.51 3.64319391634981
174.825 3.64319391634981
