0.018 2.4989828178694156
0.6 2.4989828178694156
0.716 2.5246247464503044
1.209 2.5246247464503044
1.321 2.5142831460674158
1.766 2.5142831460674158
1.815 2.522223123732252
2.308 2.522223123732252
2.426 2.471837837837838
3.758 2.471837837837838
3.821 2.462899308224443
6.423 2.462899308224443
6.514 2.4606385869565215
9.458 2.4606385869565215
9.515 2.891580095432856
12.449 2.891580095432856
12.51 3.9483009259259263
14.238 3.9483009259259263
14.309 3.5401077111383112
19.211 3.5401077111383112
19.309 3.7162162855310963
23.988 3.7162162855310963
24.111 4.058787644787644
28.255 4.058787644787644
28.308 3.808598146951088
32.949 3.808598146951088
33.014 3.525664923494092
38.177 3.525664923494092
38.213 3.972070314434266
42.252 3.972070314434266
42.31 3.9888496641186006
46.627 3.9888496641186006
46.712 3.94349020452099
51.357 3.94349020452099
51.605 3.8477571228397944
55.887 3.8477571228397944
56.014 3.9514697508896797
60.51 3.9514697508896797
60.614 3.9773702166897187
64.952 3.9773702166897187
65.012 3.9936818404307393
69.098 3.9936818404307393
69.211 4.0063856419696275
73.557 4.0063856419696275
73.609 3.971407374301676
78.084 3.971407374301676
78.212 4.0001467710371825
82.3 4.0001467710371825
82.41 4.007862542955326
86.775 4.007862542955326
86.811 4.03687631831256
90.983 4.03687631831256
91.302 4.049166279315445
96.035 4.049166279315445
96.111 4.049379876796714
100.007 4.049379876796714
100.109 4.045702914001422
104.33 4.045702914001422
104.413 4.041344537815126
108.697 4.041344537815126
108.81 4.043421191102607
112.991 4.043421191102607
113.109 3.9337948717948716
117.477 3.9337948717948716
117.507 3.8754348883484413
122.03 3.8754348883484413
122.109 3.9597593073593074
126.729 3.9597593073593074
126.81 3.99271107266436
131.434 3.99271107266436
131.702 4.020530707923113
135.968 4.020530707923113
136.01 4.019431562418215
139.831 4.019431562418215
139.909 4.021473782771536
144.181 4.021473782771536
144.315 3.9744778567523236
146.144 3.9744778567523236
146.209 3.9577969165337588
148.09 3.9577969165337588
148.209 3.958270893371758
149.944 3.958270893371758
150.01 3.9809949886104783
154.4 3.9809949886104783
154.511 4.019754676770069
158.734 4.019754676770069
158.812 4.031981830570066
163.215 4.031981830570066
163.501 4.028341232227488
167.721 4.028341232227488
167.807 3.723233478350943
172.634 3.723233478350943
172.712 3.8089633406166543
176.831 3.8089633406166543
176.911 4.023359626604434
181.196 4.023359626604434
181.311 3.8474552163703457
184.292 3.8474552163703457
