0.124 0.39054994629430717
3.848 0.39054994629430717
4.033 0.5194657762938231
6.429 0.5194657762938231
6.554 1.2201264994547436
7.471 1.2201264994547436
7.533 1.4981397590361445
8.363 1.4981397590361445
8.425 1.5621696535244924
9.262 1.5621696535244924
9.333 1.5985949367088608
9.965 1.5985949367088608
10.038 1.4305134281200633
15.102 1.4305134281200633
15.245 2.138617595160071
19.212 2.138617595160071
19.312 3.3039535108958837
21.377 3.3039535108958837
21.416 2.9804745209947003
23.869 2.9804745209947003
23.914 2.9312093567251463
26.479 2.9312093567251463
26.513 2.8838601178781924
29.058 2.8838601178781924
29.116 3.3891758389261746
31.351 3.3891758389261746
31.407 6.169369047619048
32.751 6.169369047619048
32.807 5.984032823573293
35.488 5.984032823573293
35.605 5.2789282648681795
38.867 5.2789282648681795
38.91 4.438456990550036
43.037 4.438456990550036
43.111 4.678051107325383
46.633 4.678051107325383
46.708 4.336296802538443
50.805 4.336296802538443
50.92 2.3423611186532716
58.286 2.3423611186532716
58.42 3.0958421551887687
63.691 3.0958421551887687
63.811 4.2292329366043235
67.928 4.2292329366043235
68.202 4.309419980601358
72.326 4.309419980601358
72.412 4.047673267326733
76.452 4.047673267326733
76.509 5.286890299184043
79.818 5.286890299184043
79.907 5.482372395833333
82.979 5.482372395833333
83.006 3.8889415584415583
87.934 3.8889415584415583
88.016 4.052500385306961
91.909 4.052500385306961
92.009 4.209246241064826
96.066 4.209246241064826
96.115 3.326887009992314
101.319 3.326887009992314
101.412 2.3447356449375865
108.622 2.3447356449375865
108.916 1.5664888321633696
119.885 1.5664888321633696
120.031 1.4318495449949444
124.976 1.4318495449949444
125.041 1.8733386273397619
126.804 1.8733386273397619
126.916 3.0588217349857003
127.965 3.0588217349857003
128.013 3.062146750524109
128.967 3.062146750524109
129.018 3.031027027027027
130.942 3.031027027027027
131.012 2.8539323451159255
133.643 2.8539323451159255
133.712 2.166066746126341
137.068 2.166066746126341
137.115 3.4433931544865866
139.277 3.4433931544865866
139.505 4.054073199527745
141.199 4.054073199527745
141.305 6.918673000791766
143.831 6.918673000791766
143.906 4.68934364640884
147.526 4.68934364640884
147.613 4.026494896801996
152.022 4.026494896801996
152.109 3.7551579412414404
156.636 3.7551579412414404
156.712 3.658059841237533
161.625 3.658059841237533
161.716 4.250642102411271
165.407 4.250642102411271
165.511 3.2194390289449113
170.866 3.2194390289449113
170.915 2.965166494312306
174.783 2.965166494312306
