0.013 2.846199608610567
0.524 2.846199608610567
0.623 2.8678341013824884
1.057 2.8678341013824884
1.116 2.812120240480962
2.114 2.812120240480962
2.216 2.814020239190432
3.303 2.814020239190432
3.414 2.8164995722840036
4.583 2.8164995722840036
4.616 2.8305936395759717
6.88 2.8305936395759717
6.916 2.84641257367387
9.461 2.84641257367387
9.514 2.7861727422003284
12.559 2.7861727422003284
12.615 2.4657260571015542
15.382 2.4657260571015542
15.426 1.7758328880252612
19.543 1.7758328880252612
19.632 1.365519796585543
25.138 1.365519796585543
25.231 1.6699485779294654
29.626 1.6699485779294654
29.724 2.3257009517961316
32.981 2.3257009517961316
33.206 2.8021737073335586
36.165 2.8021737073335586
36.214 2.806596071733561
38.556 2.806596071733561
38.616 2.805987841945289
41.248 2.805987841945289
41.315 2.7858760806916427
44.091 2.7858760806916427
44.214 2.697263799010278
46.841 2.697263799010278
46.919 2.694974079126876
49.851 2.694974079126876
49.912 2.6573318950017977
52.693 2.6573318950017977
52.82 2.5093316930647394
59.323 2.5093316930647394
59.414 2.5891081040892194
66.139 2.5891081040892194
66.218 2.6900580616346583
70.696 2.6900580616346583
70.817 2.698070987654321
73.409 2.698070987654321
73.514 2.6885508982035926
76.186 2.6885508982035926
76.215 2.679290203327172
78.92 2.679290203327172
79.016 2.68311277258567
82.226 2.68311277258567
82.313 2.7054308652988404
84.555 2.7054308652988404
84.619 2.7059749652294856
87.495 2.7059749652294856
87.614 2.623995150045468
94.212 2.623995150045468
94.32 2.534184380152901
100.991 2.534184380152901
101.114 2.268957612570976
108.687 2.268957612570976
108.815 2.6327113247221385
115.473 2.6327113247221385
115.521 2.7127417218543046
120.202 2.7127417218543046
120.313 2.726153437396214
123.324 2.726153437396214
123.414 2.73012870571222
126.18 2.73012870571222
126.213 2.7314735362997657
128.348 2.7314735362997657
128.412 2.7344122359796064
131.158 2.7344122359796064
131.212 2.768210205635948
133.838 2.768210205635948
133.913 2.767515241635688
136.603 2.767515241635688
136.713 2.76696212731668
139.195 2.76696212731668
139.315 2.140443748368572
143.146 2.140443748368572
143.41 1.8045405955713922
147.339 1.8045405955713922
147.423 1.683980116706289
152.05 1.683980116706289
152.13 1.5950004158004158
156.94 1.5950004158004158
157.03 1.5779297047599918
162.009 1.5779297047599918
162.128 2.3786113099498927
164.922 2.3786113099498927
165.014 2.640780031201248
167.578 2.640780031201248
167.615 2.6990422535211267
169.39 2.6990422535211267
