0.011 4.167358166189112
0.36 4.167358166189112
0.414 4.127968952134541
1.187 4.127968952134541
1.309 4.1332783505154636
1.988 4.1332783505154636
2.11 4.122425876010781
2.852 4.122425876010781
2.91 4.136291457286432
3.706 4.136291457286432
3.814 4.118550128534705
5.37 4.118550128534705
5.409 4.113639977285633
7.17 4.113639977285633
7.211 3.3716186970923814
12.645 3.3716186970923814
12.712 3.2344122738001575
17.796 3.2344122738001575
17.915 3.7848654307524536
22.5 3.7848654307524536
22.615 3.3007167805618827
27.883 3.3007167805618827
28.013 2.8354039109912343
33.945 2.8354039109912343
34.012 2.8154992035680153
40.29 2.8154992035680153
40.604 3.3166528
43.104 3.3166528
43.21 3.324758725341426
45.187 3.324758725341426
45.316 3.3222492127755285
47.539 3.3222492127755285
47.613 3.3785897771952818
49.902 3.3785897771952818
50.012 3.969586554621849
51.797 3.969586554621849
51.911 3.833898107714701
53.972 3.833898107714701
54.011 4.1285139664804476
55.801 4.1285139664804476
55.911 3.702787383707738
60.318 3.702787383707738
60.412 3.227386839666358
65.807 3.227386839666358
65.916 3.622512841418671
70.822 3.622512841418671
70.911 3.8640359168241964
75.143 3.8640359168241964
75.217 3.361706379707917
80.421 3.361706379707917
80.518 2.6294844652615144
86.923 2.6294844652615144
87.014 3.4094830101405447
92.635 3.4094830101405447
92.713 3.8460224280838617
96.815 3.8460224280838617
97.104 4.094200911052505
101.275 4.094200911052505
101.312 4.094872280037842
105.54 4.094872280037842
105.612 4.117278129566488
109.718 4.117278129566488
109.813 3.876114595082337
114.246 3.876114595082337
114.312 3.8246982325987346
118.895 3.8246982325987346
119.012 3.3597957759412305
124.457 3.3597957759412305
124.516 3.538193944039862
129.734 3.538193944039862
129.812 3.80385540031049
134.321 3.80385540031049
134.414 3.5584448563484705
138.73 3.5584448563484705
138.815 3.3701508078994618
141.043 3.3701508078994618
141.12 3.370703755215577
142.558 3.370703755215577
142.613 3.3519207564160287
144.834 3.3519207564160287
144.912 3.022711267605634
147.184 3.022711267605634
147.214 3.0213854089904197
149.928 3.0213854089904197
150.017 3.004254237288136
152.377 3.004254237288136
152.412 2.9604012158054713
155.044 2.9604012158054713
155.111 2.96100038595137
157.702 2.96100038595137
158.003 2.7222841302841303
160.889 2.7222841302841303
161.019 2.3591906283280086
163.836 2.3591906283280086
163.915 2.359219512195122
166.785 2.359219512195122
166.819 2.3775682382134
168.834 2.3775682382134
