0.017 2.6395789473684212
0.568 2.6395789473684212
0.619 2.6594871794871797
1.087 2.6594871794871797
1.114 2.6513175355450236
1.536 2.6513175355450236
1.615 2.6569572649572653
2.083 2.6569572649572653
2.12 2.6130857142857145
3.38 2.6130857142857145
3.415 2.6165420944558524
4.389 2.6165420944558524
4.513 2.6097465309898245
5.594 2.6097465309898245
5.723 2.799965676567657
8.753 2.799965676567657
8.813 2.8534772061898788
11.204 2.8534772061898788
11.319 2.498000287894055
18.266 2.498000287894055
18.314 3.1335692917642817
23.863 3.1335692917642817
23.921 1.549766516170644
34.774 1.549766516170644
34.818 1.6885439144003567
39.304 1.6885439144003567
39.449 1.4008501436053387
45.368 1.4008501436053387
45.426 1.332734793187348
50.358 1.332734793187348
50.607 2.1563094890510945
54.032 2.1563094890510945
54.118 2.0443682719546743
55.53 2.0443682719546743
55.621 1.9759375348577803
59.207 1.9759375348577803
59.321 1.8773257305773343
63.53 1.8773257305773343
63.627 1.6949633027522937
67.987 1.6949633027522937
68.027 1.5519651871192341
72.623 1.5519651871192341
72.746 1.025751409395973
80.196 1.025751409395973
80.366 0.7696103286384977
82.07 0.7696103286384977
82.163 0.782125
83.571 0.782125
83.68 0.7739169413315754
85.197 0.7739169413315754
85.368 0.7725872020075283
86.962 0.7725872020075283
87.071 0.7947382174521698
91.357 0.7947382174521698
91.456 1.180992211838006
96.592 1.180992211838006
96.73 1.3752224774695176
102.389 1.3752224774695176
102.555 0.9537554062309103
110.74 0.9537554062309103
111.022 0.9792908242612752
112.308 0.9792908242612752
112.456 1.1495474452554746
113.552 1.1495474452554746
113.646 1.1903288521199586
114.613 1.1903288521199586
114.739 1.1854505893019038
115.842 1.1854505893019038
116.12 1.2917487922705313
118.604 1.2917487922705313
118.918 1.24366534914361
124.99 1.24366534914361
125.131 1.4052279518072288
129.281 1.4052279518072288
129.332 1.1941310432569974
135.62 1.1941310432569974
135.748 1.2640097374369674
141.499 1.2640097374369674
141.644 1.6086032843560933
146.272 1.6086032843560933
146.321 1.95769669327252
149.829 1.95769669327252
149.916 2.5387120743034055
153.146 2.5387120743034055
153.215 2.6604277673545966
155.88 2.6604277673545966
155.911 3.2012226787181595
158.345 3.2012226787181595
158.605 2.6740857441617285
161.474 2.6740857441617285
161.513 3.165395648670427
163.995 3.165395648670427
164.111 3.0374040219378426
166.299 3.0374040219378426
166.416 2.7435008103727716
168.884 2.7435008103727716
168.913 2.74859437751004
170.656 2.74859437751004
