0.022 1.891297789336801
0.791 1.891297789336801
0.927 1.9060336906584991
1.58 1.9060336906584991
1.624 1.9028163265306124
2.212 1.9028163265306124
2.321 1.9042205206738132
2.974 1.9042205206738132
3.032 1.8728600682593857
4.79 1.8728600682593857
4.93 1.650389904712851
8.813 1.650389904712851
8.921 2.48171291538198
11.84 2.48171291538198
11.922 2.1820720164609053
15.81 2.1820720164609053
15.918 2.513877671333825
18.632 2.513877671333825
18.709 3.688750756811302
20.691 3.688750756811302
20.82 2.4410883116883113
23.9 2.4410883116883113
24.018 2.802376479572356
26.637 2.802376479572356
26.714 3.0311356542617047
29.213 3.0311356542617047
29.503 3.031675319926874
32.238 3.031675319926874
32.314 2.7342129783693845
34.718 2.7342129783693845
34.817 2.6105903145987983
37.646 2.6105903145987983
37.717 2.6109358541525993
40.679 2.6109358541525993
40.717 2.6488642990654205
43.392 2.6488642990654205
43.515 2.6569145931405513
46.489 2.6569145931405513
46.622 2.505639268080163
53.508 2.505639268080163
53.622 2.1053004773577606
61.373 2.1053004773577606
61.526 2.1599990075672997
69.587 2.1599990075672997
69.904 2.4949123711340206
73.008 2.4949123711340206
73.121 2.216608557844691
76.276 2.216608557844691
76.317 2.6056612259702576
79.074 2.6056612259702576
79.117 2.857839116719243
81.653 2.857839116719243
81.734 3.1297797752808987
83.514 3.1297797752808987
83.616 3.1314279814145585
85.553 3.1314279814145585
85.613 2.753008544252781
91.816 2.753008544252781
91.917 2.5460470588235293
98.717 2.5460470588235293
98.818 2.570012769838857
105.396 2.570012769838857
105.527 2.6229302396580674
112.078 2.6229302396580674
112.128 2.152780784432958
115.417 2.152780784432958
115.522 2.2550046283691803
119.195 2.2550046283691803
119.316 2.6930603674540685
122.364 2.6930603674540685
122.419 2.592357020254034
125.332 2.592357020254034
125.418 2.6714136509390745
127.601 2.6714136509390745
127.717 3.1169348277293483
130.126 3.1169348277293483
130.208 3.600455671124319
132.227 3.600455671124319
132.317 2.573320428620809
135.21 2.573320428620809
135.319 2.507869164436515
142.045 2.507869164436515
142.122 2.322158915758703
149.648 2.322158915758703
149.722 2.4148637602179837
152.658 2.4148637602179837
152.714 2.3901153374233126
155.974 2.3901153374233126
156.022 2.8383100258971514
158.725 2.8383100258971514
158.821 2.973698713096139
161.463 2.973698713096139
161.511 2.6700843712334272
164.0 2.6700843712334272
164.121 2.611245661396066
166.714 2.611245661396066
166.818 3.3177285318559555
168.262 3.3177285318559555
