0.021 2.1837957957957954
0.687 2.1837957957957954
0.82 2.1990106007067136
1.386 2.1990106007067136
1.424 2.145639143730887
2.732 2.145639143730887
2.827 4.1629721988205555
4.014 4.1629721988205555
4.105 6.976370953630796
5.248 6.976370953630796
5.305 7.112612652608213
6.206 7.112612652608213
6.305 6.118344594594595
7.489 6.118344594594595
7.606 7.189742372881356
8.786 7.189742372881356
8.905 7.673239384041064
11.048 7.673239384041064
11.104 7.862985047575895
13.311 7.862985047575895
13.404 4.1370868427313825
17.607 4.1370868427313825
17.706 6.456666410748561
20.311 6.456666410748561
20.407 4.948405375139978
23.979 4.948405375139978
24.006 7.384587423935091
26.471 7.384587423935091
26.504 7.366020202020202
28.682 7.366020202020202
28.704 7.03425816993464
31.152 7.03425816993464
31.398 6.967482693039178
34.027 6.967482693039178
34.105 5.5344628820960695
37.082 5.5344628820960695
37.106 5.298481359976141
40.459 5.298481359976141
40.506 5.6514353095316086
43.559 5.6514353095316086
43.606 5.8320886347391
46.404 5.8320886347391
46.507 5.571760640000001
49.632 5.571760640000001
49.707 5.101047072330655
53.191 5.101047072330655
53.307 4.897454327643007
56.646 4.897454327643007
56.71 4.0041931792172125
61.079 4.0041931792172125
61.302 4.154377898371979
65.356 4.154377898371979
65.408 4.7215333826065535
69.467 4.7215333826065535
69.51 4.646946686303387
72.905 4.646946686303387
73.01 4.042829545454546
77.234 4.042829545454546
77.313 4.042288115806677
81.596 4.042288115806677
81.711 2.892803559206023
87.555 2.892803559206023
87.616 2.7017006289308174
93.976 2.7017006289308174
94.016 2.8915526228967336
100.078 2.8915526228967336
100.112 3.0248161375661375
106.16 3.0248161375661375
106.403 2.8377337841992007
112.909 2.8377337841992007
113.016 2.6620493558901135
119.459 2.6620493558901135
119.513 2.55417395642774
125.526 2.55417395642774
125.616 2.328824183272333
132.993 2.328824183272333
133.117 2.385878406708595
140.272 2.385878406708595
140.312 2.884569892473118
146.264 2.884569892473118
146.314 2.9002627235213203
152.13 2.9002627235213203
152.216 3.1526489811610916
154.817 3.1526489811610916
154.913 3.173697403760072
157.147 3.173697403760072
157.216 3.173839511201629
159.671 3.173839511201629
159.715 3.1781077050538524
162.129 3.1781077050538524
162.213 2.843471588852696
164.976 2.843471588852696
165.017 2.179678583142014
168.066 2.179678583142014
168.12 2.1750594282043045
171.233 2.1750594282043045
171.32 2.174670903313663
173.523 2.174670903313663
