0.024 1.9111800262812089
0.785 1.9111800262812089
0.924 1.9296744186046513
1.569 1.9296744186046513
1.626 1.9290620689655174
2.206 1.9290620689655174
2.327 1.8963670179789212
3.94 1.8963670179789212
4.022 1.8976876080691643
5.757 1.8976876080691643
5.826 1.8826274970622796
9.23 1.8826274970622796
9.324 1.887964555642429
13.161 1.887964555642429
13.222 0.7486671373102718
24.554 0.7486671373102718
24.643 1.1913833992094862
25.655 1.1913833992094862
25.737 1.1978902045209903
26.666 1.1978902045209903
26.737 1.2267243243243242
27.662 1.2267243243243242
27.921 1.3094171907756813
28.875 1.3094171907756813
28.94 1.3080016927634364
31.303 1.3080016927634364
31.618 1.4178577291381669
37.466 1.4178577291381669
37.535 1.2240312849162012
42.905 1.2240312849162012
43.024 1.871132505700532
46.971 1.871132505700532
47.023 1.6642117495158166
51.67 1.6642117495158166
51.729 1.3747986030267751
56.883 1.3747986030267751
57.038 1.0053007633587787
64.898 1.0053007633587787
65.054 1.1237895377128955
71.63 1.1237895377128955
71.916 1.2086692728694293
74.474 1.2086692728694293
74.549 0.9586150341685649
75.866 0.9586150341685649
75.955 0.9671209439528023
77.311 0.9671209439528023
77.45 0.9484137931034483
80.35 0.9484137931034483
80.451 0.947424810793024
83.49 0.947424810793024
83.631 1.5168438677270824
88.409 1.5168438677270824
88.528 1.1152132590962063
96.251 1.1152132590962063
96.35 1.0598595142407827
102.073 1.0598595142407827
102.161 0.805295410471881
108.349 0.805295410471881
108.628 0.7890350761085374
110.139 0.7890350761085374
110.262 0.779794427244582
111.877 0.779794427244582
111.969 0.42795652173913046
114.913 0.42795652173913046
115.147 0.35537141092929914
118.386 0.35537141092929914
118.647 0.5582650439486139
124.563 0.5582650439486139
124.651 0.9714514078110807
127.954 0.9714514078110807
128.048 0.8432774647887323
133.728 0.8432774647887323
133.876 0.7440848056537102
135.291 0.7440848056537102
135.472 1.0454035827186512
136.421 1.0454035827186512
136.721 1.044372850678733
137.826 1.044372850678733
137.943 0.9525876257238647
141.224 0.9525876257238647
141.359 0.8845209599999999
144.484 0.8845209599999999
144.567 0.7357155555555555
151.542 0.7357155555555555
151.671 1.2361893687707641
154.079 1.2361893687707641
154.126 1.618565849605318
158.94 1.618565849605318
159.026 1.460489624976204
164.279 1.460489624976204
164.335 0.8116231404958678
174.015 0.8116231404958678
174.141 1.5752168760369758
178.36 1.5752168760369758
178.431 1.605634337206545
182.648 1.605634337206545
182.732 1.355631013016412
186.266 1.355631013016412
