0.02 1.9263682119205299
0.775 1.9263682119205299
0.824 1.9417160686427457
1.465 1.9417160686427457
1.522 1.9390918544194107
2.099 1.9390918544194107
2.224 1.9398689547581902
2.865 1.9398689547581902
2.928 1.91201393728223
4.65 1.91201393728223
4.731 1.9033013260173754
6.918 1.9033013260173754
7.03 1.898851900393185
10.845 1.898851900393185
10.923 1.897114490161002
15.395 1.897114490161002
15.523 1.8315876510067115
19.248 1.8315876510067115
19.325 1.8101272592225799
23.364 1.8101272592225799
23.424 1.7452534818941503
27.732 1.7452534818941503
27.826 1.6541410863195853
32.263 1.6541410863195853
32.328 1.6310956072351421
36.972 1.6310956072351421
37.02 1.8973986270022882
41.39 1.8973986270022882
41.711 1.7306603475513427
45.509 1.7306603475513427
45.628 1.5831425509110397
50.293 1.5831425509110397
50.428 1.78398892733564
54.763 1.78398892733564
54.825 1.8544129808950536
58.646 1.8544129808950536
58.719 1.9132358353510897
62.849 1.9132358353510897
62.922 1.8765972574911123
66.86 1.8765972574911123
66.923 1.8536465696465696
70.771 1.8536465696465696
70.82 1.2207424920127796
77.08 1.2207424920127796
77.141 1.1080566604664472
84.13 1.1080566604664472
84.43 0.7463607257203841
93.8 0.7463607257203841
93.974 0.755004501607717
95.529 0.755004501607717
95.672 0.7677705735660848
97.276 0.7677705735660848
97.37 0.7571321540062435
99.292 0.7571321540062435
99.466 0.8165656565656566
100.555 0.8165656565656566
100.618 1.8987362181387077
102.305 1.8987362181387077
102.424 1.8936548463356973
104.116 1.8936548463356973
104.222 1.9003607427055704
105.73 1.9003607427055704
105.824 1.908906
109.824 1.908906
110.112 1.9100339897491232
113.819 1.9100339897491232
113.926 1.8768710627690914
118.339 1.8768710627690914
118.426 1.7005278640977832
123.253 1.7005278640977832
123.327 1.562817880794702
128.159 1.562817880794702
128.225 1.1913577119509702
133.12 1.1913577119509702
133.243 1.0601010871099816
140.326 1.0601010871099816
140.449 1.3494189715982923
145.836 1.3494189715982923
145.924 1.7333215366705472
150.219 1.7333215366705472
150.327 1.8805038335158817
153.979 1.8805038335158817
154.213 1.8125641025641026
158.737 1.8125641025641026
158.825 1.7326588465298143
162.917 1.7326588465298143
163.026 1.8346541087826702
167.273 1.8346541087826702
167.323 1.8859272369714848
171.391 1.8859272369714848
171.523 1.8777514340344168
175.707 1.8777514340344168
175.826 1.8757662997459779
179.369 1.8757662997459779
179.425 1.864251101321586
183.057 1.864251101321586
183.126 1.617966903073286
186.087 1.617966903073286
