0.014 3.1480692640692642
0.476 3.1480692640692642
0.514 3.143030303030303
0.91 3.143030303030303
1.015 3.1045309734513276
1.919 3.1045309734513276
2.016 3.102271805273834
3.002 3.102271805273834
3.11 3.1119924385633273
4.168 3.1119924385633273
4.213 3.0913960443801254
6.286 3.0913960443801254
6.412 3.090494880546075
8.756 3.090494880546075
8.811 3.1122142333088774
11.537 3.1122142333088774
11.616 3.064988319856244
13.842 3.064988319856244
13.911 3.0564816053511703
16.303 3.0564816053511703
16.411 3.046414910858995
18.879 3.046414910858995
18.917 3.0731986113648824
24.39 3.0731986113648824
24.512 3.039673946689596
30.327 3.039673946689596
30.412 2.9608015614834096
36.56 2.9608015614834096
36.611 2.9964871124392976
41.965 2.9964871124392976
42.013 3.0771736954967834
47.609 3.0771736954967834
47.717 3.1062424961845005
53.614 3.1062424961845005
53.712 3.06304071388734
59.091 3.06304071388734
59.215 3.072606018678658
64.997 3.072606018678658
65.111 3.0549979330301777
67.53 3.0549979330301777
67.611 3.1914237136465324
69.846 3.1914237136465324
69.912 3.1854305960817006
72.311 3.1854305960817006
72.412 3.1934878350515463
74.837 3.1934878350515463
74.909 3.1889648882808936
77.102 3.1889648882808936
77.213 3.0871542758917063
79.54 3.0871542758917063
79.611 3.022301918265221
82.009 3.022301918265221
82.111 2.9936711852624263
84.988 2.9936711852624263
85.306 3.1558668054110304
87.228 3.1558668054110304
87.314 3.0785851811790157
92.861 3.0785851811790157
92.917 3.0047066990628255
98.679 3.0047066990628255
98.712 3.0097105216307636
104.329 3.0097105216307636
104.414 3.025143661971831
110.094 3.025143661971831
110.214 3.0585573198394695
115.945 3.0585573198394695
116.018 2.890971029668412
118.883 2.890971029668412
118.914 2.9579992792792793
121.689 2.9579992792792793
121.812 3.1230504549214224
124.23 3.1230504549214224
124.507 3.101965957446809
126.387 3.101965957446809
126.513 3.0510751726940266
128.974 3.0510751726940266
129.015 3.0492114093959732
131.399 3.0492114093959732
131.511 3.121432285115304
133.896 3.121432285115304
134.013 3.12874715261959
136.208 3.12874715261959
136.313 3.0617673440784867
142.021 3.0617673440784867
142.117 3.0652625496569157
147.655 3.0652625496569157
147.719 3.0258762570308506
153.586 3.0258762570308506
153.716 3.0459774234008243
159.297 3.0459774234008243
159.418 3.1574223471539002
165.11 3.1574223471539002
165.212 3.058307992202729
170.342 3.058307992202729
170.414 3.0818905970682877
176.008 3.0818905970682877
176.112 3.084793975255514
179.83 3.084793975255514
