0.037 1.1196366435719785
1.336 1.1196366435719785
1.445 1.133551912568306
2.543 1.133551912568306
2.64 1.130157575757576
3.63 1.130157575757576
3.738 1.1335059252506838
4.835 1.1335059252506838
4.943 1.1242785898538263
6.106 1.1242785898538263
6.251 1.136458942632171
7.14 1.136458942632171
7.263 0.8746824438541415
15.545 0.8746824438541415
15.668 0.7610240401865805
26.816 0.7610240401865805
26.945 1.1071441689623507
28.034 1.1071441689623507
28.143 1.1117282717282717
29.144 1.1117282717282717
29.243 1.071501416430595
30.302 1.071501416430595
30.645 0.673051724137931
32.501 0.673051724137931
32.7 0.6656920094766314
37.343 0.6656920094766314
37.469 0.7125839655525937
42.346 0.7125839655525937
42.456 0.8734927113702624
45.543 0.8734927113702624
45.653 0.8917362955807776
53.935 0.8917362955807776
54.052 0.9213686562400255
57.185 0.9213686562400255
57.255 0.9362299922299923
58.542 0.9362299922299923
58.659 0.9330550070521861
60.077 0.9330550070521861
60.155 0.9226254521538967
63.196 0.9226254521538967
63.533 0.9193505798394291
66.896 0.9193505798394291
67.052 0.9065321620855766
70.581 0.9065321620855766
70.66 0.888097247706422
79.38 0.888097247706422
79.635 0.8925845564773452
87.47 0.8925845564773452
87.562 0.8719271756281103
95.801 0.8719271756281103
95.957 0.8469766162310866
97.411 0.8469766162310866
97.555 0.8431100811123986
99.281 0.8431100811123986
99.354 0.8533973128598848
100.396 0.8533973128598848
100.555 0.9239398496240601
101.885 0.9239398496240601
102.129 0.9870807147258164
105.375 0.9870807147258164
105.448 0.9953956234803751
108.327 0.9953956234803751
108.448 0.7446241134751773
110.14 0.7446241134751773
110.326 0.5028606378331149
112.615 0.5028606378331149
112.949 0.49944690603514136
115.567 0.49944690603514136
115.71 0.4714789201608271
133.12 0.4714789201608271
133.346 0.4567340235630132
136.147 0.4567340235630132
136.322 0.4587712418300654
138.617 0.4587712418300654
138.803 0.4586629680998613
140.966 0.4586629680998613
141.125 0.46346666666666664
143.615 0.46346666666666664
143.796 0.5385673249551166
146.024 0.5385673249551166
146.204 0.5323821263482281
151.396 0.5323821263482281
151.6 0.5375076795350768
154.009 0.5375076795350768
154.355 0.5438576779026217
156.491 0.5438576779026217
156.694 0.5734176372712146
159.098 0.5734176372712146
159.286 0.6486407766990292
161.346 0.6486407766990292
161.477 0.6821665364244162
172.994 0.6821665364244162
173.157 0.9434442538593483
174.323 0.9434442538593483
174.451 0.9473680000000001
175.451 0.9473680000000001
175.734 0.9388500687757909
177.915 0.9388500687757909
