0.011 3.3666851851851853
0.443 3.3666851851851853
0.515 3.3821739130434785
0.883 3.3821739130434785
0.918 3.309221489161169
3.04 3.309221489161169
3.111 3.3080230394328756
5.368 3.3080230394328756
5.413 3.3073380340107836
7.824 3.3073380340107836
7.912 3.310157024793388
9.848 3.310157024793388
9.909 3.196875551632833
12.175 3.196875551632833
12.21 3.0850530909090907
14.96 3.0850530909090907
15.009 3.1026211914506594
17.208 3.1026211914506594
17.313 3.1084625850340135
19.665 3.1084625850340135
19.713 3.144521957340025
22.104 3.144521957340025
22.401 3.1513198797767283
24.73 3.1513198797767283
24.813 3.1031577222449815
27.254 3.1031577222449815
27.31 3.0755311572700297
30.006 3.0755311572700297
30.113 3.0745864315829823
35.331 3.0745864315829823
35.416 3.068947424701479
41.027 3.068947424701479
41.112 3.008295615043521
47.201 3.008295615043521
47.312 3.0917800713079377
52.641 3.0917800713079377
52.715 3.089168492436098
58.466 3.089168492436098
58.512 3.150809349890431
63.988 3.150809349890431
64.115 3.069635816403311
69.431 3.069635816403311
69.509 3.092124311845143
75.14 3.092124311845143
75.214 3.1391195784353467
77.681 3.1391195784353467
77.71 3.0686265906099166
79.989 3.0686265906099166
80.11 3.108527909995673
82.421 3.108527909995673
82.516 3.0866609880749576
84.864 3.0866609880749576
84.913 3.067233618233618
87.721 3.067233618233618
87.814 3.0480281407035177
89.804 3.0480281407035177
89.916 3.0531125931737937
92.465 3.0531125931737937
92.511 3.060167777342219
95.062 3.060167777342219
95.305 3.0822373180414644
97.572 3.0822373180414644
97.614 3.0401302193913655
103.266 3.0401302193913655
103.313 3.0795137034434292
109.005 3.0795137034434292
109.112 3.0128603425559946
115.184 3.0128603425559946
115.314 3.039561409285479
121.388 3.039561409285479
121.513 2.6824497966843914
127.907 2.6824497966843914
128.016 2.961755205688166
129.985 2.961755205688166
130.015 3.01796463022508
132.503 3.01796463022508
132.612 3.1279345955249567
134.936 3.1279345955249567
135.203 3.101923333333333
137.603 3.101923333333333
137.716 3.0921206663665015
139.937 3.0921206663665015
140.01 3.052881608339538
142.696 3.052881608339538
142.815 3.0772743055555556
145.119 3.0772743055555556
145.214 3.065058011049724
151.006 3.065058011049724
151.112 3.051444982947406
156.683 3.051444982947406
156.811 3.057510717931269
162.689 3.057510717931269
162.81 3.0387604106139845
167.973 3.0387604106139845
168.013 3.0155843974112293
173.73 3.0155843974112293
173.812 3.0519595529536985
177.57 3.0519595529536985
