0.019 2.3270528
0.644 2.3270528
0.723 2.3572727272727274
1.251 2.3572727272727274
1.323 2.3037861825516894
3.306 2.3037861825516894
3.43 2.296588126730237
6.681 2.296588126730237
6.715 2.470257744733581
9.943 2.470257744733581
10.021 2.529989735491512
12.554 2.529989735491512
12.614 2.6496415508412583
15.348 2.6496415508412583
15.415 3.230729626808835
18.041 3.230729626808835
18.113 3.3184163424124513
20.169 3.3184163424124513
20.211 3.450261444077395
22.33 3.450261444077395
22.414 4.655450154798762
24.029 4.655450154798762
24.3 5.392670095518001
25.661 5.392670095518001
25.71 5.083607707794076
29.187 5.083607707794076
29.31 4.581678328718852
33.283 4.581678328718852
33.409 6.257095163806553
35.973 6.257095163806553
36.006 6.248136429608127
38.762 6.248136429608127
38.807 6.163362045760431
41.779 6.163362045760431
41.808 6.097740932642487
44.51 6.097740932642487
44.607 5.703309149277689
47.722 5.703309149277689
47.808 4.408235053653551
51.722 4.408235053653551
51.999 6.4320788332676395
54.536 6.4320788332676395
54.606 6.42737246216316
57.315 6.42737246216316
57.405 6.344893966440557
60.206 6.344893966440557
60.306 6.24145038167939
62.926 6.24145038167939
63.008 6.2323904524403275
65.815 6.2323904524403275
65.907 6.394019741837509
68.541 6.394019741837509
68.605 6.645181692094313
71.489 6.645181692094313
71.608 6.645486099410278
73.982 6.645486099410278
74.108 6.278276470588236
76.828 6.278276470588236
77.099 6.079044943820225
79.947 6.079044943820225
80.009 6.011928876244665
82.821 6.011928876244665
82.91 4.771678978061649
86.511 4.771678978061649
86.61 4.640876886417792
90.387 4.640876886417792
90.508 4.754180873180873
94.356 4.754180873180873
94.411 5.177312394840157
97.977 5.177312394840157
98.011 5.180182422228934
101.322 5.180182422228934
101.409 4.628766726943943
104.727 4.628766726943943
104.813 4.608298283261803
108.541 4.608298283261803
108.803 4.568092052448488
112.54 4.568092052448488
112.607 4.546864406779661
116.383 4.546864406779661
116.509 4.403009135995823
120.34 4.403009135995823
120.41 4.243945604662457
124.528 4.243945604662457
124.611 3.4293785858585855
129.561 3.4293785858585855
129.621 3.2478624222466155
135.087 3.2478624222466155
135.211 4.077620532501799
139.38 4.077620532501799
139.411 3.6095697931311506
144.39 3.6095697931311506
144.515 4.220909335485607
148.232 4.220909335485607
148.5 5.002929773650609
151.946 5.002929773650609
152.008 5.014982072584171
154.295 5.014982072584171
