0.027 1.7650582524271845
0.851 1.7650582524271845
0.925 1.7831518624641833
1.623 1.7831518624641833
1.726 1.7816178343949045
2.354 1.7816178343949045
2.428 1.7814555873925502
3.126 1.7814555873925502
3.23 1.771728997289973
3.968 1.771728997289973
4.03 1.7452244008714597
7.702 1.7452244008714597
7.824 1.9939774291219379
11.457 1.9939774291219379
11.52 1.8757231925713023
16.043 1.8757231925713023
16.136 1.641247053163339
20.293 1.641247053163339
20.422 2.7128400742115026
23.117 2.7128400742115026
23.216 2.8828803680981596
25.824 2.8828803680981596
25.917 2.4238520475561427
28.945 2.4238520475561427
29.015 2.056695085528102
32.698 2.056695085528102
33.008 2.0954339145817538
36.965 2.0954339145817538
37.016 2.136187195320117
40.093 2.136187195320117
40.222 1.9976629699756558
43.919 1.9976629699756558
44.019 2.004040424980565
47.878 2.004040424980565
47.924 1.8205837615621787
51.816 1.8205837615621787
51.931 1.759680660701996
54.837 1.759680660701996
54.924 1.8992649704446158
58.815 1.8992649704446158
58.918 2.4073007087411407
61.881 2.4073007087411407
61.919 2.3651649644073043
65.15 2.3651649644073043
65.407 2.3474410427402246
68.706 2.3474410427402246
68.817 2.652028820629503
71.454 2.652028820629503
71.514 2.3484171297809744
74.573 2.3484171297809744
74.619 2.2136469150885767
77.893 2.2136469150885767
78.021 2.214085347043702
81.911 2.214085347043702
82.017 2.2949587589860005
84.66 2.2949587589860005
84.72 2.3370522522522523
88.05 2.3370522522522523
88.115 2.336572283747381
91.456 2.336572283747381
91.519 2.102748119169425
94.842 2.102748119169425
95.109 2.008846093133386
98.91 2.008846093133386
99.022 1.891663371627037
102.765 1.891663371627037
102.822 1.9088803871859874
107.161 1.9088803871859874
107.22 1.95812213740458
111.412 1.95812213740458
111.513 3.2161567291311752
113.861 3.2161567291311752
113.918 2.4444131784179532
120.201 2.4444131784179532
120.325 2.5916029567053855
126.954 2.5916029567053855
127.016 2.3762472160356345
134.2 2.3762472160356345
134.317 2.664332712600869
140.761 2.664332712600869
140.817 2.509734860883797
147.538 2.509734860883797
147.619 2.076485186123069
151.568 2.076485186123069
151.631 1.6840950118764846
155.841 1.6840950118764846
155.931 1.4523347623485554
161.296 1.4523347623485554
161.44 1.4920171139634384
166.582 1.4920171139634384
166.63 1.7012802078822
171.248 1.7012802078822
171.321 2.122593420632386
174.452 2.122593420632386
174.522 2.1750594282043045
177.635 2.1750594282043045
177.719 2.254494117647059
179.844 2.254494117647059
