0.017 2.654029197080292
0.565 2.654029197080292
0.621 2.6998698481561823
1.082 2.6998698481561823
1.119 2.663942857142857
1.539 2.663942857142857
1.62 2.6856501079913606
2.083 2.6856501079913606
2.124 2.6382115384615386
3.372 2.6382115384615386
3.422 2.6221211129296234
5.866 2.6221211129296234
5.919 2.6133189033189033
8.691 2.6133189033189033
8.822 2.428827941597481
12.315 2.428827941597481
12.42 2.3119837343273466
15.371 2.3119837343273466
15.422 2.235811620795107
18.692 2.235811620795107
18.823 2.2061478873239433
22.231 2.2061478873239433
22.323 2.343366538952746
25.455 2.343366538952746
25.516 2.682297450424929
28.34 2.682297450424929
28.607 2.6601321783766445
31.724 2.6601321783766445
31.816 2.669800162469537
34.278 2.669800162469537
34.315 2.706251374129718
37.044 2.706251374129718
37.117 2.711638148667602
39.969 2.711638148667602
40.014 2.7189992325402916
42.62 2.7189992325402916
42.716 2.7228339076498966
45.618 2.7228339076498966
45.721 2.71116153362665
52.085 2.71116153362665
52.218 2.6985586241111297
58.265 2.6985586241111297
58.321 2.676672098385857
64.826 2.676672098385857
64.919 2.6858165331721326
71.536 2.6858165331721326
71.619 2.681633322400787
77.717 2.681633322400787
77.82 2.6745635223971873
84.361 2.6745635223971873
84.418 2.7016118062239336
90.652 2.7016118062239336
90.718 2.6965535378835317
93.912 2.6965535378835317
94.02 2.6982099644128117
96.268 2.6982099644128117
96.315 2.693798546209761
99.204 2.693798546209761
99.318 2.689110575266965
102.221 2.689110575266965
102.317 2.6812862624712204
104.923 2.6812862624712204
105.019 2.6819894625922025
107.866 2.6819894625922025
107.917 2.6779485627836612
110.561 2.6779485627836612
110.618 2.6623696560591448
113.729 2.6623696560591448
114.006 2.6624871878040866
117.089 2.6624871878040866
117.218 2.7212742342342344
119.993 2.7212742342342344
120.116 2.730194756554307
122.252 2.730194756554307
122.316 2.7294423845874225
125.067 2.7294423845874225
125.118 2.6590280373831776
131.538 2.6590280373831776
131.622 2.6622670181423476
138.071 2.6622670181423476
138.119 2.6689759493670886
144.439 2.6689759493670886
144.519 2.6759405910274077
151.05 2.6759405910274077
151.121 2.6889630920323144
157.434 2.6889630920323144
157.707 2.6989179078628336
160.594 2.6989179078628336
160.72 2.6985409778403096
163.563 2.6985409778403096
163.619 2.6998323024054987
166.529 2.6998323024054987
166.62 2.70046322633076
169.081 2.70046322633076
169.12 2.6954458598726116
171.632 2.6954458598726116
171.72 2.702086858432036
173.493 2.702086858432036
