0.026 1.7780048899755503
0.844 1.7780048899755503
0.925 1.796017316017316
1.618 1.796017316017316
1.728 1.7988038585209003
2.35 1.7988038585209003
2.432 1.7630201729106627
4.167 1.7630201729106627
4.227 1.7654091152815012
6.092 1.7654091152815012
6.227 1.073264779768883
12.198 1.073264779768883
12.344 2.095493202198438
15.801 2.095493202198438
15.919 2.7061869218500796
19.054 2.7061869218500796
19.114 2.198731550112794
22.217 2.198731550112794
22.323 1.9964784270890226
25.985 1.9964784270890226
26.018 2.85550778579567
28.651 2.85550778579567
28.716 2.6933666055045875
31.441 2.6933666055045875
31.521 1.9731200833550404
35.36 1.9731200833550404
35.611 1.8887544419134397
40.001 1.8887544419134397
40.119 1.9208205727644652
43.541 1.9208205727644652
43.623 1.9869141781006188
47.34 1.9869141781006188
47.422 2.36140213740458
50.697 2.36140213740458
50.814 2.4870873990873994
53.663 2.4870873990873994
53.722 1.781660428410372
58.157 1.781660428410372
58.222 1.6696882060551288
62.648 1.6696882060551288
62.723 2.0356255707762556
66.227 2.0356255707762556
66.32 1.8711674828599412
70.404 1.8711674828599412
70.712 1.6857222464083588
75.306 1.6857222464083588
75.425 1.6343538209862118
79.704 1.6343538209862118
79.828 0.9425095775387038
87.45 0.9425095775387038
87.595 0.5395681953543776
101.027 0.5395681953543776
101.206 0.5242103746397695
103.982 0.5242103746397695
104.096 0.528680142687277
105.778 0.528680142687277
105.891 0.529900819318672
108.21 0.529900819318672
108.392 0.8766411764705883
109.752 0.8766411764705883
109.858 0.9053687994248741
111.249 0.9053687994248741
111.355 0.8930775237032906
114.941 0.8930775237032906
115.06 0.89683904213398
118.359 0.89683904213398
118.452 0.9528840161569533
121.918 0.9528840161569533
122.053 0.6887437489511663
133.971 0.6887437489511663
134.11 0.5152283527990335
136.593 0.5152283527990335
136.806 0.520197628458498
138.83 0.520197628458498
138.995 0.5202349239643419
140.902 0.5202349239643419
141.09 0.5156532618409294
143.328 0.5156532618409294
143.493 0.7379630996309964
145.119 0.7379630996309964
145.239 1.120969696969697
146.295 1.120969696969697
146.448 1.1076612489307098
147.617 1.1076612489307098
147.747 1.1008668639053256
150.451 1.1008668639053256
150.55 0.8491473408892763
159.726 0.8491473408892763
159.862 0.8078289986311467
169.359 0.8078289986311467
169.458 0.7596704699284471
179.8 0.7596704699284471
179.963 0.7452953929539295
181.439 0.7452953929539295
181.585 0.74013125
182.865 0.74013125
182.964 0.7404451772464963
184.177 0.7404451772464963
