0.01 3.8173438320209976
0.391 3.8173438320209976
0.513 3.817914110429448
0.839 3.817914110429448
0.912 3.7721720430107526
1.656 3.7721720430107526
1.711 3.7763456790123455
2.521 3.7763456790123455
2.607 3.767148741418764
3.481 3.767148741418764
3.512 3.749832650672908
5.221 3.749832650672908
5.308 3.671626964014192
7.281 3.671626964014192
7.413 3.016360882449786
13.487 3.016360882449786
13.617 2.8080177595628415
19.473 2.8080177595628415
19.516 2.7324213509683513
25.867 2.7324213509683513
25.922 2.413013599777963
33.128 2.413013599777963
33.214 2.2126692794694
36.531 2.2126692794694
36.619 2.8054844444444442
39.319 2.8054844444444442
39.605 2.823163772557031
42.542 2.823163772557031
42.615 2.811397775876818
44.953 2.811397775876818
45.018 2.671016274864376
47.783 2.671016274864376
47.916 2.6902590866728797
48.989 2.6902590866728797
49.115 2.6718371040723983
51.767 2.6718371040723983
51.815 2.9103734806629835
54.53 2.9103734806629835
54.611 3.4149907578558225
56.775 3.4149907578558225
56.813 2.692650811627029
59.462 2.692650811627029
59.517 2.393312871907297
62.71 2.393312871907297
63.008 2.0817763440860215
66.728 2.0817763440860215
66.818 2.13018580566555
70.101 2.13018580566555
70.225 2.192190418065304
73.502 2.192190418065304
73.62 2.2055629945222153
76.906 2.2055629945222153
77.02 2.4792147380541163
80.494 2.4792147380541163
80.618 2.4808081799591
83.063 2.4808081799591
83.119 2.6361395492435937
89.597 2.6361395492435937
89.717 2.354885745375408
97.069 2.354885745375408
97.122 2.303835377487054
104.46 2.303835377487054
104.705 2.4178670044331856
107.863 2.4178670044331856
107.92 1.8262821769409339
111.797 1.8262821769409339
111.925 1.6729210260553422
116.876 1.6729210260553422
116.911 3.161959938366718
119.507 3.161959938366718
119.616 2.758048210372535
122.354 2.758048210372535
122.419 2.1882536585365857
125.084 2.1882536585365857
125.222 1.784810078440694
129.429 1.784810078440694
129.527 1.96255939524838
133.231 1.96255939524838
133.315 3.294077876106195
135.575 3.294077876106195
135.801 3.5657320872274143
137.727 3.5657320872274143
137.811 3.560590534085975
140.114 3.560590534085975
140.212 3.173569639184894
145.561 3.173569639184894
145.617 2.8436354316834853
151.86 2.8436354316834853
151.92 2.5898232784887263
158.484 2.5898232784887263
158.62 2.6940560635586865
165.291 2.6940560635586865
165.415 3.5004730031236053
169.897 3.5004730031236053
170.015 3.190247224278312
175.419 3.190247224278312
175.516 3.222608597920764
179.075 3.222608597920764
