0.01 4.997965635738831
0.301 4.997965635738831
0.406 5.018709677419355
0.654 5.018709677419355
0.708 4.932330404217926
1.277 4.932330404217926
1.309 4.917749196141479
1.931 4.917749196141479
2.008 4.928874251497006
2.676 4.928874251497006
2.71 4.8938248267170765
5.884 4.8938248267170765
6.008 4.895144639818491
9.534 4.895144639818491
9.607 4.110696881310298
14.064 4.110696881310298
14.114 3.6235680916703394
18.652 3.6235680916703394
18.712 3.8546441581519324
23.214 3.8546441581519324
23.309 4.081731455399061
27.569 4.081731455399061
27.611 3.731887286443311
32.118 3.731887286443311
32.209 3.71806983592764
36.963 3.71806983592764
37.203 3.7194540253371473
42.097 3.7194540253371473
42.211 3.7223183294663573
46.521 3.7223183294663573
46.613 3.607765346742091
51.386 3.607765346742091
51.509 3.418083970890091
56.868 3.418083970890091
56.911 2.9374391157068995
62.52 2.9374391157068995
62.613 3.190529006882989
63.63 3.190529006882989
63.713 3.3545347253744895
65.916 3.3545347253744895
66.012 3.61705476673428
67.984 3.61705476673428
68.007 4.290762492981471
69.788 4.290762492981471
69.91 4.285671278361926
71.717 4.285671278361926
71.811 3.7826972010178115
76.134 3.7826972010178115
76.211 4.488024628014366
80.109 4.488024628014366
80.207 4.095780155642023
84.319 4.095780155642023
84.41 3.669290446103772
89.633 3.669290446103772
89.713 4.113789830508474
93.548 4.113789830508474
93.61 4.319987857323552
97.563 4.319987857323552
97.608 3.5986530866763666
102.419 3.5986530866763666
102.508 3.994693761814745
106.74 3.994693761814745
107.001 4.491065342394146
110.827 4.491065342394146
110.909 4.561174082747853
114.752 4.561174082747853
114.809 4.606922185847393
118.78 4.606922185847393
118.808 4.653969246281825
122.775 4.653969246281825
122.908 4.338877814318239
126.861 4.338877814318239
126.909 4.252006644518273
130.521 4.252006644518273
130.609 4.741853712393045
134.232 4.741853712393045
134.308 4.728797783933518
137.918 4.728797783933518
138.009 4.649054968860006
141.702 4.649054968860006
142.001 3.917307942405945
146.307 3.917307942405945
146.411 3.523501612903226
151.371 3.523501612903226
151.409 4.370603501544799
155.293 4.370603501544799
155.41 4.311028654686741
159.528 4.311028654686741
159.612 4.22770455110669
163.633 4.22770455110669
163.71 3.746518240567021
168.507 3.746518240567021
168.609 3.5992475338380365
172.968 3.5992475338380365
173.013 3.3378695062923525
178.178 3.3378695062923525
178.216 3.338941484716157
181.651 3.338941484716157
