0.011 4.516795031055901
0.333 4.516795031055901
0.408 4.542481751824817
0.682 4.542481751824817
0.809 4.44159898798229
2.39 4.44159898798229
2.505 4.436249554367201
4.188 4.436249554367201
4.309 4.447290574456218
6.102 4.447290574456218
6.208 4.4472338653712695
7.649 4.4472338653712695
7.707 4.444245398773006
9.337 4.444245398773006
9.408 3.6416966805804014
14.439 3.6416966805804014
14.509 2.783773827662096
20.416 2.783773827662096
20.515 3.8753032603841002
24.993 3.8753032603841002
25.106 4.96237899543379
28.61 4.96237899543379
28.707 5.028285799701046
32.052 5.028285799701046
32.107 4.173719952774498
36.342 4.173719952774498
36.407 4.483499507389162
40.467 4.483499507389162
40.508 4.623398270893372
43.978 4.623398270893372
44.297 4.625265645984421
48.02 4.625265645984421
48.111 4.777650495565989
51.945 4.777650495565989
52.008 5.075815157116451
55.254 5.075815157116451
55.308 4.036766189502385
59.709 4.036766189502385
59.811 3.989325317919075
64.136 3.989325317919075
64.211 4.329579198726453
67.98 4.329579198726453
68.11 4.558050261780105
71.93 4.558050261780105
72.009 4.7215855472901165
75.773 4.7215855472901165
75.81 4.881373134328358
79.16 4.881373134328358
79.399 4.028164862997928
83.742 4.028164862997928
83.81 4.255140980293078
87.768 4.255140980293078
87.808 4.64036416464891
91.938 4.64036416464891
92.007 4.958008799497172
95.189 4.958008799497172
95.308 4.729136527277762
98.919 4.729136527277762
99.008 5.087605054363797
102.411 5.087605054363797
102.508 4.336978963571062
106.406 4.336978963571062
106.513 3.2408178046020373
111.815 3.2408178046020373
111.916 2.839098153547133
118.09 2.839098153547133
118.405 2.8522120361708763
124.819 2.8522120361708763
124.918 3.8672593213238375
129.692 3.8672593213238375
129.81 3.6648683760683762
134.49 3.6648683760683762
134.613 3.103303293594666
139.562 3.103303293594666
139.615 2.3701691919191923
142.783 2.3701691919191923
142.918 2.3411658615136877
146.023 2.3411658615136877
146.118 2.342547514159849
149.296 2.342547514159849
149.421 4.210668301655426
151.052 4.210668301655426
151.11 4.653825198637912
152.872 4.653825198637912
152.909 4.649206557377049
154.434 4.649206557377049
154.508 3.062805031446541
157.052 3.062805031446541
157.116 2.9093485020857033
159.753 2.9093485020857033
160.002 3.3922763385146806
162.318 3.3922763385146806
162.408 4.812338884866039
163.789 4.812338884866039
163.907 4.72719934192487
167.554 4.72719934192487
167.61 4.481932004689332
170.169 4.481932004689332
