0.026 1.405225120772947
1.061 1.405225120772947
1.139 1.3879599826011308
3.438 1.3879599826011308
3.542 1.3885738601823707
6.832 1.3885738601823707
6.935 1.409828245363766
10.44 1.409828245363766
10.526 1.7705057627118646
13.476 1.7705057627118646
13.506 6.155826086956522
13.92 6.155826086956522
14.01 2.520570633263744
16.884 2.520570633263744
17.015 2.2979133261105096
20.707 2.2979133261105096
20.821 1.3494193037974682
25.877 1.3494193037974682
25.916 2.1798163387000598
29.27 2.1798163387000598
29.335 2.081548172757475
32.947 2.081548172757475
33.016 2.667911304980007
35.767 2.667911304980007
35.814 2.445853406522441
38.911 2.445853406522441
39.016 2.773121070234114
42.006 2.773121070234114
42.302 3.015159633027523
44.482 3.015159633027523
44.516 2.897355825814045
47.065 2.897355825814045
47.118 2.911743975903615
49.774 2.911743975903615
49.812 3.3203898781630743
51.946 3.3203898781630743
52.013 4.969600000000001
53.603 4.969600000000001
53.708 5.612827586206897
56.782 5.612827586206897
56.905 5.481418878065167
59.882 5.481418878065167
60.006 4.0863065008214035
64.267 4.0863065008214035
64.317 3.578024562109926
69.284 3.578024562109926
69.408 5.9659248449471
72.149 5.9659248449471
72.207 5.534425814615628
75.368 5.534425814615628
75.407 5.597157859754071
78.416 5.597157859754071
78.505 5.755166366366367
81.835 5.755166366366367
82.101 5.027528362014022
85.239 5.027528362014022
85.308 6.047065155807365
88.132 6.047065155807365
88.205 6.643561013046815
90.811 6.643561013046815
90.905 6.773054487179487
93.401 6.773054487179487
93.506 7.768
95.718 7.768
95.805 7.8392629695885505
98.041 7.8392629695885505
98.108 7.036187692307693
100.708 7.036187692307693
100.807 5.909825864276568
103.931 5.909825864276568
104.009 4.257032514271531
108.038 4.257032514271531
108.298 8.138976152623211
110.185 8.138976152623211
110.305 7.344906370243694
112.644 7.344906370243694
112.707 7.019309210526316
115.139 7.019309210526316
115.206 6.735566888976069
117.755 6.735566888976069
117.808 5.802520811833505
120.715 5.802520811833505
120.811 2.91908601970937
126.798 2.91908601970937
126.916 2.0711839921913127
135.112 2.0711839921913127
135.206 2.5270912455516013
142.231 2.5270912455516013
142.323 1.59097800655124
153.008 1.59097800655124
153.309 2.5740544256659983
160.291 2.5740544256659983
160.418 2.864546284462297
165.895 2.864546284462297
166.018 2.9495459366980326
171.863 2.9495459366980326
171.915 3.883936335929563
174.868 3.883936335929563
