0.082 0.5857462746677407
2.565 0.5857462746677407
2.711 0.7002859189227905
9.692 0.7002859189227905
9.83 1.5294256130790191
11.665 1.5294256130790191
11.735 1.5440888440181728
13.716 1.5440888440181728
13.814 3.1444864539434074
15.475 3.1444864539434074
15.518 2.88799639477242
17.737 2.88799639477242
17.809 3.798699528054536
19.716 3.798699528054536
19.81 2.5662117362371446
23.116 2.5662117362371446
23.217 1.9856414435389989
26.653 1.9856414435389989
26.715 2.5254245250431775
29.61 2.5254245250431775
29.708 5.464063953488372
31.084 5.464063953488372
31.106 5.641371252882398
32.407 5.641371252882398
32.507 4.301424190800682
34.268 4.301424190800682
34.502 3.6983193577163247
36.744 3.6983193577163247
36.806 8.819786695986807
38.625 8.819786695986807
38.703 9.22822293676313
40.569 9.22822293676313
40.604 7.689971452560873
42.986 7.689971452560873
43.105 5.809624823695345
45.941 5.809624823695345
46.007 5.697821680564465
49.125 5.697821680564465
49.207 5.6999775355137094
52.234 5.6999775355137094
52.305 4.984173488087966
55.579 4.984173488087966
55.611 4.242629629629629
59.715 4.242629629629629
60.001 4.2385041736227045
64.194 4.2385041736227045
64.311 3.929968757510214
68.472 3.929968757510214
68.51 7.409707750952986
70.871 7.409707750952986
70.904 7.4389787985865725
73.168 7.4389787985865725
73.204 7.433942591155935
75.782 7.433942591155935
75.907 7.438181989627534
78.028 7.438181989627534
78.106 8.534188905547225
80.107 8.534188905547225
80.202 7.271364972700546
82.583 7.271364972700546
82.706 6.653106650924833
85.247 6.653106650924833
85.498 6.641985311171241
88.085 6.641985311171241
88.207 6.642134141720349
90.846 6.642134141720349
90.906 2.279637133956386
98.931 2.279637133956386
99.025 1.7410690305545076
109.629 1.7410690305545076
109.717 2.701887838689351
116.065 2.701887838689351
116.118 3.5700251046025104
120.42 3.5700251046025104
120.513 3.5672209302325584
125.329 3.5672209302325584
125.412 3.496714461286358
130.294 3.496714461286358
130.411 3.179437037037037
135.811 3.179437037037037
136.104 2.709707309236948
142.329 2.709707309236948
142.425 1.4218996013343097
154.716 1.4218996013343097
154.813 3.2821778808971387
159.985 3.2821778808971387
160.115 2.273670081967213
167.923 2.273670081967213
168.016 4.390392561983471
171.888 4.390392561983471
172.007 4.206940074906367
176.279 4.206940074906367
176.311 6.815430060816682
178.613 6.815430060816682
178.707 8.965208528341135
180.63 8.965208528341135
180.705 7.9980920502092046
182.139 7.9980920502092046
