0.033 1.3891193887297038
1.08 1.3891193887297038
1.14 1.4047855530474043
2.026 1.4047855530474043
2.131 1.4003204005006258
2.93 1.4003204005006258
3.035 1.40344920993228
3.921 1.40344920993228
4.035 1.390995744680851
4.975 1.390995744680851
5.045 1.3514675324675325
8.125 1.3514675324675325
8.245 1.3219197080291971
13.725 1.3219197080291971
13.826 1.7226184771573603
18.751 1.7226184771573603
18.83 1.626767763471626
23.024 1.626767763471626
23.124 2.078198976691302
26.642 2.078198976691302
26.727 1.746064096609382
31.033 1.746064096609382
31.127 2.300038859291758
34.318 2.300038859291758
34.417 1.8552064658339458
38.5 1.8552064658339458
38.625 1.632211023622047
43.705 1.632211023622047
44.01 1.7238520849724626
47.823 1.7238520849724626
47.926 2.052058905251459
51.525 2.052058905251459
51.618 2.102662316476346
55.296 2.102662316476346
55.414 2.6962374429223748
58.042 2.6962374429223748
58.116 2.6903861082737484
61.053 2.6903861082737484
61.117 3.0817514595496247
63.515 3.0817514595496247
63.612 2.0985089732274202
67.011 2.0985089732274202
67.136 1.4321304347826087
72.472 1.4321304347826087
72.533 1.5128361008009377
77.652 1.5128361008009377
77.913 1.4578695017719407
82.71 1.4578695017719407
82.832 1.704747982914096
87.046 1.704747982914096
87.123 1.8394619289340102
91.063 1.8394619289340102
91.127 1.5265494505494506
96.769 1.5265494505494506
96.83 1.525163691224541
100.807 1.525163691224541
100.929 1.5401511973085296
105.982 1.5401511973085296
106.025 1.3880378685420611
109.722 1.3880378685420611
109.835 1.3749374262101535
114.917 1.3749374262101535
115.035 1.3953991228070177
120.507 1.3953991228070177
120.642 1.4815583375062595
122.639 1.4815583375062595
122.729 1.6024725861232412
124.79 1.6024725861232412
124.925 1.5979601593625499
126.933 1.5979601593625499
127.03 1.610412348401323
128.844 1.610412348401323
128.926 1.7961622377622377
130.356 1.7961622377622377
130.434 1.3727049360146253
135.904 1.3727049360146253
136.033 1.3733837143396939
141.326 1.3733837143396939
141.438 1.5100640973630832
146.368 1.5100640973630832
146.426 1.708783279422742
150.445 1.708783279422742
150.532 1.5355880149812733
155.872 1.5355880149812733
155.976 1.1970352861725477
161.899 1.1970352861725477
162.015 2.2364454649827783
165.499 2.2364454649827783
165.64 1.2521547249877591
171.767 1.2521547249877591
171.84 1.2959407651172357
174.271 1.2959407651172357
174.332 1.3602588597842835
176.279 1.3602588597842835
176.332 1.3583005405405406
178.182 1.3583005405405406
178.234 1.3499013806706115
181.783 1.3499013806706115
