0.015 3.1686448801742917
0.474 3.1686448801742917
0.514 3.1832225063938617
0.905 3.1832225063938617
1.016 3.135749720670391
1.911 3.135749720670391
2.013 3.1334483195941663
3.59 3.1334483195941663
3.718 3.1282824637112596
6.267 3.1282824637112596
6.315 3.1230331384015595
8.367 3.1230331384015595
8.415 3.7788836724047994
10.332 3.7788836724047994
10.41 3.4670600735594608
12.857 3.4670600735594608
12.912 3.7861620421753606
14.714 3.7861620421753606
14.814 2.883617148554337
20.832 2.883617148554337
20.912 3.187566636113657
26.367 3.187566636113657
26.418 1.177761781387858
40.699 1.177761781387858
41.008 2.018872068230277
44.76 2.018872068230277
44.821 2.05136862939139
48.863 2.05136862939139
48.922 2.7172583712277802
51.341 2.7172583712277802
51.416 3.1536189451022607
52.345 3.1536189451022607
52.408 3.144496732026144
53.326 3.144496732026144
53.408 3.141083051991897
54.889 3.141083051991897
55.014 3.0579195046439627
57.598 3.0579195046439627
57.716 2.7139331619537272
60.439 2.7139331619537272
60.517 2.709013292821876
63.15 2.709013292821876
63.405 2.707954642097803
66.227 2.707954642097803
66.318 2.9569331806032837
68.937 2.9569331806032837
69.012 3.5644240570846075
70.974 3.5644240570846075
71.013 3.500964578747248
76.01 3.500964578747248
76.117 2.786079073614557
82.162 2.786079073614557
82.213 1.38824367982615
96.018 1.38824367982615
96.114 3.7418729179518815
97.735 3.7418729179518815
97.813 2.8176625633598844
100.575 2.8176625633598844
100.618 2.370631035529912
103.911 2.370631035529912
104.208 2.082692101341282
107.563 2.082692101341282
107.619 2.3913636078922647
110.812 2.3913636078922647
110.912 2.6963046458492004
113.538 2.6963046458492004
113.617 2.933982288345731
116.44 2.933982288345731
116.508 4.439398593834505
118.357 4.439398593834505
118.411 4.452556603773585
120.107 4.452556603773585
120.209 4.627372100030129
123.528 4.627372100030129
123.608 4.713233470507545
127.253 4.713233470507545
127.313 4.540148936170213
131.073 4.540148936170213
131.117 3.0774260620182825
136.696 3.0774260620182825
136.818 2.615588153202047
143.267 2.615588153202047
143.323 1.9213465259454705
152.419 1.9213465259454705
152.531 1.848273868914502
158.344 1.848273868914502
158.424 1.8145728924080113
162.718 1.8145728924080113
162.82 2.2039505889112325
166.301 2.2039505889112325
166.418 2.2680461893764434
169.882 2.2680461893764434
170.018 2.371820128479657
172.82 2.371820128479657
172.914 3.7679243183082916
174.711 3.7679243183082916
174.811 3.769315499606609
176.082 3.769315499606609
