0.031 1.4515049900199601
1.033 1.4515049900199601
1.142 1.4367041873030166
3.363 1.4367041873030166
3.438 2.317804899777283
7.928 2.317804899777283
8.009 5.635888785912883
10.167 5.635888785912883
10.209 6.611933665008292
11.415 6.611933665008292
11.504 8.399035386631716
12.267 8.399035386631716
12.303 7.960571428571429
13.213 7.960571428571429
13.306 5.534178734507502
14.839 5.534178734507502
14.909 3.7542812785388127
19.289 3.7542812785388127
19.417 3.879635144198524
23.89 3.879635144198524
24.009 4.602481736368449
27.787 4.602481736368449
27.906 4.4496338624338625
31.686 4.4496338624338625
31.805 6.109818181818182
34.698 6.109818181818182
34.808 3.1580513532269254
40.572 3.1580513532269254
40.612 4.714426094622392
44.015 4.714426094622392
44.108 5.347783850931677
47.328 5.347783850931677
47.597 7.525682826622843
50.031 7.525682826622843
50.108 3.9473157642549115
54.282 3.9473157642549115
54.413 3.6577739345274862
59.27 3.6577739345274862
59.312 4.080849574266793
63.54 4.080849574266793
63.611 3.301271292737204
68.554 3.301271292737204
68.612 3.704628085106383
73.312 3.704628085106383
73.407 5.906297108673978
76.416 5.906297108673978
76.512 3.2497217806041334
81.544 3.2497217806041334
81.613 2.0659329239489845
90.081 2.0659329239489845
90.225 2.2783652939327257
93.406 2.2783652939327257
93.514 3.4218482320222487
96.031 3.4218482320222487
96.111 3.3127121791370837
97.942 3.3127121791370837
98.013 3.0894736006351726
100.532 3.0894736006351726
100.617 2.855335771762985
103.351 2.855335771762985
103.417 2.749874852420307
105.958 2.749874852420307
106.018 2.6393446249567925
108.911 2.6393446249567925
109.02 2.4440787021056267
111.917 2.4440787021056267
112.207 3.1219871843196385
114.86 3.1219871843196385
114.909 4.055557312252964
116.933 4.055557312252964
117.01 3.6183689506468615
119.097 3.6183689506468615
119.214 2.5078785107772696
125.338 2.5078785107772696
125.429 3.5189954936501437
130.311 3.5189954936501437
130.411 6.956381418092909
132.865 6.956381418092909
132.908 6.295914924825817
135.635 6.295914924825817
135.709 3.1826279245283016
141.009 3.1826279245283016
141.12 4.548820406038521
144.962 4.548820406038521
145.012 4.525572913889629
148.763 4.525572913889629
148.808 5.132355015900549
152.267 5.132355015900549
152.501 6.125981981981982
155.276 6.125981981981982
155.412 3.110965553055219
161.189 3.110965553055219
161.318 4.887576323987538
164.528 4.887576323987538
164.606 6.019586592178771
167.47 6.019586592178771
167.508 6.641148812970469
169.235 6.641148812970469
