0.011 3.8173438320209976
0.392 3.8173438320209976
0.512 3.8414814814814813
0.836 3.8414814814814813
0.915 3.7874439946018894
1.656 3.7874439946018894
1.71 3.7810135970333745
2.519 3.7810135970333745
2.614 3.729650140318054
4.752 3.729650140318054
4.812 2.7074203633291085
7.179 2.7074203633291085
7.218 3.086763736263736
8.674 3.086763736263736
8.711 3.772297020898177
10.96 3.772297020898177
11.014 3.2691355864811134
16.044 3.2691355864811134
16.106 4.625162046908316
19.858 4.625162046908316
19.907 3.8606074600355242
24.411 3.8606074600355242
24.509 4.964467532467532
27.897 4.964467532467532
28.006 5.623832007636017
31.149 5.623832007636017
31.208 5.526110503946569
34.502 5.526110503946569
34.608 4.888236441194394
37.89 4.888236441194394
38.008 4.883682359614294
41.534 4.883682359614294
41.823 2.0593043282743113
50.718 2.0593043282743113
50.815 3.073898507462687
56.175 3.073898507462687
56.223 3.7936809737347854
60.906 3.7936809737347854
61.013 3.517600815494393
65.918 3.517600815494393
66.01 3.712897383390216
70.405 3.712897383390216
70.512 3.6335041736227045
75.304 3.6335041736227045
75.408 4.617315666406859
79.257 4.617315666406859
79.308 4.476485080755543
82.961 4.476485080755543
83.01 4.199308689390302
87.176 4.199308689390302
87.402 4.201009728111749
91.411 4.201009728111749
91.509 4.303773635751179
95.962 4.303773635751179
96.009 4.348507166482911
99.637 4.348507166482911
99.712 4.3452702290076335
103.642 4.3452702290076335
103.712 4.635373493975903
107.447 4.635373493975903
107.51 4.635465862352619
111.157 4.635465862352619
111.209 4.546921407779836
114.988 4.546921407779836
115.108 4.393130827067669
119.098 4.393130827067669
119.211 4.391283725396064
123.377 4.391283725396064
123.7 4.9324862409831685
127.443 4.9324862409831685
127.507 5.133667764142472
130.848 5.133667764142472
130.907 5.1007133842577215
133.918 5.1007133842577215
134.007 4.608298283261803
137.735 4.608298283261803
137.81 4.612526344231289
141.511 4.612526344231289
141.608 3.8068647450110866
146.118 3.8068647450110866
146.211 3.3614842566759666
151.229 3.3614842566759666
151.313 3.362171604463255
156.511 3.362171604463255
156.613 4.007418319169028
160.849 4.007418319169028
161.102 4.238972301814709
165.29 4.238972301814709
165.41 4.257350363135487
169.403 4.257350363135487
169.511 4.2841592371871275
173.706 4.2841592371871275
173.811 4.551528865680301
177.258 4.551528865680301
177.308 4.878352009054895
180.842 4.878352009054895
180.907 4.884695059625213
183.255 4.884695059625213
