0.095 0.3781612064482579
3.941 0.3781612064482579
4.129 0.38249539028887525
7.383 0.38249539028887525
7.539 0.38056326530612244
10.479 0.38056326530612244
10.636 0.3791024390243903
13.916 0.3791024390243903
14.136 0.3731552511415525
17.64 0.3731552511415525
17.858 0.371574843692534
20.577 0.371574843692534
20.739 0.3699426847662142
24.054 0.3699426847662142
24.245 0.37752225841476655
27.929 0.37752225841476655
28.152 0.3717792167745914
31.395 0.3717792167745914
31.652 0.3329862357869539
34.994 0.3329862357869539
35.251 0.3330554740240681
38.658 0.3330554740240681
38.997 0.3783113264688068
42.299 0.3783113264688068
42.543 0.38956922144804607
45.844 0.38956922144804607
46.027 0.39933592448639643
49.629 0.39933592448639643
49.844 0.4063866521581429
52.601 0.4063866521581429
52.846 0.3775175707949505
55.777 0.3775175707949505
55.976 0.32131877973691575
59.549 0.32131877973691575
59.777 0.3173368448775349
63.574 0.3173368448775349
63.769 0.3052069204152249
68.104 0.3052069204152249
68.379 0.30543306233062334
72.069 0.30543306233062334
72.383 0.3728548625480343
75.766 0.3728548625480343
75.953 0.38118840579710145
79.265 0.38118840579710145
79.421 0.4539342332987193
82.31 0.4539342332987193
82.516 0.467019508057676
84.874 0.467019508057676
85.002 0.43758181140514346
87.685 0.43758181140514346
87.861 0.38209866583928015
91.084 0.38209866583928015
91.242 0.3784676202860858
95.087 0.3784676202860858
95.246 0.3832931034482759
97.566 0.3832931034482759
97.724 0.3792716049382716
100.964 0.3792716049382716
101.155 0.40343288844119873
109.097 0.40343288844119873
109.326 0.35079888579387186
112.916 0.35079888579387186
113.158 0.34125243770314195
116.85 0.34125243770314195
117.058 0.333540423065778
120.509 0.333540423065778
120.763 0.3295241935483871
124.731 0.3295241935483871
124.968 0.30183547233326324
129.721 0.30183547233326324
129.997 0.28322160726145673
134.514 0.28322160726145673
134.77 0.2838716635211648
138.479 0.2838716635211648
138.694 0.28467374461979916
142.179 0.28467374461979916
142.524 0.282159413202934
146.614 0.282159413202934
146.878 0.29366813509544787
150.964 0.29366813509544787
151.171 0.2957142143392456
155.174 0.2957142143392456
155.38 0.2676981600165392
160.217 0.2676981600165392
160.495 0.25866844800712535
164.986 0.25866844800712535
165.218 0.26689177153920624
170.383 0.26689177153920624
170.588 0.2934768284647485
175.141 0.2934768284647485
175.387 0.3002372801875733
179.652 0.3002372801875733
179.898 0.30926511104863647
183.455 0.30926511104863647
183.811 0.30659158576051776
186.901 0.30659158576051776
187.179 0.2979960185799602
190.193 0.2979960185799602
