0.028 1.6360044994375702
0.917 1.6360044994375702
1.029 1.6507161803713528
1.783 1.6507161803713528
1.828 1.571426966292135
2.54 1.571426966292135
2.637 1.2335873015873018
3.645 1.2335873015873018
3.742 1.2174450651769086
4.816 1.2174450651769086
4.94 0.9862662538699691
7.524 0.9862662538699691
7.617 2.3696826954530583
10.674 2.3696826954530583
10.72 1.0408411237884923
18.871 1.0408411237884923
18.914 1.7480563668972586
22.817 1.7480563668972586
22.917 1.9392848806366048
26.687 1.9392848806366048
26.823 1.8418794708476236
30.905 1.8418794708476236
31.026 1.7445742809603044
35.233 1.7445742809603044
35.328 1.8000969581749051
39.536 1.8000969581749051
39.622 1.9113951129552789
43.96 1.9113951129552789
44.209 1.9997103742013995
47.496 1.9997103742013995
47.623 2.0475076240643193
51.23 2.0475076240643193
51.321 1.8599307359307358
55.479 1.8599307359307358
55.527 1.6743175803402646
59.759 1.6743175803402646
59.83 1.3509427252521797
65.679 1.3509427252521797
65.735 1.322010733452594
71.325 1.322010733452594
71.441 1.7832080000000001
75.441 1.7832080000000001
75.521 2.0737715061058344
79.206 2.0737715061058344
79.321 2.0823361118580266
83.04 2.0823361118580266
83.306 1.9755367231638419
86.846 1.9755367231638419
86.926 1.9463039826605257
90.617 1.9463039826605257
90.724 1.9850671049027664
94.375 1.9850671049027664
94.422 2.0034408001860897
98.721 2.0034408001860897
98.824 2.047797434166104
101.786 2.047797434166104
101.819 1.5905137952176578
106.712 1.5905137952176578
106.832 1.4520997023809523
112.208 1.4520997023809523
112.324 1.9517966480446929
115.904 1.9517966480446929
116.024 2.0839585152838427
119.688 2.0839585152838427
120.009 1.8756280794701985
123.784 1.8756280794701985
123.922 1.8060689053641517
128.508 1.8060689053641517
128.626 1.8028658027674063
133.179 1.8028658027674063
133.223 1.831563424690759
137.346 1.831563424690759
137.424 1.9998957475994514
140.34 1.9998957475994514
140.422 2.143504424778761
143.925 2.143504424778761
144.018 1.9662753583987016
147.715 1.9662753583987016
147.822 1.6888874773139746
152.23 1.6888874773139746
152.331 1.8971270718232045
155.951 1.8971270718232045
156.021 2.155599159074982
157.448 2.155599159074982
157.523 2.20851711026616
158.049 2.20851711026616
158.127 2.068793482688391
160.582 2.068793482688391
160.626 1.8526809949287613
164.767 1.8526809949287613
164.822 1.5299925998052581
169.957 1.5299925998052581
170.02 2.0492876965772435
173.263 2.0492876965772435
173.319 1.6398546863647372
177.448 1.6398546863647372
177.531 1.6278627251104314
180.474 1.6278627251104314
