0.013 3.3511705069124424
0.447 3.3511705069124424
0.517 3.3458064516129036
0.889 3.3458064516129036
1.015 3.370048192771084
1.347 3.370048192771084
1.42 3.306854054054054
2.345 3.306854054054054
2.413 3.3123621730382293
3.407 3.3123621730382293
3.516 3.2948401028277634
5.461 3.2948401028277634
5.513 3.2957779799818017
7.711 3.2957779799818017
7.816 3.2921598758246025
10.393 3.2921598758246025
10.517 2.592425035472174
16.86 2.592425035472174
16.946 1.663497699386503
27.378 1.663497699386503
27.543 1.3380587293112653
33.162 1.3380587293112653
33.25 0.7549294383871632
42.972 0.7549294383871632
43.029 1.6381757961783439
43.814 1.6381757961783439
43.925 1.469262512768131
44.904 1.469262512768131
45.046 1.0345410895660203
46.129 1.0345410895660203
46.247 2.138475912408759
47.617 2.138475912408759
47.717 2.5935741239892183
48.83 2.5935741239892183
48.918 2.5945252173913045
50.068 2.5945252173913045
50.117 2.7628195804195803
52.977 2.7628195804195803
53.01 4.19174134997164
54.773 4.19174134997164
54.831 1.3416249280605113
66.994 1.3416249280605113
67.139 1.1299494307260092
73.902 1.1299494307260092
74.052 1.9508796433878157
76.744 1.9508796433878157
76.819 2.5939910979228484
79.515 2.5939910979228484
79.621 1.360569696969697
84.901 1.360569696969697
85.023 1.4943257731958763
89.873 1.4943257731958763
90.106 0.8396989373111046
100.363 0.8396989373111046
100.443 0.6953765258215963
103.638 0.6953765258215963
103.816 0.4946977606177606
110.291 0.4946977606177606
110.435 1.3232319644839068
111.336 1.3232319644839068
111.436 0.47238109527381844
114.102 0.47238109527381844
114.316 0.3916394156046006
117.533 0.3916394156046006
117.739 0.5372565825313237
123.246 0.5372565825313237
123.382 0.6220513796384396
125.484 0.6220513796384396
125.581 1.214753598645216
126.762 1.214753598645216
126.838 1.2348571428571429
127.874 1.2348571428571429
127.944 1.0393682132280355
128.957 1.0393682132280355
129.05 1.0476349148859108
131.811 1.0476349148859108
131.943 0.6072949039264829
143.913 0.6072949039264829
144.083 0.5630821210699203
146.214 0.5630821210699203
146.386 0.5666558161799904
148.475 0.5666558161799904
148.582 0.5974528233151184
162.307 0.5974528233151184
162.515 0.4073211781206171
165.367 0.4073211781206171
165.516 0.5393176838810642
168.072 0.5393176838810642
168.134 1.3846632124352332
169.099 1.3846632124352332
169.231 1.388841648590022
170.153 1.388841648590022
170.231 0.9599217107647698
172.99 0.9599217107647698
173.156 1.078865519439133
179.432 1.078865519439133
179.539 0.5354644014753549
188.486 0.5354644014753549
