0.01 4.559272727272727
0.329 4.559272727272727
0.414 4.500592383638929
1.123 4.500592383638929
1.212 4.500894581280788
2.227 4.500894581280788
2.309 4.500408014571949
3.407 4.500408014571949
3.512 3.5019727711901623
5.789 3.5019727711901623
5.915 2.5091871574001567
8.469 2.5091871574001567
8.509 3.4138171536286523
10.631 3.4138171536286523
10.714 3.392201519392243
13.215 3.392201519392243
13.32 3.4080315025906733
18.145 3.4080315025906733
18.212 4.034784468728203
22.513 4.034784468728203
22.607 5.1688989298454215
25.971 5.1688989298454215
26.009 5.284202324850769
29.192 5.284202324850769
29.305 5.895831887925284
32.303 5.895831887925284
32.404 5.894756476683938
35.492 5.894756476683938
35.609 5.398113055181696
38.581 5.398113055181696
38.607 5.097650680876258
41.985 5.097650680876258
42.3 5.110912946428572
45.884 5.110912946428572
46.006 5.354597335066623
49.083 5.354597335066623
49.206 5.354372513562387
52.524 5.354372513562387
52.606 5.343397956023536
55.835 5.343397956023536
55.906 5.325778067885118
58.97 5.325778067885118
59.005 5.326323646375038
62.274 5.326323646375038
62.307 5.324160575194727
65.645 5.324160575194727
65.707 5.326579804560261
68.777 5.326579804560261
68.806 5.275729794933655
72.122 5.275729794933655
72.401 4.910159766763848
75.831 4.910159766763848
75.91 4.912766982824916
79.811 4.912766982824916
79.908 5.05329404228059
83.03 5.05329404228059
83.106 5.0975856716417915
86.456 5.0975856716417915
86.508 5.096591109802767
89.905 5.096591109802767
90.008 5.044925096985974
93.359 5.044925096985974
93.407 5.044866705813271
96.813 5.044866705813271
96.908 5.0925601394538065
100.35 5.0925601394538065
100.408 5.146016315049226
103.963 5.146016315049226
104.2 5.149873361227336
107.785 5.149873361227336
107.908 5.2355262515262515
111.184 5.2355262515262515
111.307 5.231010899182561
114.243 5.231010899182561
114.307 5.185552671294898
117.62 5.185552671294898
117.706 5.050579881656805
121.086 5.050579881656805
121.207 5.054153664998529
124.604 5.054153664998529
124.707 5.062403361344538
128.039 5.062403361344538
128.108 5.0744970963995355
131.552 5.0744970963995355
131.608 5.065778573560131
134.959 5.065778573560131
135.2 5.01350353007625
138.741 5.01350353007625
138.807 5.014631268436578
142.197 5.014631268436578
142.308 5.069689139633287
145.853 5.069689139633287
145.907 5.1021528455284555
148.982 5.1021528455284555
149.008 5.105151317737637
152.385 5.105151317737637
152.508 5.1873649932157395
154.719 5.1873649932157395
