0.013 3.3823441860465118
0.443 3.3823441860465118
0.517 3.3913896457765667
0.884 3.3913896457765667
1.013 3.3904727272727273
1.343 3.3904727272727273
1.414 3.3974207650273223
1.78 3.3974207650273223
1.819 3.3322156289176763
4.212 3.3322156289176763
4.315 3.3325345813832556
6.238 3.3325345813832556
6.312 3.426736045411542
8.426 3.426736045411542
8.511 2.600826486817903
11.773 2.600826486817903
11.815 2.183951344430218
14.939 2.183951344430218
15.018 1.8999750519750518
18.866 1.8999750519750518
18.931 1.9010245259165612
22.886 1.9010245259165612
23.022 1.5195494824016564
27.852 1.5195494824016564
28.129 1.56342786377709
32.974 1.56342786377709
33.026 1.5574064613072878
38.35 1.5574064613072878
38.43 1.384674109964188
43.177 1.384674109964188
43.22 1.7916933527413876
47.342 1.7916933527413876
47.428 1.3959552346570396
52.968 1.3959552346570396
53.033 1.2797023659021132
58.57 1.2797023659021132
58.623 1.5628291139240507
63.679 1.5628291139240507
63.722 0.6835667375820923
74.533 0.6835667375820923
74.63 1.57671
75.43 1.57671
75.523 1.57812
76.323 1.57812
76.424 1.2945863770977295
77.437 1.2945863770977295
77.546 1.2383610986042324
79.767 1.2383610986042324
79.819 2.030482369534556
81.237 2.030482369534556
81.319 1.8132299224418313
85.316 1.8132299224418313
85.424 1.4588062330623306
91.328 1.4588062330623306
91.43 1.4428106565176022
95.634 1.4428106565176022
95.73 0.9009474415373929
104.368 0.9009474415373929
104.471 1.0887709902370992
111.641 1.0887709902370992
111.734 0.7030316933293088
121.673 0.7030316933293088
121.752 0.993615141955836
123.02 0.993615141955836
123.142 1.0026550522648083
124.29 1.0026550522648083
124.447 1.002723926380368
125.751 1.002723926380368
125.841 1.0802891566265058
127.169 1.0802891566265058
127.248 1.0716390315480557
129.974 1.0716390315480557
130.036 1.125060008760403
132.319 1.125060008760403
132.435 1.5989607517965725
134.244 1.5989607517965725
134.322 0.8494180883383968
142.88 0.8494180883383968
143.061 1.0383006973500697
150.231 1.0383006973500697
150.332 0.7733989927252378
153.906 0.7733989927252378
154.077 0.7071851447296559
155.908 0.7071851447296559
156.062 0.6012836438923396
157.994 0.6012836438923396
158.195 0.5355462315462315
160.769 0.5355462315462315
160.903 0.5409716599190283
163.373 0.5409716599190283
163.484 0.7307891440501044
167.795 0.7307891440501044
167.957 0.8194381188118812
171.189 0.8194381188118812
171.378 0.7213171849427168
177.488 0.7213171849427168
177.686 0.7801335287412473
183.827 0.7801335287412473
