0.02 2.092673381294964
0.715 2.092673381294964
0.831 2.1275897435897435
1.416 2.1275897435897435
1.518 2.1230664136622392
2.045 2.1230664136622392
2.126 2.1075525423728814
2.716 2.1075525423728814
2.825 2.1089290322580645
3.445 2.1089290322580645
3.52 2.6741993704092337
4.473 2.6741993704092337
4.527 2.022319713261649
5.922 2.022319713261649
6.023 2.0028083097261566
10.259 2.0028083097261566
10.32 2.505568857877341
13.043 2.505568857877341
13.12 2.19083550056811
21.041 2.19083550056811
21.12 3.678480220012693
25.847 3.678480220012693
25.911 2.62355576353143
32.322 2.62355576353143
32.427 1.6416554286245006
43.194 1.6416554286245006
43.316 3.502527388535032
44.886 3.502527388535032
45.011 3.51124358974359
46.883 3.51124358974359
47.203 3.3237443744374437
49.425 3.3237443744374437
49.513 3.223673197165486
51.912 3.223673197165486
52.017 3.2266448087431696
54.213 3.2266448087431696
54.312 3.133094369547978
56.834 3.133094369547978
56.913 3.052474184221396
59.334 3.052474184221396
59.414 2.8854498381877023
61.886 2.8854498381877023
62.027 2.0175842410196987
70.657 2.0175842410196987
70.717 3.1816795398520954
73.151 3.1816795398520954
73.212 3.406429615197272
75.265 3.406429615197272
75.504 3.4030355281856943
77.615 3.4030355281856943
77.712 4.120227401932916
79.471 4.120227401932916
79.511 4.643737339471771
83.638 4.643737339471771
83.714 3.443121780881711
88.296 3.443121780881711
88.422 2.2496261362139376
96.013 2.2496261362139376
96.302 4.274844444444445
100.352 4.274844444444445
100.409 4.343664953751285
104.301 4.343664953751285
104.409 4.221822113022113
108.479 4.221822113022113
108.613 3.9550072202166064
113.045 3.9550072202166064
113.114 3.8360427762633678
117.883 3.8360427762633678
118.012 4.100909817858729
122.514 4.100909817858729
122.613 4.585985026737968
126.353 4.585985026737968
126.413 4.188232342514317
130.08 4.188232342514317
130.213 2.898555086890501
136.14 2.898555086890501
136.405 2.8632941965783294
142.367 2.8632941965783294
142.418 3.221797710639895
147.747 3.221797710639895
147.817 3.046402022756005
153.354 3.046402022756005
153.416 2.742488294314381
156.406 2.742488294314381
156.518 2.7290377213240955
159.116 2.7290377213240955
159.219 2.6745065824117957
161.118 2.6745065824117957
161.22 2.6583340263340265
164.106 2.6583340263340265
164.217 2.6605187944463258
167.17 2.6605187944463258
167.217 2.5482515337423317
169.825 2.5482515337423317
169.924 1.6490404286410132
174.03 1.6490404286410132
174.129 1.8511591962905718
176.717 1.8511591962905718
