0.013 3.4383167848699765
0.436 3.4383167848699765
0.514 3.438232044198895
0.876 3.438232044198895
0.911 3.463950464396285
1.234 3.463950464396285
1.312 3.4349613259668508
1.674 3.4349613259668508
1.716 3.3788101694915254
4.076 3.3788101694915254
4.112 3.3799915611814346
6.008 3.3799915611814346
6.112 3.380363975734951
8.255 3.380363975734951
8.316 3.3005541343902
13.867 3.3005541343902
13.917 3.5950485351989503
18.491 3.5950485351989503
18.612 3.7873435181143607
23.194 3.7873435181143607
23.31 3.1017081698180524
28.916 3.1017081698180524
29.01 3.0570003635041805
34.512 3.0570003635041805
34.618 3.3236064233576643
38.043 3.3236064233576643
38.108 3.974895493767977
40.194 3.974895493767977
40.336 3.5306532663316585
41.53 3.5306532663316585
41.611 3.367697218422253
43.804 3.367697218422253
43.912 3.169504918032787
46.352 3.169504918032787
46.416 3.1145986813186815
48.691 3.1145986813186815
48.81 4.419275167785234
50.598 4.419275167785234
50.712 3.5421539724902487
55.583 3.5421539724902487
55.717 3.0632971653838936
61.044 3.0632971653838936
61.116 5.6882561254491995
64.177 5.6882561254491995
64.21 4.28035838150289
68.362 4.28035838150289
68.414 3.4726268846888937
73.123 3.4726268846888937
73.212 3.701718154887854
77.938 3.701718154887854
78.016 4.037844162071446
82.187 4.037844162071446
82.31 4.2250229276895945
86.846 4.2250229276895945
87.1 3.7625528261388026
91.293 3.7625528261388026
91.412 3.667721649484536
96.068 3.667721649484536
96.113 3.4605476713971615
101.116 3.4605476713971615
101.215 3.20362781883646
106.492 3.20362781883646
106.616 3.1539676945668136
112.064 3.1539676945668136
112.114 3.2574971194945177
117.495 3.2574971194945177
117.615 3.2849861734602266
123.184 3.2849861734602266
123.315 3.388198935584511
128.764 3.388198935584511
128.815 3.3997193260654113
133.86 3.3997193260654113
133.915 3.458948007590133
136.55 3.458948007590133
136.613 3.594397319291527
138.702 3.594397319291527
138.814 3.5651397743992153
140.853 3.5651397743992153
140.914 3.224173235166739
143.223 3.224173235166739
143.314 3.2227123416236507
145.445 3.2227123416236507
145.516 3.2635981325863677
150.871 3.2635981325863677
150.917 3.1011004749725974
156.391 3.1011004749725974
156.518 3.251431501831502
161.978 3.251431501831502
162.115 2.6574331717992807
168.512 2.6574331717992807
168.805 2.598912338736355
171.828 2.598912338736355
171.918 2.6051901215209723
174.469 2.6051901215209723
174.519 2.4488101265822784
177.284 2.4488101265822784
177.421 1.821596958174905
180.051 1.821596958174905
