0.029 1.5982505494505495
0.939 1.5982505494505495
1.03 1.6122279792746115
1.802 1.6122279792746115
1.931 1.607551724137931
2.627 1.607551724137931
2.733 1.6106943005181347
3.505 1.6106943005181347
3.626 1.5984547677261614
4.444 1.5984547677261614
4.535 1.4371975779322719
8.994 1.4371975779322719
9.136 1.4741798941798943
14.05 1.4741798941798943
14.127 1.5231411131059247
19.697 1.5231411131059247
19.826 1.556264598540146
24.21 1.556264598540146
24.331 1.5369148623081774
29.088 1.5369148623081774
29.233 1.528471640577353
34.152 1.528471640577353
34.228 1.5277735220649458
39.032 1.5277735220649458
39.131 1.5512611099733769
44.014 1.5512611099733769
44.314 1.5512875584658559
49.659 1.5512875584658559
49.734 1.5514798619102417
51.472 1.5514798619102417
51.526 1.5852492836676217
52.224 1.5852492836676217
52.332 1.5257124735729388
54.224 1.5257124735729388
54.341 1.5287361156753205
57.384 1.5287361156753205
57.432 1.5713444180522564
58.274 1.5713444180522564
58.329 1.5205843621399175
63.189 1.5205843621399175
63.337 1.5293379073756432
68.001 1.5293379073756432
68.131 1.5298994994994997
73.126 1.5298994994994997
73.419 1.5214554027504912
78.509 1.5214554027504912
78.633 1.5209656372335798
83.231 1.5209656372335798
83.333 1.532382252559727
88.021 1.532382252559727
88.128 1.5257852631578945
92.878 1.5257852631578945
92.931 1.5379985714285715
98.531 1.5379985714285715
98.63 1.5355888607594936
102.58 1.5355888607594936
102.633 1.528355066771406
107.725 1.528355066771406
107.833 1.5271992373689227
109.931 1.5271992373689227
110.032 1.5275820895522387
111.908 1.5275820895522387
112.033 1.5404405964405965
114.112 1.5404405964405965
114.226 1.5514798112218142
116.133 1.5514798112218142
116.233 1.559346553352219
118.351 1.559346553352219
118.43 1.5223382789317506
123.822 1.5223382789317506
123.93 1.51850713854816
128.903 1.51850713854816
129.026 1.5250251046025105
132.85 1.5250251046025105
132.928 1.5277102746693796
137.843 1.5277102746693796
137.927 1.5300610397810988
142.678 1.5300610397810988
142.73 1.5352889255516602
147.579 1.5352889255516602
147.632 1.518372761441521
152.155 1.518372761441521
152.231 1.5207789317507419
157.623 1.5207789317507419
157.913 1.5152895917931182
162.592 1.5152895917931182
162.733 1.5277992156862745
167.833 1.5277992156862745
167.932 1.523724329692155
172.967 1.523724329692155
173.028 1.545844946025515
175.066 1.545844946025515
175.127 1.5487859649122806
176.837 1.5487859649122806
176.93 1.5397401960784314
178.562 1.5397401960784314
178.632 1.5477188208616781
179.955 1.5477188208616781
