0.049 0.7567159209157128
1.971 0.7567159209157128
2.082 0.796933066933067
6.086 0.796933066933067
6.135 1.4587431551499348
6.902 1.4587431551499348
7.027 1.4611703877790836
7.878 1.4611703877790836
7.928 1.4472474725274727
10.203 1.4472474725274727
10.334 1.4374010152284262
12.107 1.4374010152284262
12.242 1.128543386820377
18.661 1.128543386820377
18.73 1.3761388483373884
24.895 1.3761388483373884
25.028 1.6102582015577058
29.265 1.6102582015577058
29.335 1.2308255892255893
35.275 1.2308255892255893
35.347 1.3641998877035373
38.909 1.3641998877035373
39.213 1.4290440917107583
41.481 1.4290440917107583
41.53 1.4798250863060989
42.399 1.4798250863060989
42.53 1.0069992713140636
50.764 1.0069992713140636
50.842 1.4615024390243903
52.687 1.4615024390243903
52.728 1.3268623188405797
54.936 1.3268623188405797
55.036 1.2849169919333854
58.879 1.2849169919333854
58.929 1.4289770114942528
61.017 1.4289770114942528
61.13 1.1876896046852123
63.862 1.1876896046852123
63.939 1.094695278969957
66.502 1.094695278969957
66.821 1.4215062068965516
68.996 1.4215062068965516
69.131 1.4572555301296721
74.375 1.4572555301296721
74.433 1.2378849104859335
80.689 1.2378849104859335
80.841 1.45332502078138
85.653 1.45332502078138
85.727 0.9636228034875922
93.182 0.9636228034875922
93.23 1.6217229805325575
97.699 1.6217229805325575
97.828 1.1066159578568675
105.611 1.1066159578568675
105.745 0.8501338432122372
106.791 0.8501338432122372
106.939 1.3142673796791444
107.874 1.3142673796791444
107.94 1.3029857923497268
108.855 1.3029857923497268
108.94 1.2937896162528215
111.155 1.2937896162528215
111.239 1.0982770919067215
114.155 1.0982770919067215
114.251 1.0685928161786902
120.877 1.0685928161786902
120.939 1.1649271448663854
128.049 1.1649271448663854
128.132 1.3284427900954847
134.311 1.3284427900954847
134.442 1.3119416261292565
140.198 1.3119416261292565
140.329 1.399831012962074
144.495 1.399831012962074
144.638 1.4143333961197966
149.947 1.4143333961197966
150.028 1.6322942008486563
150.735 1.6322942008486563
150.832 1.6259186991869918
151.57 1.6259186991869918
151.629 1.5791197771587744
154.501 1.5791197771587744
154.63 1.2851530177811168
158.623 1.2851530177811168
158.746 1.1054006859993764
165.16 1.1054006859993764
165.234 1.4434944421572664
167.663 1.4434944421572664
167.73 1.2053987915407853
170.378 1.2053987915407853
170.447 1.1422508383635146
174.92 1.1422508383635146
175.032 1.2882031401434388
180.191 1.2882031401434388
180.324 1.6486389091794498
184.431 1.6486389091794498
184.531 1.2268373879641485
188.436 1.2268373879641485
