0.012 3.3357981651376147
0.448 3.3357981651376147
0.513 3.373008130081301
0.882 3.373008130081301
0.915 3.370048192771084
1.247 3.370048192771084
1.32 3.296163793103448
2.248 3.296163793103448
2.312 3.299086172344689
3.31 3.299086172344689
3.418 3.2914555726759116
5.365 3.2914555726759116
5.414 3.389854936827328
7.551 3.389854936827328
7.61 3.4473368549370176
10.071 3.4473368549370176
10.118 3.3661723643807573
15.003 3.3661723643807573
15.116 3.538663947797716
20.02 3.538663947797716
20.111 3.697251966829683
24.814 3.697251966829683
24.913 3.3378876761262153
29.952 3.3378876761262153
30.011 2.922570105820106
36.059 2.922570105820106
36.117 2.922300208701236
42.346 2.922300208701236
42.418 2.9278610244988865
44.663 2.9278610244988865
44.71 3.4175659416936606
46.871 3.4175659416936606
46.908 3.429530820399113
49.163 3.429530820399113
49.212 2.9495338345864663
54.798 2.9495338345864663
54.916 2.9496609662958657
60.939 2.9496609662958657
61.013 3.1142182890855454
63.386 3.1142182890855454
63.411 3.113414229594064
65.702 3.113414229594064
65.811 3.1203952633728056
68.26 3.1203952633728056
68.505 3.112623794212219
70.993 3.112623794212219
71.113 3.1192685102586974
73.355 3.1192685102586974
73.411 3.597299949924887
75.408 3.597299949924887
75.704 3.7137481808158763
80.239 3.7137481808158763
80.312 3.625558834657586
85.598 3.625558834657586
85.713 3.5953473108477665
90.101 3.5953473108477665
90.21 3.4188012012012012
95.205 3.4188012012012012
95.312 3.6395038890056757
100.069 3.6395038890056757
100.114 3.487836599958737
104.961 3.487836599958737
105.014 3.43313006993007
110.019 3.43313006993007
110.113 3.5490164000809883
115.052 3.5490164000809883
115.114 3.5508711180124224
120.266 3.5508711180124224
120.503 3.642915548539858
125.571 3.642915548539858
125.615 3.6345802076711164
130.334 3.6345802076711164
130.412 3.5716855813953488
134.712 3.5716855813953488
134.814 3.263007787274454
140.079 3.263007787274454
140.113 3.0847415973979038
145.647 3.0847415973979038
145.712 3.6818081107814047
147.734 3.6818081107814047
147.817 3.6633537964458807
149.055 3.6633537964458807
149.114 3.6059982409850484
151.388 3.6059982409850484
151.508 3.61
153.472 3.61
153.51 3.6123208159480757
155.667 3.6123208159480757
155.717 3.669034911525586
157.808 3.669034911525586
157.914 3.5485600722673896
160.128 3.5485600722673896
160.208 3.4794973821989528
162.118 3.4794973821989528
162.213 3.4390775982445643
167.226 3.4390775982445643
167.313 3.1039956698240867
171.008 3.1039956698240867
