0.035 1.292807111111111
1.16 1.292807111111111
1.235 1.2924610591900312
2.198 1.2924610591900312
2.329 1.3009953488372092
3.189 1.3009953488372092
3.33 1.2939188345473465
4.291 1.2939188345473465
4.443 1.2731972157772622
7.029 1.2731972157772622
7.132 1.511572953736655
8.818 1.511572953736655
8.929 1.5374038147138964
10.764 1.5374038147138964
10.835 1.0830966424103152
18.668 1.0830966424103152
18.747 0.5028867104002359
32.314 0.5028867104002359
32.512 0.5514568880079287
34.53 0.5514568880079287
34.645 0.9624427480916031
35.824 0.9624427480916031
36.119 0.9550336391437309
37.427 0.9550336391437309
37.543 0.9553997028231799
38.889 0.9553997028231799
39.043 0.9494442244224423
40.558 0.9494442244224423
40.648 0.7231086082059534
44.377 0.7231086082059534
44.519 0.4216019571161318
51.468 0.4216019571161318
51.611 0.43209333835152425
54.268 0.43209333835152425
54.438 0.4301777936451267
57.239 0.4301777936451267
57.411 0.42845595854922275
60.499 0.42845595854922275
60.728 0.9632888888888889
61.898 0.9632888888888889
62.032 1.4354662910042262
67.001 1.4354662910042262
67.13 1.400118724807622
72.588 1.400118724807622
72.719 1.8513526177384652
76.902 1.8513526177384652
77.029 1.513395368967756
81.65 1.513395368967756
81.741 1.0237719823286304
88.758 1.0237719823286304
88.849 1.1260845245494095
95.285 1.1260845245494095
95.429 1.714670913796536
100.452 1.714670913796536
100.522 1.8092247557003256
101.75 1.8092247557003256
102.01 1.450854586129754
107.374 1.450854586129754
107.412 3.2717887678122377
109.798 3.2717887678122377
109.914 2.5802924667651403
112.622 2.5802924667651403
112.71 5.124579865771812
114.2 5.124579865771812
114.306 6.13561178509532
115.46 6.13561178509532
115.508 4.609144129104062
117.305 4.609144129104062
117.406 4.8685931198102015
119.092 4.8685931198102015
119.205 6.506670713201821
121.841 6.506670713201821
121.908 6.5132519083969465
124.266 6.5132519083969465
124.304 5.952784476784477
127.19 5.952784476784477
127.31 5.954293686780606
130.177 5.954293686780606
130.309 4.526485631426311
134.102 4.526485631426311
134.208 4.292093638676844
138.138 4.292093638676844
138.211 4.427810488978971
142.158 4.427810488978971
142.211 4.526779733333334
145.961 4.526779733333334
146.198 3.8467640303358612
150.813 3.8467640303358612
150.914 3.2628790786948176
156.124 3.2628790786948176
156.215 3.0088812991796416
162.188 3.0088812991796416
162.323 2.3767792758672925
168.924 2.3767792758672925
169.024 1.1206510660426419
184.408 1.1206510660426419
184.521 2.9599243856332706
185.579 2.9599243856332706
