0.085 0.5004845147969718
2.991 0.5004845147969718
3.209 0.5045156059991893
5.676 0.5045156059991893
5.797 0.5037622692480864
8.018 0.5037622692480864
8.211 0.5114997943233237
10.642 0.5114997943233237
10.795 0.5943345454545454
12.995 0.5943345454545454
13.173 0.6006611177170036
14.855 0.6006611177170036
14.975 0.997040650406504
16.205 0.997040650406504
16.347 1.1307252032520325
17.577 1.1307252032520325
17.642 1.1122509225092252
18.726 1.1122509225092252
18.858 1.3170787245541344
24.409 1.3170787245541344
24.521 2.304890251379522
27.783 2.304890251379522
27.814 1.9073347193347192
31.662 1.9073347193347192
31.73 1.5271790322580645
36.69 1.5271790322580645
36.828 0.9172159292035399
45.868 0.9172159292035399
45.969 0.6236288425047438
56.509 0.6236288425047438
56.667 0.7636328502415458
58.116 0.7636328502415458
58.26 0.763853626081171
59.763 0.763853626081171
59.86 1.0074648829431438
61.056 1.0074648829431438
61.14 1.1514986945169712
62.289 1.1514986945169712
62.453 1.1263364110798875
64.944 1.1263364110798875
65.055 1.0246709237973606
69.753 1.0246709237973606
69.857 0.9211494385257702
73.33 0.9211494385257702
73.441 1.1862819188191882
76.151 1.1862819188191882
76.241 1.6263720930232557
80.541 1.6263720930232557
80.612 2.9345620915032677
83.06 2.9345620915032677
83.121 1.2717108264607826
88.82 1.2717108264607826
88.942 1.2300474150242788
95.944 1.2300474150242788
96.024 1.129950819672131
101.392 1.129950819672131
101.558 0.8804597805181581
110.397 0.8804597805181581
110.522 2.117641207815275
111.085 2.117641207815275
111.119 2.0781319796954314
112.498 2.0781319796954314
112.621 2.0231054958938723
114.204 2.0231054958938723
114.323 2.80749246629659
116.845 2.80749246629659
116.911 2.6980533467539005
118.898 2.6980533467539005
119.023 0.8013714732012106
129.266 0.8013714732012106
129.367 1.0003359385349053
136.916 1.0003359385349053
137.016 3.153972958355868
138.865 3.153972958355868
138.907 4.901237597911227
140.439 4.901237597911227
140.509 4.400314769975786
142.161 4.400314769975786
142.211 1.177945569620253
148.531 1.177945569620253
148.821 1.7011642308645034
152.858 1.7011642308645034
152.926 1.8121635359116022
157.451 1.8121635359116022
157.526 1.5198370846730975
162.191 1.5198370846730975
162.334 1.2293745661091828
168.672 1.2293745661091828
168.745 1.1631218920557915
175.341 1.1631218920557915
175.438 1.3295050741608119
179.281 1.3295050741608119
179.334 0.9061416803953872
180.548 0.9061416803953872
180.657 0.8979791469194313
181.712 0.8979791469194313
181.849 0.8898878748370275
184.15 0.8898878748370275
