0.013 3.4464644549763035
0.435 3.4464644549763035
0.52 3.405464247598719
1.457 3.405464247598719
1.513 3.39358645707376
2.34 3.39358645707376
2.414 3.3911751662971175
3.316 3.3911751662971175
3.414 3.3978204334365323
4.383 3.3978204334365323
4.411 3.4071016042780746
5.159 3.4071016042780746
5.219 3.48275
7.299 3.48275
7.412 3.594871186440678
9.772 3.594871186440678
9.819 3.5332513966480446
14.473 3.5332513966480446
14.512 4.407825247650495
18.449 4.407825247650495
18.509 3.070488433692389
24.172 3.070488433692389
24.212 4.025757778841551
28.39 4.025757778841551
28.511 3.7833270547945204
33.183 3.7833270547945204
33.312 3.6449755706848217
38.306 3.6449755706848217
38.416 3.916794921875
42.512 3.916794921875
42.613 4.138395577986061
46.774 4.138395577986061
47.001 4.039142668136714
51.536 4.039142668136714
51.613 3.7910943396226418
55.959 3.7910943396226418
56.013 3.477355255431591
61.122 3.477355255431591
61.218 2.857540907585293
67.256 2.857540907585293
67.317 2.0840592592592593
75.147 2.0840592592592593
75.241 1.7742855816113303
79.548 1.7742855816113303
79.619 2.9300824820279985
82.262 2.9300824820279985
82.321 3.446722523410547
84.35 3.446722523410547
84.413 2.936961569910057
86.859 2.936961569910057
86.922 3.245624720107479
89.155 3.245624720107479
89.215 3.0650505338078293
92.025 3.0650505338078293
92.115 3.12981217750258
94.053 3.12981217750258
94.118 3.328650128314799
96.456 3.328650128314799
96.702 2.471189616967395
99.861 2.471189616967395
99.924 2.151965506621497
103.171 2.151965506621497
103.22 2.5494570951585973
106.215 2.5494570951585973
106.317 2.376802954011413
109.296 2.376802954011413
109.423 2.5221169305724724
112.707 2.5221169305724724
112.814 2.8285485871812543
115.716 2.8285485871812543
115.815 3.13862676641729
118.221 3.13862676641729
118.314 2.79698561282098
123.805 2.79698561282098
123.92 3.1661879837817914
129.346 3.1661879837817914
129.416 2.8963284696301326
135.31 2.8963284696301326
135.418 2.986425465298313
141.167 2.986425465298313
141.218 3.33886144101346
146.27 3.33886144101346
146.314 3.763257536606374
150.958 3.763257536606374
151.017 2.9242763135228254
156.822 2.9242763135228254
156.925 2.87821271076524
163.093 2.87821271076524
163.236 1.6466949989268083
167.895 1.6466949989268083
168.017 3.3093984835720303
170.391 3.3093984835720303
170.515 2.3957606344628695
173.289 2.3957606344628695
173.417 1.970020366598778
176.854 1.970020366598778
176.937 1.267742789097645
180.716 1.267742789097645
