0.137 0.4370216346153846
3.465 0.4370216346153846
3.551 0.9611119691119691
4.846 0.9611119691119691
4.946 0.6324793668739401
6.715 0.6324793668739401
6.953 0.3561890575766256
10.444 0.3561890575766256
10.649 0.3534836442281698
14.348 0.3534836442281698
14.551 0.6010184414039262
16.232 0.6010184414039262
16.358 0.7846193218170185
17.921 0.7846193218170185
18.06 0.7795919282511211
19.844 0.7795919282511211
19.969 0.532779496243924
22.232 0.532779496243924
22.408 0.4932801418439717
24.664 0.4932801418439717
24.814 0.4795942519019442
27.18 0.4795942519019442
27.466 0.4778821729150727
30.08 0.4778821729150727
30.232 0.5745146669734269
38.925 0.5745146669734269
39.118 0.5425040565297042
54.402 0.5425040565297042
54.583 0.4843960224816256
56.896 0.4843960224816256
57.125 0.42987723387723387
59.699 0.42987723387723387
59.927 0.43144381811349114
62.588 0.43144381811349114
62.73 0.49544736842105264
65.162 0.49544736842105264
65.304 0.5142137582588419
67.877 0.5142137582588419
68.02 0.5412237654320987
73.204 0.5412237654320987
73.552 0.5995095057034221
75.656 0.5995095057034221
75.777 0.6000456273764259
77.881 0.6000456273764259
77.982 0.6148223159868729
80.115 0.6148223159868729
80.29 0.6172825112107623
82.074 0.6172825112107623
82.172 0.6105210608424337
84.095 0.6105210608424337
84.291 0.9883659711075442
85.537 0.9883659711075442
85.614 1.6364795743872316
90.877 1.6364795743872316
90.937 1.2437104777527168
95.814 1.2437104777527168
95.939 1.164330341113106
102.623 1.164330341113106
102.722 1.3912828372839068
108.333 1.3912828372839068
108.439 1.2413274116184048
114.068 1.2413274116184048
114.123 1.043831032125769
121.438 1.043831032125769
121.562 0.803141560798548
130.378 0.803141560798548
130.59 0.28125446332544635
135.239 0.28125446332544635
135.508 0.2819068579288662
140.597 0.2819068579288662
140.898 0.3426116764863417
144.632 0.3426116764863417
144.816 0.45957223919685725
147.107 0.45957223919685725
147.318 0.45404485125858124
149.503 0.45404485125858124
149.714 0.46087539936102234
152.218 0.46087539936102234
152.374 1.4741130221130223
153.188 1.4741130221130223
153.229 1.4759900249376559
154.031 1.4759900249376559
154.312 1.4631141242937853
155.197 1.4631141242937853
155.328 0.7042214336408801
159.555 0.7042214336408801
159.674 0.5755485300635249
173.212 0.5755485300635249
173.469 0.3308244615003714
177.508 0.3308244615003714
177.765 0.3320829875518672
181.621 0.3320829875518672
181.879 0.3626956808440488
184.912 0.3626956808440488
185.113 0.41533011836913636
187.394 0.41533011836913636
187.625 0.4183325570563577
189.772 0.4183325570563577
