0.037 1.1093882532418002
1.348 1.1093882532418002
1.446 1.1202880288028803
2.557 1.1202880288028803
2.645 0.9963098842386465
3.768 0.9963098842386465
3.848 0.7459244151169767
5.515 0.7459244151169767
5.669 0.7079242014076881
7.516 0.7079242014076881
7.67 0.7150120311394197
9.083 0.7150120311394197
9.17 0.6035236220472441
11.202 0.6035236220472441
11.393 0.4993867145421903
14.178 0.4993867145421903
14.321 0.5156185006045949
27.553 0.5156185006045949
27.688 0.5701024590163934
29.64 0.5701024590163934
29.764 0.6889617486338798
31.411 0.6889617486338798
31.746 0.6844843835616439
33.571 0.6844843835616439
33.676 0.6921248654467168
35.534 0.6921248654467168
35.673 0.6935429122468659
37.747 0.6935429122468659
37.887 0.47877342419080066
46.692 0.47877342419080066
46.899 0.2956985569214324
50.641 0.2956985569214324
50.893 0.2838249690976514
54.938 0.2838249690976514
55.222 0.28317931844888367
59.477 0.28317931844888367
59.687 0.2984597338145725
64.12 0.2984597338145725
64.38 0.30751650750341064
68.045 0.30751650750341064
68.382 0.3060829895656394
72.503 0.3060829895656394
72.775 0.40117445185891326
75.922 0.40117445185891326
76.156 0.41881500781657116
83.832 0.41881500781657116
84.023 0.4444035512510089
86.501 0.4444035512510089
86.721 0.4392188552188552
89.394 0.4392188552188552
89.613 0.4143687752355316
92.585 0.4143687752355316
92.744 0.3784676202860858
96.589 0.3784676202860858
96.842 0.3831279620853081
99.163 0.3831279620853081
99.335 0.42025991792065664
102.259 0.42025991792065664
102.554 0.4928615130219099
104.973 0.4928615130219099
105.096 0.4875602013162989
107.679 0.4875602013162989
107.802 0.5131991853360489
110.257 0.5131991853360489
110.389 0.5502141491395793
112.481 0.5502141491395793
112.592 0.6110445883441258
117.997 0.6110445883441258
118.151 1.0145855728429984
119.565 1.0145855728429984
119.648 0.6681592638471067
130.95 0.6681592638471067
131.065 0.4675080968414302
143.539 0.4675080968414302
143.72 0.44269879518072286
145.961 0.44269879518072286
146.261 0.4543433070866142
148.801 0.4543433070866142
149.015 0.45229099133056916
151.668 0.45229099133056916
151.802 0.459527950310559
154.378 0.459527950310559
154.494 0.5252965517241379
156.959 0.5252965517241379
157.098 0.5310872435325602
162.703 0.5310872435325602
162.886 0.6586220735785953
164.979 0.6586220735785953
165.071 0.6621407333994054
167.089 0.6621407333994054
167.279 0.732558352402746
169.027 0.732558352402746
169.162 0.8136508875739645
170.514 0.8136508875739645
170.664 0.7753335390311632
173.905 0.7753335390311632
174.082 0.7015375604041587
180.911 0.7015375604041587
