0.052 0.7203605745418524
2.071 0.7203605745418524
2.17 0.7312808460634548
3.872 0.7312808460634548
3.971 0.7288964169381107
5.506 0.7288964169381107
5.672 0.6065639024390245
7.722 0.6065639024390245
7.914 0.40207134071340717
11.166 0.40207134071340717
11.345 0.3616005726556908
14.139 0.3616005726556908
14.284 0.6847347850362926
16.075 0.6847347850362926
16.133 1.242888293118856
17.252 1.242888293118856
17.339 1.2533056133056133
18.301 1.2533056133056133
18.447 2.0835292106013106
21.956 2.0835292106013106
22.017 1.8244484348459111
26.138 1.8244484348459111
26.238 0.519568455330596
40.364 0.519568455330596
40.541 0.4726085997794928
43.262 0.4726085997794928
43.349 0.9121166772352568
44.926 0.9121166772352568
45.016 2.0371054545454546
45.566 2.0371054545454546
45.62 1.3796807980049874
46.422 1.3796807980049874
46.548 1.419895720609936
48.581 1.419895720609936
48.809 1.7906777862016678
52.766 1.7906777862016678
52.823 1.439020943361865
58.314 1.439020943361865
58.484 0.8065087853323147
67.647 0.8065087853323147
67.734 0.8125805422647528
76.512 0.8125805422647528
76.681 1.0346395884105064
84.067 1.0346395884105064
84.169 0.6855284892838474
86.082 0.6855284892838474
86.17 0.6930346129641284
87.759 0.6930346129641284
87.857 1.768120481927711
88.521 1.768120481927711
88.624 1.5490056093829678
90.585 1.5490056093829678
90.733 0.9396546206896552
94.358 0.9396546206896552
94.483 0.5698199538343165
98.382 0.5698199538343165
98.485 0.39341292065831496
106.627 0.39341292065831496
106.849 0.37957083731295765
109.99 0.37957083731295765
110.373 0.3996724849254205
113.524 0.3996724849254205
113.725 0.41553562005277045
116.757 0.41553562005277045
116.954 0.6754976525821597
118.658 0.6754976525821597
118.746 0.9593191489361702
120.109 0.9593191489361702
120.248 0.6937253384912959
122.316 0.6937253384912959
122.485 0.7852924731182795
126.205 0.7852924731182795
126.337 0.623777516311905
135.686 0.623777516311905
135.865 1.1580345465761874
142.349 1.1580345465761874
142.441 0.8418436595251881
151.076 0.8418436595251881
151.315 1.6128064516129033
152.059 1.6128064516129033
152.126 1.6305013774104684
152.852 1.6305013774104684
152.93 1.1210058309037902
155.674 1.1210058309037902
155.757 0.5517597775718258
161.152 0.5517597775718258
161.304 1.1632877637130803
162.489 1.1632877637130803
162.62 1.8455801104972374
163.344 1.8455801104972374
163.422 1.1978828897338403
166.052 1.1978828897338403
166.238 0.5050030395136779
179.398 0.5050030395136779
179.643 0.39228488612836443
182.058 0.39228488612836443
182.366 0.3942756804214223
184.644 0.3942756804214223
