0.048 0.7934577195853793
1.881 0.7934577195853793
1.957 0.8014423696072118
3.51 0.8014423696072118
3.663 0.7974739843193157
5.066 0.7974739843193157
5.159 0.8011958762886597
6.711 0.8011958762886597
6.878 0.46432386363636363
9.694 0.46432386363636363
9.907 0.4714475034997667
12.05 0.4714475034997667
12.196 0.5024006554690701
14.637 0.5024006554690701
14.807 0.49956609195402296
17.591 0.49956609195402296
17.81 0.5235258358662614
20.113 0.5235258358662614
20.295 0.5319502868068834
22.387 0.5319502868068834
22.614 0.6466270022883296
26.984 0.6466270022883296
27.067 0.7595669088352472
31.334 0.7595669088352472
31.461 0.6549709684255138
36.18 0.6549709684255138
36.31 0.6628003197442047
48.82 0.6628003197442047
48.949 0.9176150696150697
50.17 0.9176150696150697
50.246 0.9714697102721686
51.385 0.9714697102721686
51.446 0.9762517006802721
52.622 0.9762517006802721
52.747 1.1280544423440453
55.392 1.1280544423440453
55.553 1.1087666955767563
60.165 1.1087666955767563
60.249 0.9355665274085327
68.148 0.9355665274085327
68.247 1.214512514898689
74.12 1.214512514898689
74.414 1.1599647844565877
81.002 1.1599647844565877
81.149 1.0099981149858623
84.332 1.0099981149858623
84.433 1.3220072028811523
85.266 1.3220072028811523
85.33 1.4026666666666667
86.167 1.4026666666666667
86.227 1.52643216080402
88.217 1.52643216080402
88.342 1.129392572944297
91.358 1.129392572944297
91.45 1.170282847771561
96.633 1.170282847771561
96.734 1.0110931531765623
104.431 1.0110931531765623
104.599 0.8118227953410981
114.215 0.8118227953410981
114.339 1.2581098901098902
115.34 1.2581098901098902
115.621 1.2586453546453547
116.622 1.2586453546453547
116.738 1.2607316538882802
117.651 1.2607316538882802
117.738 1.2242996254681648
118.806 1.2242996254681648
118.943 1.228447166921899
121.555 1.228447166921899
121.641 1.2138781546375181
127.862 1.2138781546375181
127.954 1.0837569225051107
133.335 1.0837569225051107
133.44 1.1247297783103654
140.116 1.1247297783103654
140.238 1.2563636363636363
146.024 1.2563636363636363
146.139 1.2380868119075337
152.152 1.2380868119075337
152.232 1.3843176778875226
157.193 1.3843176778875226
157.339 1.3874785746504286
159.556 1.3874785746504286
159.819 1.1279818112921562
162.458 1.1279818112921562
162.557 1.0450813710879285
165.912 1.0450813710879285
166.038 1.1577424737033006
168.795 1.1577424737033006
168.955 1.1715998512458163
171.644 1.1715998512458163
171.732 1.3025683192261186
175.04 1.3025683192261186
175.142 1.3109312681510163
180.307 1.3109312681510163
180.438 0.9541525592511452
185.459 0.9541525592511452
