0.043 0.9084372267332917
1.644 0.9084372267332917
1.751 0.914504041146216
3.112 0.914504041146216
3.258 0.9111205211726384
4.486 0.9111205211726384
4.553 0.9129632892804699
5.915 0.9129632892804699
6.074 0.8968913102696813
9.745 0.8968913102696813
9.864 1.9164066985645933
13.208 1.9164066985645933
13.326 1.8738023797206416
17.192 1.8738023797206416
17.319 2.701877707006369
20.459 2.701877707006369
20.514 2.480066884769175
23.265 2.480066884769175
23.312 3.3567970615243343
25.49 3.3567970615243343
25.613 2.0861687014428414
29.217 2.0861687014428414
29.318 2.6563242851972495
32.081 2.6563242851972495
32.121 1.9741485535574668
35.958 1.9741485535574668
36.208 2.0382576204523106
40.276 2.0382576204523106
40.326 2.181562562230335
43.339 2.181562562230335
43.413 4.752483912483913
44.967 4.752483912483913
45.009 5.83667320754717
46.334 5.83667320754717
46.409 5.210082352941177
47.769 5.210082352941177
47.813 5.469768472906404
51.061 5.469768472906404
51.109 6.4839654265313795
53.77 6.4839654265313795
53.808 6.498679410593389
56.319 6.498679410593389
56.406 3.1276723549488055
61.973 3.1276723549488055
62.016 1.784879783067189
71.973 1.784879783067189
72.025 1.4718811881188119
83.135 1.4718811881188119
83.209 6.001510442773601
84.406 6.001510442773601
84.507 5.420703066566941
85.844 5.420703066566941
86.103 3.251010008481764
91.998 3.251010008481764
92.129 2.3560908004778973
98.825 2.3560908004778973
98.912 3.8635547511312214
103.332 3.8635547511312214
103.408 9.29813104189044
105.27 9.29813104189044
105.305 10.409817733990149
106.929 10.409817733990149
107.005 10.270661087866108
108.678 10.270661087866108
108.704 9.695017699115043
110.512 9.695017699115043
110.605 8.277867873303167
112.815 8.277867873303167
112.907 7.0574525993883785
115.523 7.0574525993883785
115.8 5.980329149232915
118.668 5.980329149232915
118.709 5.72641610738255
121.391 5.72641610738255
121.509 4.724899889989
125.145 4.724899889989
125.21 3.010220419679069
130.881 3.010220419679069
130.92 3.790894237138441
135.449 3.790894237138441
135.509 5.2646466916354555
138.713 5.2646466916354555
138.808 4.802574333608134
142.447 4.802574333608134
142.51 4.956328175182482
145.935 4.956328175182482
146.008 5.083853379152348
149.5 5.083853379152348
149.802 5.325689223057644
152.994 5.325689223057644
153.108 5.429621752265861
156.418 5.429621752265861
156.511 4.34481307117142
160.122 4.34481307117142
160.211 4.0083924668681705
164.512 4.0083924668681705
164.613 3.8230880000000003
167.613 3.8230880000000003
