0.007 6.641132420091324
0.226 6.641132420091324
0.305 6.655828877005348
0.492 6.655828877005348
0.606 6.5115916473317865
1.037 6.5115916473317865
1.106 6.5220469083155646
1.575 6.5220469083155646
1.606 4.1133889016808665
5.949 4.1133889016808665
6.009 4.653385260635111
9.347 4.653385260635111
9.406 4.601514262863237
13.157 4.601514262863237
13.205 6.728378993756885
15.928 6.728378993756885
16.003 6.717218954248366
18.451 6.717218954248366
18.504 6.832129133858268
21.044 6.832129133858268
21.105 6.834974842767296
23.649 6.834974842767296
23.706 6.790317319337909
26.183 6.790317319337909
26.498 6.787904761904762
29.102 6.787904761904762
29.205 6.78710216256525
31.887 6.78710216256525
32.005 6.792206604572396
34.367 6.792206604572396
34.405 6.792845759368836
36.94 6.792845759368836
37.005 6.824706408345753
39.689 6.824706408345753
39.805 6.8224
42.22 6.8224
42.305 6.597032305978463
44.998 6.597032305978463
45.104 6.5529175845043675
47.737 6.5529175845043675
47.806 6.485764705882353
50.322 6.485764705882353
50.6 6.3755957524716225
53.331 6.3755957524716225
53.406 6.331331670822943
56.213 6.331331670822943
56.304 5.638827586206896
59.204 5.638827586206896
59.309 4.155420427553444
63.519 4.155420427553444
63.609 4.158480987654321
67.659 4.158480987654321
67.711 4.706459724950884
71.783 4.706459724950884
71.91 4.802552207001522
75.195 4.802552207001522
75.308 4.009606010800657
79.567 4.009606010800657
79.612 3.5904437992534217
84.434 3.5904437992534217
84.703 3.6076705078958597
89.389 3.6076705078958597
89.512 3.6574746700723715
94.21 3.6574746700723715
94.312 3.5794551766387586
99.209 3.5794551766387586
99.314 1.7988287118977384
109.484 1.7988287118977384
109.622 4.771852158180408
113.491 4.771852158180408
113.613 3.928443426477325
117.979 3.928443426477325
118.019 2.941066258138644
123.241 2.941066258138644
123.314 2.7256442963668097
129.617 2.7256442963668097
129.714 3.230077578051088
134.999 3.230077578051088
135.302 2.095308762509153
143.496 2.095308762509153
143.634 1.5749559082892417
150.438 1.5749559082892417
150.536 2.22887741234031
154.215 2.22887741234031
154.318 2.1977805331680096
157.544 2.1977805331680096
157.62 2.0816927598183272
161.363 2.0816927598183272
161.426 1.6481099892588613
166.081 1.6481099892588613
166.13 1.7900460241512874
170.519 1.7900460241512874
170.624 1.9141244239631336
174.096 1.9141244239631336
174.224 2.042521870286576
177.539 2.042521870286576
177.608 3.5278350515463917
178.966 3.5278350515463917
