0.013 3.654291457286432
0.411 3.654291457286432
0.515 3.6499706744868035
0.856 3.6499706744868035
0.916 3.6026906290115535
1.695 3.6026906290115535
1.815 3.38603537414966
4.02 3.38603537414966
4.11 3.5189726390114737
6.376 3.5189726390114737
6.407 3.2914555726759116
8.354 3.2914555726759116
8.411 3.4413871733966745
10.516 3.4413871733966745
10.613 3.297277885736494
13.186 3.297277885736494
13.315 2.7870359477124182
15.763 2.7870359477124182
15.817 2.1547609784851165
19.21 2.1547609784851165
19.318 2.8012488822652757
22.002 2.8012488822652757
22.302 3.0876836348338244
24.679 3.0876836348338244
24.713 3.250990557939914
27.043 3.250990557939914
27.115 2.726225550396885
33.792 2.726225550396885
33.912 4.2230039484074755
37.711 4.2230039484074755
37.805 4.856137619853357
41.351 4.856137619853357
41.407 4.5117024630541875
45.467 4.5117024630541875
45.508 4.538869421487603
49.138 4.538869421487603
49.208 4.673982636148382
53.009 4.673982636148382
53.109 4.335133668341708
57.089 4.335133668341708
57.208 4.249527083333334
61.048 4.249527083333334
61.301 4.3388367804634935
65.314 4.3388367804634935
65.408 4.43193216957606
69.418 4.43193216957606
69.511 4.184390992835209
73.419 4.184390992835209
73.508 4.289926434526729
77.586 4.289926434526729
77.712 3.898575925925926
82.032 3.898575925925926
82.112 3.777785136999803
87.185 3.777785136999803
87.31 3.583098796275267
91.713 3.583098796275267
91.806 4.573356186395286
95.54 4.573356186395286
95.609 3.7417592392478927
100.236 3.7417592392478927
100.502 4.795899007092198
104.027 4.795899007092198
104.106 4.849792830934237
107.649 4.849792830934237
107.709 4.084966674434864
112.0 4.084966674434864
112.113 3.392820474777448
117.505 3.392820474777448
117.614 4.26085760443111
121.947 4.26085760443111
122.01 4.699064109589042
125.66 4.699064109589042
125.71 4.4285605536332175
129.178 4.4285605536332175
129.308 4.5910571886691605
133.05 4.5910571886691605
133.108 4.642632580908349
136.785 4.642632580908349
137.1 4.431843056272586
140.974 4.431843056272586
141.011 3.9429471715755025
145.289 3.9429471715755025
145.412 4.287676153091266
149.488 4.287676153091266
149.609 4.2576935038876345
153.596 4.2576935038876345
153.711 4.183038642789821
157.955 4.183038642789821
158.011 4.159432346464399
162.098 4.159432346464399
162.211 4.067914893617021
166.629 4.067914893617021
166.711 3.851981340535232
170.784 3.851981340535232
170.909 3.6494699407281965
175.633 3.6494699407281965
175.904 4.303663789868668
178.569 4.303663789868668
