0.057 0.7080856864654334
2.111 0.7080856864654334
2.264 0.7128522336769759
4.01 0.7128522336769759
4.164 0.7149239616613419
5.729 0.7149239616613419
5.873 0.7158641335636153
7.61 0.7158641335636153
7.763 0.7071584640346134
9.612 0.7071584640346134
9.765 0.7109866291344124
11.186 0.7109866291344124
11.271 0.7708108108108108
12.862 0.7708108108108108
12.964 0.7067032520325204
14.932 0.7067032520325204
15.087 0.7009106225600986
24.821 0.7009106225600986
24.948 0.8005150552939888
34.081 0.8005150552939888
34.176 0.7504761904761905
35.688 0.7504761904761905
36.038 0.8223726135615537
37.557 0.8223726135615537
37.661 0.8844346629986245
39.115 0.8844346629986245
39.251 0.9023889585947302
40.845 0.9023889585947302
40.944 1.2907955959789374
43.033 1.2907955959789374
43.138 1.268273593073593
45.448 1.268273593073593
45.722 1.2453449275362318
51.932 1.2453449275362318
52.035 1.2426713433882848
57.737 1.2426713433882848
57.846 1.2568258310800062
64.133 1.2568258310800062
64.234 1.2333177570093459
70.226 1.2333177570093459
70.335 1.2310721435968244
76.129 1.2310721435968244
76.235 1.2162737545758395
82.518 1.2162737545758395
82.634 1.2371849056603774
83.694 1.2371849056603774
83.846 1.2331825307950728
84.739 1.2331825307950728
84.846 1.199177009579342
87.247 1.199177009579342
87.337 1.195434868162141
89.878 1.195434868162141
89.937 1.203196043800777
92.768 1.203196043800777
92.838 1.217385205479452
94.663 1.217385205479452
94.742 1.1998741905642925
101.228 1.1998741905642925
101.339 1.1889259823332319
107.905 1.1889259823332319
108.037 1.224147161878066
113.745 1.224147161878066
113.837 1.1925072622208341
120.24 1.1925072622208341
120.336 1.1563769394087864
126.459 1.1563769394087864
126.547 1.0735238095238095
127.765 1.0735238095238095
127.849 1.0802891566265058
129.177 1.0802891566265058
129.244 1.0814133558748942
130.427 1.0814133558748942
130.54 1.3138168797953964
132.495 1.3138168797953964
132.636 1.354176029962547
134.772 1.354176029962547
134.841 1.2227619848612281
140.786 1.2227619848612281
140.854 1.205410621761658
147.03 1.205410621761658
147.139 1.1840689655172414
152.939 1.1840689655172414
153.036 1.2058882352941178
159.836 1.2058882352941178
159.938 1.2865251315550719
165.449 1.2865251315550719
165.539 1.1832583690987124
166.704 1.1832583690987124
166.838 1.185625554569654
167.965 1.185625554569654
168.036 1.193394221808015
169.109 1.193394221808015
169.242 1.2301086855550396
171.395 1.2301086855550396
171.534 1.3822090209020903
173.352 1.3822090209020903
173.438 1.268078348332451
177.216 1.268078348332451
