0.028 1.4765563451776649
1.013 1.4765563451776649
1.136 1.4888038277511961
1.972 1.4888038277511961
2.037 1.4604884910485934
5.165 1.4604884910485934
5.237 1.4677735124760076
7.321 1.4677735124760076
7.428 1.2112690166975881
11.74 1.2112690166975881
11.863 1.2061779194436395
15.314 1.2061779194436395
15.432 1.492140770252324
18.444 1.492140770252324
18.54 1.3810672309946281
24.683 1.3810672309946281
24.736 1.3774811225519885
29.689 1.3774811225519885
29.83 1.4075460717749757
31.892 1.4075460717749757
32.029 1.4051516658378918
34.04 1.4051516658378918
34.315 1.4259005719313682
36.588 1.4259005719313682
36.728 1.3178162839248435
42.476 1.3178162839248435
42.555 1.0478493618096802
50.468 1.0478493618096802
50.563 1.3994140941026187
55.26 1.3994140941026187
55.33 1.5239818535320804
58.416 1.5239818535320804
58.533 1.5770219780219779
59.261 1.5770219780219779
59.331 1.5567545219638244
60.105 1.5567545219638244
60.23 1.533444234404537
62.346 1.533444234404537
62.432 1.5303458272934356
67.261 1.5303458272934356
67.33 1.540235802202548
71.961 1.540235802202548
72.028 1.4083759675635827
77.454 1.4083759675635827
77.534 1.2207137452711223
83.878 1.2207137452711223
83.939 1.314548872180451
89.259 1.314548872180451
89.332 1.2963638000900497
91.553 1.2963638000900497
91.632 1.4031907066795741
96.797 1.4031907066795741
96.929 1.5199678714859437
99.17 1.5199678714859437
99.231 1.5465043478260871
99.806 1.5465043478260871
99.932 1.4192148870181656
102.189 1.4192148870181656
102.334 1.241009915356711
106.469 1.241009915356711
106.534 1.2882433628318584
111.958 1.2882433628318584
112.039 1.3478594880847308
117.704 1.3478594880847308
117.833 1.2648260092890318
123.431 1.2648260092890318
123.537 1.3380665589660743
129.727 1.3380665589660743
129.832 1.3998035470668486
135.696 1.3998035470668486
135.835 1.4194791059280856
137.893 1.4194791059280856
138.029 1.434441416893733
138.763 1.434441416893733
138.832 1.4336531791907514
139.524 1.4336531791907514
139.815 1.3726057401812688
145.111 1.3726057401812688
145.238 1.210003871467286
147.821 1.210003871467286
147.939 1.1931681136543015
151.74 1.1931681136543015
151.84 1.2180689245395129
158.572 1.2180689245395129
158.638 1.0034022077554487
165.704 1.0034022077554487
165.85 0.9797412935323383
167.257 0.9797412935323383
167.532 0.9803374908290535
168.895 0.9803374908290535
169.045 0.9857675134719015
170.344 0.9857675134719015
170.457 0.8059720024345709
173.743 0.8059720024345709
174.044 0.7189382034402209
183.462 0.7189382034402209
183.535 1.4768187422934647
186.779 1.4768187422934647
