0.01 4.559272727272727
0.329 4.559272727272727
0.41 4.575882352941177
0.682 4.575882352941177
0.714 4.497589743589743
1.338 4.497589743589743
1.413 4.234944980147476
3.176 4.234944980147476
3.21 4.77198803111909
4.881 4.77198803111909
4.905 4.674299051787017
6.276 4.674299051787017
6.312 3.828816067653277
8.204 3.828816067653277
8.312 3.8774661791590495
10.5 3.8774661791590495
10.612 3.547735059331176
15.247 3.547735059331176
15.311 3.9820119320789353
19.669 3.9820119320789353
19.714 4.05602425938885
24.001 4.05602425938885
24.105 5.4344478190630054
27.2 5.4344478190630054
27.306 6.215085794655415
30.15 6.215085794655415
30.206 6.489485918003565
33.011 6.489485918003565
33.108 5.263514435695538
36.156 5.263514435695538
36.207 5.282166871165644
39.467 5.282166871165644
39.699 4.756559854583226
43.55 4.756559854583226
43.613 3.884955435038906
47.854 3.884955435038906
47.908 4.918551495016612
51.52 4.918551495016612
51.611 4.254952404438964
55.666 4.254952404438964
55.71 3.1859008199921903
60.832 3.1859008199921903
60.914 3.4040570869990225
66.029 3.4040570869990225
66.112 3.4216495956873314
71.306 3.4216495956873314
71.415 3.3447739824094906
76.304 3.3447739824094906
76.411 3.637829070492826
81.22 3.637829070492826
81.501 5.0697916917519565
84.823 5.0697916917519565
84.908 4.80077755511022
88.9 4.80077755511022
89.01 4.648315851502652
92.404 4.648315851502652
92.507 5.3616678178963895
95.692 5.3616678178963895
95.812 4.101663113006397
100.033 4.101663113006397
100.106 5.348163239481177
103.267 5.348163239481177
103.309 5.005189630061171
106.742 5.005189630061171
106.806 5.340826325411334
110.088 5.340826325411334
110.209 4.705269547325103
114.097 4.705269547325103
114.4 3.9712402667240267
119.049 3.9712402667240267
119.111 4.965716270990157
122.565 4.965716270990157
122.606 5.707264214046822
125.297 5.707264214046822
125.409 4.344900354071826
129.363 4.344900354071826
129.41 4.990049693072201
132.831 4.990049693072201
132.909 4.379836734693877
136.829 4.379836734693877
136.909 3.952185567010309
141.177 3.952185567010309
141.214 4.375705558337506
145.208 4.375705558337506
145.307 5.2653300248138954
148.531 5.2653300248138954
148.803 4.70647295864263
152.575 4.70647295864263
152.609 3.5356905158069885
157.417 3.5356905158069885
157.514 4.507661901178832
161.501 4.507661901178832
161.609 4.059280724450194
165.474 4.059280724450194
165.511 4.554847027741084
169.296 4.554847027741084
169.411 4.303663789868668
172.076 4.303663789868668
