0.013 3.4628761904761904
0.433 3.4628761904761904
0.514 3.4573333333333336
0.874 3.4573333333333336
0.912 3.474708074534161
1.234 3.474708074534161
1.317 3.4138839285714284
2.213 3.4138839285714284
2.312 3.41149052906597
3.843 3.41149052906597
3.913 3.405134962805526
5.795 3.405134962805526
5.912 3.4089976470588237
8.037 3.4089976470588237
8.113 3.4017225340817965
10.607 3.4017225340817965
10.713 3.6509218472468916
15.217 3.6509218472468916
15.31 3.7989509632224165
19.878 3.7989509632224165
19.912 3.5028557614826754
24.876 3.5028557614826754
24.911 3.406159578776833
29.849 3.406159578776833
29.915 3.4455563352826513
35.045 3.4455563352826513
35.111 3.517489468599034
40.286 3.517489468599034
40.415 3.276795751633987
45.311 3.276795751633987
45.413 3.60398995395563
50.191 3.60398995395563
50.502 3.246059188374978
56.145 3.246059188374978
56.214 2.4183317406143345
59.144 2.4183317406143345
59.215 2.4193704837721985
62.481 2.4193704837721985
62.524 2.9177824735860782
64.133 2.9177824735860782
64.217 2.9633701703365185
66.624 2.9633701703365185
66.714 2.9631050794881735
69.293 2.9631050794881735
69.412 3.358286209887251
71.718 3.358286209887251
71.812 3.8637569060773482
73.622 3.8637569060773482
73.71 3.864339967724583
75.569 3.864339967724583
75.802 3.766066189624329
80.274 3.766066189624329
80.311 3.8677505549949545
85.266 3.8677505549949545
85.313 3.81072077294686
89.453 3.81072077294686
89.515 3.672454193548387
94.165 3.672454193548387
94.213 3.6318691000629326
98.98 3.6318691000629326
99.016 3.8317189483227563
103.428 3.8317189483227563
103.511 3.8311741360089187
107.996 3.8311741360089187
108.112 3.4222163217493167
113.234 3.4222163217493167
113.318 2.3063651033787194
121.25 2.3063651033787194
121.51 3.5219946585272797
126.752 3.5219946585272797
126.812 3.4747941653160455
131.748 3.4747941653160455
131.81 3.346023529411765
136.4 3.346023529411765
136.513 3.9925019753660234
140.816 3.9925019753660234
140.911 3.909081749484772
145.278 3.909081749484772
145.311 3.5903304056879963
150.093 3.5903304056879963
150.215 3.2900191144919053
155.342 3.2900191144919053
155.414 2.7618861569552036
158.383 2.7618861569552036
158.417 2.7050896604349486
161.038 2.7050896604349486
161.115 2.7026625043357613
163.998 2.7026625043357613
164.112 2.7052016925246827
166.948 2.7052016925246827
167.015 2.792929968005688
169.828 2.792929968005688
169.912 2.7947182506307824
172.29 2.7947182506307824
172.417 2.790997526793075
174.843 2.790997526793075
174.915 2.8
176.626 2.8
