0.021 2.2583975155279505
0.665 2.2583975155279505
0.732 2.2963837638376385
1.274 2.2963837638376385
1.322 2.2787291242362526
1.813 2.2787291242362526
1.92 2.29419926199262
2.462 2.29419926199262
2.526 2.245899045020464
3.992 2.245899045020464
4.124 2.2757329545454543
6.94 2.2757329545454543
7.015 2.6237305324157916
9.776 2.6237305324157916
9.813 2.6363878185208205
13.031 2.6363878185208205
13.116 2.623092656670511
15.717 2.623092656670511
15.815 2.619528484414188
18.606 2.619528484414188
18.715 2.702570812365205
21.497 2.702570812365205
21.615 1.9550942994139584
25.369 1.9550942994139584
25.433 1.8657162561576355
29.493 1.8657162561576355
29.807 2.6074314465408808
32.987 2.6074314465408808
33.117 2.6083523809523808
35.637 2.6083523809523808
35.714 2.6499318263365628
38.501 2.6499318263365628
38.615 2.679692307692308
41.501 2.679692307692308
41.617 2.6952118676302774
44.246 2.6952118676302774
44.314 2.7041971252566737
47.236 2.7041971252566737
47.314 2.6736758321273513
50.078 2.6736758321273513
50.121 2.4461376105531403
56.792 2.4461376105531403
56.921 2.5707591909050644
63.694 2.5707591909050644
63.816 2.576779469334493
70.713 2.576779469334493
70.816 2.453135313531353
77.482 2.453135313531353
77.516 2.5286195001759944
80.357 2.5286195001759944
80.415 2.611704504504505
83.19 2.611704504504505
83.313 2.4892462427745663
86.773 2.4892462427745663
86.818 2.5095473727761686
89.235 2.5095473727761686
89.315 2.4999627369097333
92.428 2.4999627369097333
92.519 2.454098711097139
95.7 2.454098711097139
95.816 2.498188058634251
98.613 2.498188058634251
98.716 2.4186328793158065
101.873 2.4186328793158065
102.108 2.4239972612119134
105.029 2.4239972612119134
105.114 2.6453631427658895
108.245 2.6453631427658895
108.316 2.674632779406973
111.385 2.674632779406973
111.418 2.666187470853412
117.851 2.666187470853412
117.918 2.439753455123114
124.213 2.439753455123114
124.316 2.607731633272617
130.904 2.607731633272617
131.016 2.557447191011236
137.691 2.557447191011236
137.816 2.2062400411205343
145.598 2.2062400411205343
145.721 2.3430910951893553
148.652 2.3430910951893553
148.907 2.658897535667964
151.991 2.658897535667964
152.115 2.6435645041014166
154.797 2.6435645041014166
154.916 2.624377231391041
157.885 2.624377231391041
157.915 2.584018861569552
160.884 2.584018861569552
160.916 2.4429452736318407
164.132 2.4429452736318407
164.218 2.6615298358029635
166.715 2.6615298358029635
166.815 2.6954458598726116
169.327 2.6954458598726116
169.414 2.6990422535211267
171.189 2.6990422535211267
