0.056 0.8446039488966318
1.778 0.8446039488966318
1.956 0.8513269493844049
3.418 0.8513269493844049
3.547 0.8450574018126888
4.871 0.8450574018126888
4.957 0.8499357484620642
6.42 0.8499357484620642
6.549 0.8408591639871382
8.104 0.8408591639871382
8.248 0.8497157275021026
9.437 0.8497157275021026
9.552 0.8440192704748796
11.005 0.8440192704748796
11.149 0.843415403274712
12.798 0.843415403274712
12.95 1.0724086765168186
19.312 1.0724086765168186
19.444 1.3709176823551472
24.777 1.3709176823551472
24.929 1.1228422939068101
31.625 1.1228422939068101
31.735 1.258906346483705
37.565 1.258906346483705
37.625 1.1964631179908387
43.956 1.1964631179908387
44.041 1.135286503551697
45.308 1.135286503551697
45.436 1.14444126659857
46.415 1.14444126659857
46.543 1.309661153330353
48.78 1.309661153330353
48.935 1.3396462289744981
52.621 1.3396462289744981
52.727 1.4072913604766635
57.762 1.4072913604766635
57.828 1.5496497352422043
62.927 1.5496497352422043
63.022 1.4724128312412832
68.041 1.4724128312412832
68.129 1.3150501474926255
73.553 1.3150501474926255
73.633 1.3766615024319941
79.184 1.3766615024319941
79.328 1.2236068889240008
85.657 1.2236068889240008
85.738 1.001477956613016
90.025 1.001477956613016
90.143 1.0028645071403692
93.014 1.0028645071403692
93.144 0.763486670799752
94.757 0.763486670799752
94.892 0.5373737075332349
97.6 0.5373737075332349
97.781 0.5737032258064516
99.331 0.5737032258064516
99.464 0.635297104323681
104.506 0.635297104323681
104.675 0.6504266230223678
106.508 0.6504266230223678
106.677 0.6471572456320657
108.623 0.6471572456320657
108.774 0.6359939424533064
110.755 0.6359939424533064
110.869 0.662283084004603
112.607 0.662283084004603
112.764 0.6890665553932819
117.557 0.6890665553932819
117.661 0.6897472055030095
122.313 0.6897472055030095
122.47 0.6540957990472066
134.015 0.6540957990472066
134.178 0.6714795918367347
135.746 0.6714795918367347
135.873 0.6294974619289341
137.449 0.6294974619289341
137.585 0.6169213208316348
142.491 0.6169213208316348
142.685 0.624312174817898
144.607 0.624312174817898
144.782 0.6017290699217196
152.319 0.6017290699217196
152.481 0.5978097876269621
154.647 0.5978097876269621
154.789 0.5923868656716418
159.814 0.5923868656716418
159.977 0.5975275249241438
162.284 0.5975275249241438
162.63 0.7737116386797915
164.357 0.7737116386797915
164.461 0.8094260429835651
166.043 0.8094260429835651
166.162 0.7966160103531151
171.571 0.7966160103531151
171.661 0.8798515406162466
174.517 0.8798515406162466
174.643 0.940478994895956
179.737 0.940478994895956
