0.013 3.8273894736842102
0.393 3.8273894736842102
0.513 3.865341614906832
0.835 3.865341614906832
0.914 3.7874439946018894
1.655 3.7874439946018894
1.711 3.790384138785626
2.518 3.790384138785626
2.613 4.494829604130809
3.775 4.494829604130809
3.809 5.815303085299456
4.911 5.815303085299456
5.008 4.966987050359712
8.483 4.966987050359712
8.605 5.140677890011223
12.169 5.140677890011223
12.208 5.326774214447684
15.295 5.326774214447684
15.409 4.3899843157095875
19.362 4.3899843157095875
19.409 4.238950755728912
23.511 4.238950755728912
23.604 5.358272061165976
26.743 5.358272061165976
26.807 5.041558471192242
30.313 5.041558471192242
30.406 4.768930573749017
34.223 4.768930573749017
34.499 5.057752837326608
37.671 5.057752837326608
37.713 5.24516113310996
40.996 5.24516113310996
41.111 4.926711135018827
44.829 4.926711135018827
44.91 4.0581517241379315
48.97 4.0581517241379315
49.007 5.1659808083745276
52.446 5.1659808083745276
52.512 5.220524054462935
55.817 5.220524054462935
55.909 5.064613283674737
59.131 5.064613283674737
59.21 5.029391103408434
62.672 5.029391103408434
62.709 4.662132214060861
66.521 4.662132214060861
66.802 5.342241097680497
69.863 5.342241097680497
69.905 5.610750481077614
73.023 5.610750481077614
73.109 5.223898263027295
76.333 5.223898263027295
76.408 5.244856048166392
80.062 5.244856048166392
80.106 5.436383184011027
83.008 5.436383184011027
83.107 5.419521421770866
86.258 5.419521421770866
86.308 5.348507877664504
89.545 5.348507877664504
89.606 5.3111982406534715
92.789 5.3111982406534715
92.906 5.290275862068966
96.154 5.290275862068966
96.401 5.355512373968836
99.674 5.355512373968836
99.71 5.377450911228689
103.112 5.377450911228689
103.208 5.436482921083628
106.604 5.436482921083628
106.706 5.364899593368783
109.903 5.364899593368783
110.009 5.075428949107733
113.035 5.075428949107733
113.107 4.3904257602862256
117.02 4.3904257602862256
117.112 4.819582156973461
120.654 4.819582156973461
120.712 3.7642973032229774
125.273 3.7642973032229774
125.318 2.987060031875332
130.965 2.987060031875332
131.198 5.155329793510325
134.588 5.155329793510325
134.71 5.387313233894003
137.861 5.387313233894003
137.907 5.32158752997602
141.243 5.32158752997602
141.309 5.2711937984496124
144.534 5.2711937984496124
144.611 5.264220269478617
148.025 5.264220269478617
148.111 4.5968707881629065
151.524 4.5968707881629065
151.606 4.893583877377235
155.129 4.893583877377235
155.208 4.737407682775713
157.629 4.737407682775713
