0.028 1.619608017817372
0.926 1.619608017817372
1.03 1.6376842105263159
1.79 1.6376842105263159
1.924 1.630985422740525
2.61 1.630985422740525
2.73 1.5408376703841389
3.537 1.5408376703841389
3.639 1.065636511817441
4.866 1.065636511817441
4.946 1.0713806998939555
5.889 1.0713806998939555
6.048 1.0673281114012183
7.197 1.0673281114012183
7.355 1.0693087975800355
15.289 1.0693087975800355
15.469 0.7560576241134752
24.493 0.7560576241134752
24.648 1.0117774702463327
31.874 1.0117774702463327
31.946 1.1590602655771194
32.925 1.1590602655771194
33.221 1.4035775280898877
34.111 1.4035775280898877
34.235 1.4663261117445838
35.112 1.4663261117445838
35.227 1.1406883425852496
36.488 1.1406883425852496
36.554 1.1754455100261552
38.848 1.1754455100261552
39.117 1.1518028696194635
45.529 1.1518028696194635
45.654 0.9265115610398945
54.001 0.9265115610398945
54.147 1.0306490181818182
61.022 1.0306490181818182
61.141 1.6529638308711154
63.104 1.6529638308711154
63.216 2.6159433628318585
66.041 2.6159433628318585
66.116 1.6340966781214203
70.481 1.6340966781214203
70.533 1.570135196219437
75.4 1.570135196219437
75.527 1.1439007385524371
82.297 1.1439007385524371
82.447 1.3449388753056235
84.492 1.3449388753056235
84.622 2.1201944035346094
85.98 2.1201944035346094
86.019 1.0510726643598616
88.909 1.0510726643598616
89.042 1.0716426527311187
97.079 1.0716426527311187
97.144 1.2708099727634612
101.917 1.2708099727634612
102.036 1.1461537555228276
108.826 1.1461537555228276
108.952 1.0439859894921193
110.094 1.0439859894921193
110.246 1.0382258862324814
111.459 1.0382258862324814
111.54 1.1976273764258556
112.592 1.1976273764258556
112.735 1.1872680577849117
115.227 1.1872680577849117
115.339 0.9900167865707434
118.675 0.9900167865707434
118.747 0.9827577335375192
122.012 0.9827577335375192
122.144 1.1093779932422505
128.951 1.1093779932422505
129.029 1.342780566428736
133.372 1.342780566428736
133.437 0.9188321096426824
141.609 0.9188321096426824
141.776 0.8358422444521099
150.473 0.8358422444521099
150.546 1.1384516129032258
151.6 1.1384516129032258
151.739 0.7787789473684211
153.259 0.7787789473684211
153.425 0.8226531130876746
154.999 0.8226531130876746
155.159 0.8351401869158879
156.55 0.8351401869158879
156.666 0.8220980070339976
160.931 0.8220980070339976
161.061 0.9499690476190477
164.421 0.9499690476190477
164.554 0.9285092838196286
167.947 0.9285092838196286
168.069 0.6794315033350437
171.967 0.6794315033350437
172.072 0.9447411748290777
179.239 0.9447411748290777
179.392 0.6878102350098836
183.945 0.6878102350098836
