0.013 2.926374245472837
0.51 2.926374245472837
0.617 2.9493838862559243
1.039 2.9493838862559243
1.114 2.952126649076517
1.493 2.952126649076517
1.619 2.8993744075829384
2.674 2.8993744075829384
2.715 2.900870484581498
3.85 2.900870484581498
3.92 2.881503597122302
6.144 2.881503597122302
6.213 2.871232659532303
8.736 2.871232659532303
8.818 2.552315282791817
12.142 2.552315282791817
12.216 3.6799697950377563
14.07 3.6799697950377563
14.111 4.037600744532341
18.409 4.037600744532341
18.508 4.996602298850575
21.988 4.996602298850575
22.107 5.27757012864763
25.294 5.27757012864763
25.408 3.7424738513656575
30.131 3.7424738513656575
30.351 2.8095397437876217
36.83 2.8095397437876217
36.912 3.383925754060325
41.653 3.383925754060325
41.714 3.089318980983136
47.288 3.089318980983136
47.414 4.458985394352483
51.522 4.458985394352483
51.799 1.8415218508997429
60.746 1.8415218508997429
60.813 3.3538471986417657
63.169 3.3538471986417657
63.213 3.3469384057971014
65.421 3.3469384057971014
65.512 3.3724973995271865
67.627 3.3724973995271865
67.713 3.4814797266514805
69.908 3.4814797266514805
70.01 3.4742969941677884
72.239 3.4742969941677884
72.312 2.6046182495344508
74.997 2.6046182495344508
75.116 2.5030689895470384
77.986 2.5030689895470384
78.119 2.689231910946197
80.814 2.689231910946197
81.105 2.732484771573604
84.257 2.732484771573604
84.315 2.7347051397655546
86.533 2.7347051397655546
86.618 2.6845063815108654
89.517 2.6845063815108654
89.619 2.570619153674833
96.354 2.570619153674833
96.419 3.084953284671533
101.899 3.084953284671533
102.014 3.4317587377671264
107.021 3.4317587377671264
107.114 2.7277609710550887
113.54 2.7277609710550887
113.622 2.834974120564079
120.075 2.834974120564079
120.113 3.4244672507300793
122.51 3.4244672507300793
122.803 3.4293987284287013
125.005 3.4293987284287013
125.111 3.296605992085924
126.88 3.296605992085924
127.107 2.509089528260552
133.954 2.509089528260552
134.021 2.4983111371286406
140.854 2.4983111371286406
140.922 2.479059607059607
143.925 2.479059607059607
144.02 2.47927797833935
146.79 2.47927797833935
146.918 2.8472361111111115
149.798 2.8472361111111115
149.911 4.0817731721358665
151.648 4.0817731721358665
151.712 4.094469784550709
153.615 4.094469784550709
153.711 3.47853488847964
158.598 3.47853488847964
158.714 3.092231245698555
164.526 3.092231245698555
164.797 7.425044959772835
166.91 7.425044959772835
167.009 3.716338866134943
171.648 3.716338866134943
171.719 2.8424446096654274
175.754 2.8424446096654274
