0.041 1.1710209339774558
1.283 1.1710209339774558
1.335 1.181994301994302
2.388 1.181994301994302
2.544 1.1802278481012658
3.492 1.1802278481012658
3.638 1.1797495256166983
4.692 1.1797495256166983
4.848 1.1617812279463655
7.682 1.1617812279463655
7.743 1.4111362126245848
9.549 1.4111362126245848
9.638 1.9374485156458945
13.377 1.9374485156458945
13.418 2.1736858826543686
17.321 2.1736858826543686
17.415 2.7020451485148516
19.94 2.7020451485148516
20.013 4.059469183786785
21.814 4.059469183786785
21.907 3.4615801104972372
24.079 3.4615801104972372
24.128 4.026014262205156
25.951 4.026014262205156
26.006 5.2240055172413795
27.456 5.2240055172413795
27.509 5.360131919905772
30.905 5.360131919905772
31.005 6.060896108802418
33.652 6.060896108802418
33.706 6.857771405814416
36.217 6.857771405814416
36.307 5.241062088698141
39.802 5.241062088698141
39.909 5.083645788336933
43.15 5.083645788336933
43.204 7.754608467917939
45.495 7.754608467917939
45.604 6.971245252525253
48.079 6.971245252525253
48.106 5.695701221640488
50.971 5.695701221640488
51.198 5.345947804728278
54.455 5.345947804728278
54.507 5.176827264782989
57.94 5.176827264782989
58.007 5.058026600680482
61.24 5.058026600680482
61.311 3.7662691065662
65.956 3.7662691065662
66.014 4.594066557555919
69.68 4.594066557555919
69.705 5.592268456375839
73.132 5.592268456375839
73.21 3.5871723510686673
77.608 3.5871723510686673
77.707 4.907158620689655
81.187 4.907158620689655
81.309 4.205275686179257
85.426 4.205275686179257
85.7 2.7479752925877765
91.852 2.7479752925877765
91.906 5.062703594578668
95.3 5.062703594578668
95.406 5.282878842676311
98.724 5.282878842676311
98.807 5.219425962910128
102.312 5.219425962910128
102.407 4.814158018252933
106.242 4.814158018252933
106.308 4.626809819260858
110.015 4.626809819260858
110.11 4.093349680170576
113.862 4.093349680170576
113.914 3.3423610894941636
119.054 3.3423610894941636
119.109 5.311437461107654
122.323 5.311437461107654
122.598 6.979252032520325
125.058 6.979252032520325
125.106 4.161837651122625
129.159 4.161837651122625
129.21 2.262338899676376
136.935 2.262338899676376
137.02 2.308325265161817
144.374 2.308325265161817
144.41 3.580640580879387
149.368 3.580640580879387
149.416 4.781884669479607
152.971 4.781884669479607
153.007 5.5366752926678995
156.253 5.5366752926678995
156.307 6.167106918238994
158.851 6.167106918238994
158.906 6.292005839416059
161.646 6.292005839416059
161.901 4.798855230125523
164.291 4.798855230125523
