0.007 5.509121212121212
0.271 5.509121212121212
0.306 5.531733333333333
0.531 5.531733333333333
0.605 5.484588235294118
0.809 5.484588235294118
0.911 5.452477718360071
1.472 5.452477718360071
1.508 5.423667705088265
2.471 5.423667705088265
2.507 5.363604972375691
5.403 5.363604972375691
5.508 4.890983281382828
9.037 4.890983281382828
9.108 4.901384697699305
12.846 4.901384697699305
12.907 4.777382916908774
16.349 4.777382916908774
16.41 4.808425602660017
20.019 4.808425602660017
20.108 4.804690798563139
23.727 4.804690798563139
23.808 4.882326850507982
27.253 4.882326850507982
27.306 4.638075045919706
31.117 4.638075045919706
31.4 4.571322953289804
35.382 4.571322953289804
35.509 4.74089598108747
38.893 4.74089598108747
39.008 4.70488087431694
42.668 4.70488087431694
42.709 4.67522001020929
46.627 4.67522001020929
46.708 4.753634160415464
50.174 4.753634160415464
50.207 4.733761790567546
53.96 4.733761790567546
54.007 4.742669598680593
57.645 4.742669598680593
57.708 4.739524832994482
61.151 4.739524832994482
61.207 4.675551020408163
64.931 4.675551020408163
65.201 4.768459350684196
68.928 4.768459350684196
69.008 4.853843870584743
72.377 4.853843870584743
72.409 4.640403183023873
76.179 4.640403183023873
76.209 4.440244661218033
80.002 4.440244661218033
80.108 4.742564711705024
84.149 4.742564711705024
84.209 4.7405
87.537 4.7405
87.609 4.713472812586255
91.232 4.713472812586255
91.308 4.753739703459638
94.95 4.753739703459638
95.007 4.782332107496464
98.542 4.782332107496464
98.8 4.813113725490196
102.37 4.813113725490196
102.408 4.6930634538152605
106.143 4.6930634538152605
106.207 4.699226303621885
110.1 4.699226303621885
110.21 4.646940850742513
114.183 4.646940850742513
114.31 4.711973626373627
117.95 4.711973626373627
118.008 4.473710457325954
121.441 4.473710457325954
121.51 4.410715275994865
125.405 4.410715275994865
125.509 4.73273080121985
129.116 4.73273080121985
129.209 4.766507495835647
132.811 4.766507495835647
133.101 4.680335183129856
136.705 4.680335183129856
136.808 4.671630045442395
140.549 4.671630045442395
140.61 4.718016675931073
144.208 4.718016675931073
144.31 4.73030002664535
148.063 4.73030002664535
148.109 4.701216814159292
151.725 4.701216814159292
151.808 4.719550420168067
155.616 4.719550420168067
155.71 4.784727050930162
158.989 4.784727050930162
159.11 4.6975738419618525
162.78 4.6975738419618525
162.808 4.794842809364549
165.2 4.794842809364549
