0.012 3.63602
0.412 3.63602
0.515 3.5893363329583803
1.404 3.5893363329583803
1.516 3.5863983656792646
3.474 3.5863983656792646
3.516 3.5753911065149953
8.351 3.5753911065149953
8.417 3.7685425463851567
11.543 3.7685425463851567
11.609 4.25528818061089
13.115 4.25528818061089
13.209 4.008920863309353
15.016 4.008920863309353
15.111 3.925912077741786
17.272 3.925912077741786
17.309 3.93010599078341
19.045 3.93010599078341
19.112 3.9264790547798065
20.974 3.9264790547798065
21.011 3.924087682672234
22.927 3.924087682672234
23.203 3.9170041918956686
27.497 3.9170041918956686
27.611 3.8796540825285337
32.167 3.8796540825285337
32.213 3.589628870045356
37.284 3.589628870045356
37.411 4.531975141242937
40.951 4.531975141242937
41.015 3.501395689304595
45.933 3.501395689304595
46.013 3.82571261487051
50.801 3.82571261487051
50.912 3.3151098591549295
55.882 3.3151098591549295
55.91 3.91489819303658
60.448 3.91489819303658
60.51 3.3476585176561895
65.664 3.3476585176561895
65.903 3.5605900065459304
70.486 3.5605900065459304
70.611 3.7196650288399913
75.292 3.7196650288399913
75.413 3.673428689541133
80.251 3.673428689541133
80.312 3.4792765957446807
85.012 3.4792765957446807
85.117 3.273025257249766
90.462 3.273025257249766
90.517 3.255831087151842
92.743 3.255831087151842
92.815 3.2562540642722113
95.46 3.2562540642722113
95.516 3.354853982300885
97.324 3.354853982300885
97.408 3.5326300499319108
99.611 3.5326300499319108
99.714 3.5355471014492754
101.922 3.5355471014492754
102.012 3.502472180451128
104.007 3.502472180451128
104.111 3.3083292894280762
106.419 3.3083292894280762
106.514 3.3101898083216454
108.653 3.3101898083216454
108.904 3.368292801952013
111.363 3.368292801952013
111.411 3.5287262996941893
116.643 3.5287262996941893
116.716 3.568043270230913
121.523 3.568043270230913
121.613 3.7578292145828236
125.7 3.7578292145828236
125.809 3.767485964912281
130.369 3.767485964912281
130.413 3.779269426610582
134.93 3.779269426610582
135.008 4.1064243004066014
139.189 4.1064243004066014
139.307 4.702516866462225
142.894 4.702516866462225
143.008 4.388892014063284
146.99 4.388892014063284
147.303 4.2195933383047475
151.326 4.2195933383047475
151.414 3.637872131147541
156.294 3.637872131147541
156.414 3.7835744491431114
160.907 3.7835744491431114
161.01 4.195155929038282
165.294 4.195155929038282
165.409 3.4856965118862475
169.91 3.4856965118862475
170.015 3.194385028719659
175.412 3.194385028719659
175.517 2.809028655400441
179.6 2.809028655400441
