0.005 8.55534117647059
0.175 8.55534117647059
0.206 8.463978779840849
0.583 8.463978779840849
0.604 8.429973589435775
1.437 8.429973589435775
1.506 8.42260941828255
2.95 8.42260941828255
3.004 8.422653465346535
5.125 8.422653465346535
5.204 8.423535791757049
7.048 8.423535791757049
7.106 8.423757930697901
9.155 8.423757930697901
9.204 7.94508933217693
11.51 7.94508933217693
11.605 6.730966844044208
14.048 6.730966844044208
14.106 5.352747686613202
17.348 5.352747686613202
17.408 5.0182326118326115
20.873 5.0182326118326115
20.91 4.285252484076434
24.835 4.285252484076434
25.102 4.379510406342914
29.138 4.379510406342914
29.208 4.450613202933985
33.298 4.450613202933985
33.409 5.0641388888888885
36.577 5.0641388888888885
36.607 5.061688418577308
40.009 5.061688418577308
40.108 4.90954489413026
43.839 4.90954489413026
43.909 4.906520547945205
47.267 4.906520547945205
47.309 4.9076817679558005
50.929 4.9076817679558005
51.007 4.85613059386434
54.56 4.85613059386434
54.608 4.560699832308552
58.186 4.560699832308552
58.5 5.622134969325153
61.597 5.622134969325153
61.705 4.645072660742289
65.531 4.645072660742289
65.608 3.1153743570203845
70.857 3.1153743570203845
70.915 2.601772754312909
77.639 2.601772754312909
77.718 2.4015183231142165
84.731 2.4015183231142165
84.816 6.36912728481223
87.825 6.36912728481223
87.905 3.9166792452830186
91.933 3.9166792452830186
92.015 4.107001443001443
96.173 4.107001443001443
96.208 6.001081455805893
99.093 6.001081455805893
99.4 6.005521847246891
102.215 6.005521847246891
102.306 5.999586592178771
105.17 5.999586592178771
105.206 7.00023642172524
107.71 7.00023642172524
107.806 8.372580320366133
109.991 8.372580320366133
110.106 7.352567104739148
112.617 7.352567104739148
112.705 5.453603815580286
115.85 5.453603815580286
115.907 4.659662621359224
119.203 4.659662621359224
119.31 4.451862140450894
123.169 4.451862140450894
123.21 4.43171339563863
127.062 4.43171339563863
127.3 3.02376893272279
132.978 3.02376893272279
133.014 3.343494152626363
138.059 3.343494152626363
138.11 4.082356458771315
142.391 4.082356458771315
142.51 4.357141683778234
146.406 4.357141683778234
146.512 4.751824411134904
150.248 4.751824411134904
150.309 4.787271191213743
153.86 4.787271191213743
153.912 3.9991206052514463
158.406 3.9991206052514463
158.511 3.9628997221520583
162.47 3.9628997221520583
162.513 3.781552094757622
167.072 3.781552094757622
167.302 3.697377176015474
170.404 3.697377176015474
