0.03 1.3785857819905214
1.085 1.3785857819905214
1.236 1.390659217877095
2.131 1.390659217877095
2.228 1.3898832298136647
3.033 1.3898832298136647
3.13 1.3893363128491618
4.025 1.3893363128491618
4.131 1.3792573839662448
5.079 1.3792573839662448
5.14 1.5965281514698555
9.154 1.5965281514698555
9.219 2.5543441466854726
12.055 2.5543441466854726
12.117 2.838372699899632
15.106 2.838372699899632
15.216 2.9845424321959753
17.502 2.9845424321959753
17.613 3.518336862367661
19.691 3.518336862367661
19.81 3.455216911764706
21.986 3.455216911764706
22.117 1.8819035897435896
26.017 1.8819035897435896
26.125 1.6310956072351421
30.769 1.6310956072351421
31.01 1.6987568121286623
35.891 1.6987568121286623
36.024 1.7702795583086455
39.737 1.7702795583086455
39.823 1.7668325358851675
44.003 1.7668325358851675
44.123 2.5856208625877635
47.114 2.5856208625877635
47.209 4.833364256480219
48.675 4.833364256480219
48.709 2.794244731047499
55.067 2.794244731047499
55.112 3.5428813141683775
59.982 3.5428813141683775
60.114 3.2422380290085435
65.147 3.2422380290085435
65.216 4.492196078431372
69.092 4.492196078431372
69.209 3.834314563106796
73.844 3.834314563106796
73.912 4.89892150988616
77.25 4.89892150988616
77.311 4.465114854517611
81.229 4.465114854517611
81.311 4.008055211803903
85.513 4.008055211803903
85.801 3.2565342395921832
91.686 3.2565342395921832
91.821 2.6894619843163996
97.687 2.6894619843163996
97.819 3.124206366630077
103.285 3.124206366630077
103.409 4.335867768595041
107.402 4.335867768595041
107.513 4.138444063647491
111.598 4.138444063647491
111.716 3.6817690164988215
116.383 3.6817690164988215
116.511 3.4994194449990017
121.52 3.4994194449990017
121.615 3.139739196360879
124.253 3.139739196360879
124.315 3.131800076306753
126.936 3.131800076306753
127.017 3.13862676641729
129.423 3.13862676641729
129.517 3.2308565096952906
131.322 3.2308565096952906
131.412 3.489171003717472
133.564 3.489171003717472
133.613 3.4915081652257447
135.695 3.4915081652257447
135.813 3.490209095171121
137.946 3.490209095171121
138.013 3.4878618588115797
139.982 3.4878618588115797
140.014 4.145296015180265
144.23 4.145296015180265
144.312 4.6687084708470845
147.948 4.6687084708470845
148.012 4.131444263439609
152.309 4.131444263439609
152.413 3.7238992332968235
156.978 3.7238992332968235
157.013 3.6888440065681443
161.885 3.6888440065681443
162.015 3.613339474896361
166.357 3.613339474896361
166.413 3.5488052696582955
171.271 3.5488052696582955
171.317 2.9021417004048584
175.269 2.9021417004048584
