0	4.406
1	4.194
2	4.44
3	3.377
4	1.834
5	5.066
6	2.001
7	2.65
8	3.243
9	3.892
10	5.524
11	7.113
12	4.115
13	6.721
14	5.524
15	3.757
16	3.232
17	3.601
18	4.126
19	3.836
20	4.585
21	3.556
22	3.925
23	3.12
24	3.299
25	3.299
26	3.422
27	2.102
28	1.062
29	0.626
30	1.398
31	1.207
32	1.822
33	1.14
34	0.615
35	1.151
36	1.498
37	1.163
38	1.711
39	1.096
40	1.979
41	2.035
42	1.912
43	2.069
44	2.169
45	1.655
46	1.61
47	1.073
48	0.682
49	0.973
50	1.588
51	3.22
52	3.948
53	4.507
54	2.069
55	1.644
56	1.957
57	0.0
58	0.111
59	1.286
60	0.894
61	0.603
62	0.391
63	1.073
64	2.203
65	3.176
66	3.668
67	3.344
68	4.797
69	5.882
70	5.58
71	5.468
72	5.871
73	6.33
74	7.336
75	7.336
76	5.099
77	4.641
78	4.976
79	5.099
80	5.032
81	5.357
82	4.384
83	5.2
84	3.813
85	2.896
86	5.144
87	4.887
88	4.596
89	5.278
90	5.279
91	3.299
92	4.149
93	4.742
94	5.413
95	4.708
96	5.547
97	7.403
98	5.681
99	8.712
100	8.018
101	10.289
102	10.087
103	11.005
104	7.716
105	5.043
106	6.184
107	6.743
108	4.093
109	6.05
110	8.98
111	10.132
112	9.327
113	8.734
114	9.148
115	7.761
116	8.086
117	8.287
118	5.234
119	2.617
120	3.735
121	5.636
122	6.755
123	8.779
124	10.311
125	10.58
126	6.117
127	6.386
128	6.14
129	7.482
130	7.571
131	7.784
132	6.755
133	7.146
134	7.672
135	8.936
136	10.479
137	5.401
138	8.555
139	5.357
140	4.529
141	4.093
142	4.283
143	2.426
144	4.988
145	7.694
146	2.594
147	3.567
148	4.674
149	4.171
150	4.853
151	7.213
152	6.475
153	8.298
154	10.982
155	8.432
156	11.843
157	12.067
158	9.428
159	9.081
160	12.157
161	11.933
162	12.951
163	6.967
164	13.074
165	11.273
166	13.856
167	10.691
168	12.794
169	11.262
170	11.821
171	11.821
172	10.96
173	10.96
174	9.83
175	10.669
176	11.608
177	12.056
178	16.932
179	4.618
180	4.618
181	5.592
182	4.473
183	7.806
184	6.598
185	5.871
186	6.408
187	11.184
188	7.571
189	8.455
190	10.669
191	12.022
192	30.489
193	35.889
194	16.954
195	36.56
196	24.593
197	18.766
198	28.563
199	44.982
200	48.214
201	38.361
202	35.799
203	33.149
204	29.022
205	32.098
206	34.894
207	43.338
208	29.011
209	33.194
210	43.237
211	30.543
212	36.795
213	26.45
214	33.361
215	23.732
216	14.36
217	25.13
218	18.062
219	10.177
220	19.169
221	28.049
222	26.931
223	13.869
224	16.675
225	16.474
226	13.868
227	9.025
228	8.388
229	6.016
230	9.361
231	4.708
232	9.271
233	8.197
234	7.124
235	15.501
236	12.056
237	5.032
238	4.048
239	10.199
