0	4.853
1	2.941
2	3.086
3	2.851
4	3.187
5	1.934
6	3.299
7	3.433
8	4.003
9	3.88
10	3.959
11	4.764
12	4.697
13	1.923
14	1.33
15	1.163
16	0.95
17	2.449
18	2.27
19	2.326
20	4.607
21	7.168
22	4.73
23	7.392
24	6.609
25	2.695
26	2.863
27	3.522
28	4.395
29	3.445
30	3.511
31	3.12
32	4.026
33	2.698
34	5.815
35	4.574
36	5.435
37	5.938
38	6.296
39	7.347
40	3.97
41	5.625
42	8.041
43	2.203
44	0.156
45	2.359
46	2.851
47	10.837
48	10.714
49	11.039
50	4.697
51	4.686
52	6.688
53	7.001
54	6.9
55	4.238
56	6.117
57	7.459
58	7.101
59	8.522
60	9.047
61	9.416
62	6.386
63	4.428
64	5.011
65	10.782
66	9.431
67	7.605
68	8.924
69	8.197
70	6.509
71	4.965
72	9.103
73	8.511
74	11.094
75	9.998
76	6.441
77	7.616
78	7.124
79	8.566
80	3.209
81	6.978
82	10.602
83	13.689
84	16.708
85	13.543
86	10.009
87	9.215
88	12.257
89	10.345
90	6.173
91	8.421
92	6.397
93	7.28
94	7.37
95	5.491
96	5.2
97	7.023
98	6.632
99	4.126
100	6.016
101	3.925
102	4.909
103	8.478
104	9.45
105	9.025
106	3.657
107	2.169
108	0.581
109	10.535
110	10.479
111	10.994
112	13.353
113	4.82
114	9.45
115	9.361
116	8.32
117	4.976
118	7.985
119	9.651
120	8.991
121	7.828
122	5.592
123	5.647
124	10.814
125	13.61
126	9.83
127	12.358
128	9.327
129	7.247
130	3.914
131	5.032
132	3.903
133	5.961
134	8.589
135	10.334
136	10.266
137	9.551
138	6.62
139	6.397
140	9.674
141	7.672
142	9.025
143	8.98
144	4.059
145	4.451
146	7.09
147	7.571
148	8.086
149	9.17
150	9.383
151	7.672
152	9.495
153	10.557
154	11.129
155	8.421
156	7.079
157	5.86
158	5.905
159	6.307
160	7.739
161	9.707
162	12.168
163	11.933
164	8.13
165	8.79
166	5.86
167	6.654
168	9.338
169	13.577
170	13.331
171	11.944
172	9.428
173	6.9
174	4.719
175	5.536
176	2.359
177	1.498
178	2.001
179	3.008
180	3.455
181	3.131
182	3.064
183	5.67
184	3.892
185	3.444
186	6.62
187	13.599
188	11.855
189	9.226
190	7.113
191	7.258
192	10.591
193	10.993
194	13.689
195	13.208
196	11.385
197	6.9
198	10.703
199	12.033
200	13.062
201	12.324
202	11.732
203	20.108
204	20.343
205	21.719
206	23.754
207	24.437
208	18.744
209	24.47
210	26.405
211	23.587
212	19.448
213	19.125
214	18.252
215	18.956
216	16.641
217	18.285
218	18.017
219	17.167
220	17.2
221	20.735
222	16.999
223	15.657
224	11.105
225	12.883
226	9.506
227	8.41
228	11.709
229	11.91
230	16.932
231	17.1
232	12.816
233	11.698
234	12.089
235	8.656
236	8.186
237	9.159
238	7.772
239	9.114
