0	1.878
1	3.064
2	1.241
3	0.459
4	0.392
5	0.348
6	0.38
7	0.0
8	0.0
9	0.0
10	0.0
11	0.045
12	0.0
13	0.0
14	0.0
15	0.458
16	0.205
17	0.0
18	0.0
19	0.0
20	0.0
21	0.0
22	0.022
23	0.0
24	0.0
25	0.0
26	0.0
27	0.0
28	3.446
29	4.205
30	3.187
31	2.986
32	3.142
33	3.165
34	4.059
35	4.909
36	7.47
37	5.435
38	5.055
39	6.207
40	4.529
41	3.276
42	5.189
43	5.446
44	8.499
45	8.309
46	6.352
47	9.528
48	9.159
49	8.712
50	11.407
51	9.114
52	9.64
53	11.139
54	8.477
55	7.582
56	7.582
57	6.922
58	6.587
59	8.745
60	8.612
61	11.117
62	12.022
63	9.763
64	8.455
65	8.969
66	8.511
67	11.62
68	7.549
69	6.14
70	9.193
71	9.361
72	7.817
73	7.616
74	7.56
75	5.334
76	4.889
77	6.99
78	8.611
79	7.37
80	8.611
81	8.969
82	5.424
83	8.03
84	4.866
85	7.045
86	5.58
87	4.529
88	5.032
89	5.189
90	3.31
91	2.874
92	2.728
93	3.489
94	3.612
95	3.086
96	2.426
97	1.599
98	1.755
99	1.252
100	1.845
101	2.169
102	2.214
103	3.288
104	3.199
105	3.276
106	3.377
107	3.008
108	2.784
109	3.545
110	4.16
111	4.037
112	5.491
113	5.536
114	4.059
115	3.813
116	4.339
117	4.484
118	5.893
119	6.71
120	7.716
121	7.359
122	5.838
123	5.301
124	6.128
125	6.296
126	6.945
127	5.86
128	6.688
129	6.688
130	6.531
131	7.135
132	8.007
133	4.628
134	5.325
135	6.207
136	7.392
137	9.193
138	9.137
139	5.715
140	7.337
141	6.341
142	5.692
143	3.578
144	5.357
145	6.24
146	6.777
147	7.47
148	8.276
149	7.571
150	11.161
151	9.114
152	9.841
153	7.448
154	5.759
155	6.528
156	5.066
157	7.325
158	6.296
159	6.475
160	6.598
161	4.518
162	6.62
163	6.341
164	6.05
165	5.614
166	5.032
167	5.446
168	4.674
169	3.634
170	3.668
171	5.603
172	5.86
173	6.62
174	7.705
175	6.811
176	7.347
177	7.94
178	8.063
179	8.186
180	8.13
181	7.09
182	7.18
183	5.278
184	5.088
185	6.039
186	6.475
187	4.965
188	6.688
189	7.168
190	6.598
191	7.951
192	7.403
193	7.258
194	7.124
195	7.158
196	5.122
197	5.491
198	5.603
199	5.155
200	7.202
201	6.229
202	5.927
203	5.524
204	7.951
205	8.264
206	8.231
207	8.712
208	7.515
209	7.549
210	7.135
211	8.388
212	7.728
213	5.368
214	6.553
215	5.972
216	5.234
217	5.345
218	5.647
219	7.191
220	7.18
221	6.542
222	5.379
223	5.558
224	6.598
225	6.632
226	5.916
227	7.202
228	4.909
229	6.844
230	7.135
231	6.52
232	6.064
233	5.681
234	5.088
235	5.569
236	5.345
237	7.012
238	8.052
239	8.041
