0	5.524
1	5.849
2	5.91
3	6.016
4	2.952
5	4.249
6	3.444
7	2.605
8	2.561
9	2.639
10	2.728
11	2.863
12	4.047
13	5.692
14	7.012
15	5.524
16	8.943
17	8.936
18	7.213
19	5.856
20	5.856
21	5.849
22	5.211
23	6.061
24	5.614
25	5.167
26	5.021
27	4.863
28	6.241
29	6.285
30	7.627
31	7.873
32	6.643
33	7.9
34	10.842
35	8.98
36	8.589
37	7.751
38	7.784
39	6.788
40	5.67
41	5.29
42	4.842
43	3.992
44	5.547
45	5.636
46	5.211
47	6.441
48	4.341
49	3.09
50	3.09
51	1.622
52	1.96
53	1.458
54	2.611
55	2.532
56	4.039
57	3.627
58	4.748
59	4.419
60	1.792
61	0.687
62	0.815
63	1.523
64	0.998
65	0.553
66	0.202
67	0.318
68	1.024
69	1.622
70	2.259
71	3.5
72	5.054
73	8.269
74	8.974
75	6.632
76	5.393
77	5.393
78	4.059
79	5.133
80	5.278
81	6.844
82	6.919
83	9.534
84	9.629
85	5.549
86	7.482
87	8.488
88	8.471
89	8.48
90	6.039
91	4.5
92	3.995
93	4.191
94	4.07
95	1.914
96	3.568
97	1.921
98	4.918
99	8.212
100	11.056
101	11.973
102	11.973
103	11.16
104	6.87
105	6.892
106	9.194
107	8.884
108	9.709
109	6.936
110	6.67
111	7.22
112	6.795
113	5.728
114	3.752
115	3.206
116	1.315
117	1.88
118	1.097
119	2.482
120	2.905
121	2.052
122	3.04
123	4.086
124	5.946
125	4.708
126	8.597
127	8.597
128	8.759
129	7.732
130	7.649
131	8.0
132	8.127
133	7.623
134	6.901
135	10.379
136	9.786
137	10.572
138	11.605
139	11.641
140	10.917
141	9.169
142	9.467
143	8.203
144	10.225
145	10.933
146	10.709
147	9.558
148	10.499
149	11.112
150	11.108
151	9.124
152	9.124
153	7.674
154	6.09
155	5.23
156	3.425
157	3.381
158	4.694
159	4.392
160	4.975
161	6.819
162	7.891
163	7.118
164	7.031
165	8.695
166	10.746
167	11.616
168	12.59
169	8.529
170	10.956
171	10.732
172	9.963
173	9.573
174	9.174
175	9.174
176	9.835
177	10.289
178	12.271
179	12.071
180	9.774
181	9.415
182	9.868
183	9.001
184	9.524
185	9.425
186	8.36
187	6.624
188	2.628
189	2.807
190	2.684
191	2.784
192	0.851
193	0.777
194	1.234
195	1.773
196	2.236
197	2.035
198	2.035
199	3.388
200	3.522
201	4.903
202	3.511
203	5.379
204	6.196
205	5.222
206	4.674
207	5.748
208	4.294
209	3.802
210	4.395
211	6.386
212	6.386
213	2.326
214	0.0
215	0.0
216	0.0
217	0.0
218	1.973
219	2.449
220	3.288
221	2.963
222	2.963
223	1.498
224	1.677
225	0.0
226	1.364
227	2.035
228	1.601
229	2.922
230	0.671
231	2.449
232	4.697
233	6.072
234	5.457
235	5.312
236	5.502
237	4.607
238	5.301
239	1.543
