0	1.845
1	0.369
2	0.0
3	3.735
4	3.735
5	0.795
6	0.626
7	0.145
8	0.145
9	0.279
10	0.794
11	0.794
12	1.308
13	0.022
14	0.279
15	0.279
16	1.232
17	0.469
18	0.637
19	0.637
20	0.974
21	0.48
22	0.48
23	1.042
24	0.313
25	0.0
26	0.0
27	0.0
28	0.0
29	1.32
30	1.32
31	2.707
32	2.416
33	1.196
34	1.196
35	0.055
36	0.0
37	0.0
38	0.0
39	0.0
40	0.0
41	0.0
42	0.0
43	0.0
44	0.0
45	0.0
46	0.0
47	0.0
48	0.0
49	0.0
50	0.0
51	0.0
52	0.0
53	0.0
54	0.0
55	0.0
56	0.0
57	0.0
58	0.0
59	0.0
60	0.0
61	0.0
62	0.0
63	0.0
64	0.0
65	0.0
66	0.0
67	0.0
68	0.0
69	0.0
70	0.0
71	0.0
72	0.0
73	0.108
74	0.0
75	0.0
76	0.0
77	0.007
78	0.0
79	0.0
80	0.0
81	0.0
82	0.0
83	0.0
84	0.0
85	0.0
86	0.0
87	0.0
88	0.0
89	0.0
90	0.0
91	0.0
92	0.0
93	0.0
94	0.0
95	0.0
96	0.0
97	0.0
98	0.0
99	0.0
100	0.0
101	0.0
102	0.0
103	0.0
104	0.0
105	4.809
106	5.278
107	4.094
108	4.094
109	4.753
110	6.106
111	6.688
112	6.688
113	4.551
114	4.73
115	5.48
116	5.48
117	5.681
118	5.345
119	5.345
120	4.909
121	5.804
122	5.446
123	5.446
124	6.229
125	11.821
126	7.168
127	7.168
128	6.688
129	8.443
130	8.443
131	14.472
132	14.427
133	10.389
134	10.389
135	11.519
136	14.416
137	14.885
138	14.885
139	6.509
140	11.832
141	16.641
142	16.641
143	17.883
144	14.606
145	14.606
146	6.43
147	8.074
148	11.72
149	11.72
150	14.941
151	12.201
152	13.398
153	13.398
154	5.155
155	3.22
156	3.22
157	6.822
158	6.62
159	6.587
160	6.587
161	6.565
162	6.755
163	4.82
164	4.82
165	2.896
166	6.844
167	5.804
168	5.804
169	9.014
170	9.763
171	9.763
172	16.127
173	16.91
174	15.076
175	15.076
176	13.465
177	8.835
178	13.174
179	13.174
180	8.98
181	13.006
182	13.006
183	11.239
184	11.295
185	13.89
186	13.89
187	12.683
188	14.494
189	17.972
190	17.972
191	19.393
192	9.953
193	10.289
194	10.289
195	8.846
196	8.824
197	8.824
198	5.334
199	0.301
200	0.167
201	0.167
202	0.0
203	0.011
204	0.145
205	0.145
206	0.335
207	0.784
208	0.525
209	0.525
210	0.0
211	0.0
212	0.0
213	0.0
214	0.0
215	0.1
216	0.1
217	1.096
218	0.861
219	0.57
220	0.57
221	0.838
222	1.532
223	2.517
224	2.517
225	2.309
226	1.431
227	1.431
228	1.107
229	1.699
230	3.517
231	3.517
232	4.687
233	5.883
234	11.53
235	11.53
236	9.584
237	7.716
238	7.716
239	11.184
