0	2.952
1	3.378
2	2.482
3	2.851
4	1.755
5	5.312
6	4.037
7	5.636
8	7.347
9	7.347
10	7.951
11	8.018
12	10.166
13	6.207
14	8.354
15	6.318
16	1.8
17	3.064
18	2.158
19	3.489
20	5.457
21	4.742
22	8.354
23	8.209
24	11.049
25	4.988
26	3.455
27	3.701
28	3.858
29	4.574
30	3.88
31	3.198
32	2.404
33	1.207
34	2.107
35	1.744
36	2.259
37	0.939
38	1.755
39	2.684
40	4.104
41	8.924
42	8.924
43	11.083
44	15.568
45	11.72
46	12.705
47	17.816
48	24.202
49	10.199
50	17.077
51	18.576
52	10.434
53	10.11
54	12.033
55	24.906
56	14.718
57	22.938
58	28.06
59	30.42
60	30.487
61	25.98
62	19.202
63	14.393
64	11.172
65	16.015
66	9.797
67	12.76
68	7.728
69	5.882
70	9.372
71	11.172
72	10.859
73	6.844
74	6.844
75	5.502
76	11.441
77	8.634
78	6.978
79	7.649
80	6.699
81	5.38
82	2.024
83	0.48
84	0.268
85	0.0
86	0.0
87	0.0
88	0.0
89	0.0
90	0.0
91	0.0
92	0.0
93	0.0
94	0.0
95	0.0
96	0.0
97	0.0
98	0.0
99	0.0
100	0.0
101	0.0
102	0.0
103	0.0
104	0.0
105	0.0
106	0.0
107	0.0
108	0.0
109	0.0
110	0.0
111	0.0
112	0.001
113	0.007
114	0.0
115	0.0
116	0.0
117	0.0
118	0.0
119	0.0
120	0.0
121	0.0
122	0.0
123	0.0
124	0.0
125	0.0
126	0.0
127	0.0
128	0.0
129	0.0
130	0.0
131	0.0
132	0.0
133	0.0
134	0.0
135	0.0
136	0.0
137	0.0
138	0.0
139	0.0
140	0.007
141	0.007
142	5.838
143	5.021
144	4.73
145	1.241
146	0.0
147	1.576
148	1.33
149	2.829
150	1.033
151	0.485
152	0.989
153	0.939
154	2.672
155	4.317
156	5.502
157	0.984
158	0.346
159	0.76
160	0.984
161	1.722
162	2.214
163	1.509
164	1.42
165	2.259
166	3.388
167	2.728
168	3.276
169	4.238
170	3.981
171	5.021
172	6.021
173	4.555
174	5.868
175	3.377
176	3.075
177	3.657
178	3.657
179	3.88
180	3.903
181	2.583
182	3.657
183	3.735
184	5.524
185	5.536
186	4.473
187	3.31
188	2.359
189	3.914
190	3.668
191	5.189
192	4.194
193	3.59
194	3.355
195	3.038
196	6.221
197	6.095
198	6.23
199	5.312
200	4.775
201	4.238
202	5.715
203	4.719
204	4.182
205	4.495
206	5.088
207	2.426
208	5.2
209	4.54
210	3.88
211	4.361
212	4.138
213	2.863
214	2.594
215	2.751
216	2.751
217	2.326
218	2.371
219	1.733
220	2.147
221	1.99
222	2.046
223	1.755
224	1.442
225	2.505
226	1.744
227	2.415
228	2.796
229	4.54
230	3.556
231	1.946
232	2.147
233	2.057
234	1.8
235	0.894
236	3.187
237	2.18
238	1.588
239	0.816
