0	9.394
1	7.661
2	6.318
3	7.817
4	7.817
5	5.804
6	6.251
7	4.507
8	4.194
9	3.836
10	3.433
11	5.178
12	5.893
13	4.965
14	3.623
15	4.126
16	6.889
17	6.889
18	6.229
19	5.099
20	10.457
21	11.262
22	5.849
23	5.48
24	5.323
25	5.994
26	4.205
27	3.634
28	8.98
29	6.52
30	6.911
31	6.43
32	5.603
33	3.601
34	3.165
35	3.5
36	3.701
37	3.254
38	2.516
39	1.509
40	2.628
41	1.8
42	4.138
43	6.207
44	5.379
45	6.934
46	4.73
47	3.399
48	1.811
49	2.091
50	2.259
51	1.946
52	2.404
53	1.834
54	1.185
55	1.509
56	1.521
57	1.655
58	1.297
59	1.219
60	1.934
61	1.755
62	1.711
63	1.711
64	1.274
65	1.23
66	1.409
67	1.196
68	1.532
69	1.946
70	1.722
71	2.113
72	1.465
73	2.158
74	1.867
75	2.617
76	2.986
77	2.225
78	2.751
79	2.046
80	1.666
81	1.688
82	1.767
83	2.974
84	1.745
85	1.845
86	2.482
87	2.292
88	1.811
89	2.706
90	2.874
91	2.549
92	3.757
93	3.366
94	2.717
95	3.142
96	3.299
97	2.169
98	2.18
99	2.124
100	1.923
101	3.008
102	2.001
103	1.621
104	2.18
105	2.974
106	2.684
107	3.802
108	2.661
109	2.516
110	2.74
111	2.986
112	2.84
113	2.102
114	1.856
115	1.476
116	1.096
117	1.655
118	1.017
119	1.073
120	1.14
121	0.738
122	0.961
123	1.912
124	1.923
125	2.001
126	3.086
127	2.784
128	1.789
129	1.789
130	2.326
131	1.319
132	1.151
133	0.447
134	0.0
135	0.0
136	0.0
137	1.834
138	3.981
139	6.945
140	6.945
141	8.477
142	13.141
143	8.03
144	7.359
145	4.339
146	6.542
147	9.059
148	6.497
149	6.497
150	6.195
151	9.361
152	8.6
153	10.121
154	13.376
155	12.078
156	11.43
157	11.43
158	19.325
159	11.62
160	3.444
161	0.0
162	0.0
163	0.0
164	0.0
165	0.0
166	0.0
167	0.0
168	0.0
169	0.0
170	0.0
171	0.0
172	0.0
173	0.369
174	3.478
175	1.207
176	4.82
177	3.567
178	3.567
179	5.077
180	6.721
181	5.524
182	5.647
183	4.07
184	3.556
185	3.556
186	2.527
187	3.232
188	1.934
189	2.807
190	4.495
191	4.495
192	6.397
193	3.12
194	3.12
195	1.678
196	0.0
197	0.0
198	0.0
199	0.0
200	0.0
201	4.934
202	6.14
203	6.14
204	4.876
205	3.523
206	4.618
207	3.858
208	3.858
209	1.42
210	4.809
211	4.093
212	5.424
213	2.762
214	2.762
215	2.863
216	2.158
217	2.136
218	3.877
219	3.877
220	0.57
221	0.838
222	1.062
223	0.838
224	0.592
225	0.592
226	0.402
227	0.111
228	0.212
229	0.033
230	0.033
231	0.089
232	0.011
233	0.078
234	0.067
235	0.0
236	0.0
237	1.509
238	0.0
239	0.089
