0	33.708
1	40.161
2	47.14
3	43.382
4	57.206
5	21.998
6	50.72
7	45.798
8	49.656
9	57.373
10	55.931
11	55.562
12	46.491
13	50.059
14	49.053
15	18.777
16	32.209
17	29.503
18	22.916
19	27.736
20	29.682
21	42.208
22	27.322
23	62.786
24	54.756
25	23.833
26	74.183
27	69.642
28	54.868
29	38.059
30	36.594
31	56.166
32	65.292
33	65.582
34	13.789
35	13.465
36	22.86
37	21.204
38	14.393
39	18.039
40	28.944
41	48.84
42	51.412
43	55.092
44	18.621
45	12.302
46	33.786
47	29.447
48	24.202
49	24.604
50	43.83
51	42.23
52	43.326
53	35.688
54	9.551
55	20.265
56	29.57
57	21.652
58	31.684
59	45.25
60	49.31
61	42.555
62	48.985
63	23.43
64	8.074
65	30.331
66	30.107
67	23.24
68	25.913
69	40.105
70	51.077
71	58.112
72	54.22
73	14.114
74	27.546
75	21.394
76	20.902
77	19.504
78	28.899
79	41.045
80	42.566
81	52.296
82	21.204
83	12.783
84	29.056
85	28.988
86	29.794
87	31.773
88	37.332
89	51.938
90	49.97
91	40.597
92	35.352
93	11.597
94	30.107
95	26.192
96	9.528
97	14.628
98	31.069
99	49.131
100	55.595
101	51.345
102	13.789
103	11.497
104	22.182
105	20.366
106	19.516
107	30.845
108	27.658
109	38.663
110	49.299
111	54.242
112	19.381
113	39.501
114	55.081
115	55.629
116	42.846
117	50.842
118	47.14
119	37.656
120	36.403
121	27.859
122	13.364
123	35.33
124	43.897
125	26.036
126	36.549
127	35.24
128	37.41
129	33.753
130	37.354
131	40.262
132	21.652
133	32.601
134	14.024
135	32.758
136	32.679
137	39.322
138	41.358
139	50.137
140	61.668
141	40.441
142	31.427
143	15.87
144	19.896
145	30.286
146	27.11
147	26.671
148	54.689
149	52.822
150	57.318
151	16.451
152	48.057
153	39.378
154	45.384
155	40.172
156	35.073
157	50.26
158	53.929
159	33.786
160	53.537
161	27.177
162	38.752
163	40.698
164	50.697
165	46.189
166	56.646
167	37.779
168	37.768
169	34.793
170	37.846
171	44.089
172	42.767
173	43.852
174	56.423
175	49.947
176	56.054
177	44.243
178	53.649
179	46.816
180	16.328
181	38.405
182	43.382
183	42.611
184	50.876
185	37.79
186	52.262
187	56.87
188	55.64
189	51.435
190	13.622
191	39.166
192	30.588
193	31.874
194	46.737
195	44.389
196	47.386
197	44.903
198	56.233
199	47.766
200	16.507
201	46.603
202	45.06
203	32.523
204	46.413
205	44.109
206	55.517
207	39.759
208	51.793
209	38.584
210	12.951
211	20.746
212	16.485
213	30.23
214	27.132
215	24.112
216	31.091
217	35.844
218	31.337
219	15.154
220	34.401
221	42.957
222	46.939
223	33.339
224	56.087
225	40.184
226	64.42
227	39.658
228	45.82
229	9.964
230	25.577
231	34.513
232	55.931
233	51.748
234	54.477
235	56.434
236	72.103
237	56.445
238	60.382
239	29.19
