0	0.0
1	0.0
2	0.0
3	0.0
4	0.0
5	0.0
6	0.0
7	0.0
8	0.0
9	0.0
10	0.0
11	0.0
12	0.0
13	0.0
14	0.0
15	0.0
16	0.0
17	0.0
18	0.0
19	0.003
20	0.0
21	0.0
22	0.0
23	0.0
24	0.0
25	0.0
26	0.033
27	10.49
28	4.328
29	0.0
30	7.93
31	12.224
32	3.511
33	1.521
34	5.2
35	5.2
36	12.235
37	14.606
38	18.878
39	17.838
40	15.221
41	11.843
42	7.873
43	7.113
44	8.365
45	12.749
46	15.959
47	20.209
48	21.652
49	12.268
50	22.211
51	23.128
52	21.506
53	21.327
54	15.993
55	15.97
56	22.267
57	14.539
58	26.438
59	3.276
60	0.268
61	0.167
62	0.0
63	0.0
64	0.0
65	0.0
66	0.0
67	0.0
68	0.0
69	0.0
70	0.0
71	0.0
72	2.482
73	1.934
74	0.014
75	0.0
76	0.0
77	0.0
78	0.0
79	0.0
80	0.0
81	0.0
82	0.0
83	0.0
84	0.0
85	0.0
86	0.0
87	0.359
88	2.382
89	3.445
90	5.099
91	3.04
92	2.751
93	3.366
94	3.959
95	3.947
96	4.015
97	3.076
98	3.444
99	3.467
100	3.423
101	4.966
102	4.585
103	6.106
104	6.978
105	6.229
106	6.676
107	7.37
108	8.69
109	7.539
110	6.374
111	5.938
112	6.207
113	7.587
114	3.981
115	4.138
116	4.149
117	3.143
118	2.561
119	2.057
120	2.818
121	4.44
122	4.574
123	4.865
124	3.511
125	2.997
126	2.907
127	3.456
128	6.006
129	6.945
130	7.414
131	8.141
132	5.01
133	5.133
134	6.397
135	7.526
136	6.99
137	8.22
138	6.643
139	7.437
140	7.639
141	7.717
142	4.138
143	6.833
144	5.927
145	4.127
146	4.138
147	4.596
148	4.876
149	4.9
150	4.206
151	4.048
152	4.182
153	3.143
154	3.466
155	3.34
156	3.568
157	2.706
158	2.069
159	1.107
160	4.797
161	5.659
162	3.478
163	2.997
164	3.657
165	1.185
166	1.565
167	1.453
168	1.778
169	2.27
170	3.311
171	3.411
172	4.529
173	4.518
174	3.411
175	2.505
176	2.851
177	3.936
178	4.372
179	4.372
180	4.641
181	5.615
182	5.972
183	6.386
184	3.824
185	3.332
186	1.252
187	3.97
188	8.924
189	7.717
190	5.636
191	5.1
192	6.665
193	8.276
194	7.784
195	7.672
196	7.236
197	7.515
198	8.399
199	8.209
200	9.786
201	9.952
202	13.935
203	11.239
204	12.335
205	9.562
206	9.529
207	9.293
208	6.912
209	6.039
210	6.029
211	6.173
212	3.757
213	2.594
214	3.645
215	3.937
216	3.522
217	3.847
218	3.422
219	5.983
220	5.513
221	4.809
222	4.854
223	5.547
224	4.697
225	3.31
226	3.232
227	5.525
228	6.016
229	5.2
230	3.725
231	3.534
232	3.5
233	3.568
234	4.015
235	3.355
236	3.422
237	3.411
238	3.69
239	3.635
