0	2.706
1	2.349
2	3.233
3	3.903
4	4.597
5	6.241
6	4.585
7	5.055
8	3.097
9	0.301
10	0.704
11	2.416
12	1.666
13	1.498
14	1.901
15	2.091
16	1.219
17	1.677
18	2.717
19	3.881
20	2.549
21	2.08
22	2.393
23	5.413
24	6.308
25	4.641
26	3.422
27	3.869
28	3.31
29	3.142
30	2.237
31	2.214
32	2.226
33	2.214
34	2.091
35	1.655
36	2.706
37	2.293
38	2.415
39	2.695
40	3.579
41	2.538
42	2.348
43	3.198
44	2.472
45	1.253
46	0.458
47	0.044
48	0.022
49	0.0
50	0.0
51	0.0
52	0.0
53	0.056
54	0.783
55	2.18
56	3.411
57	2.672
58	2.773
59	1.891
60	1.22
61	1.511
62	0.862
63	1.42
64	0.832
65	0.996
66	1.264
67	1.208
68	0.872
69	0.895
70	0.85
71	1.163
72	0.849
73	1.957
74	2.169
75	2.024
76	2.18
77	2.393
78	2.863
79	2.226
80	1.811
81	2.214
82	2.024
83	1.655
84	1.118
85	1.767
86	1.733
87	2.069
88	1.755
89	1.845
90	1.398
91	1.006
92	0.973
93	0.492
94	0.335
95	1.499
96	1.532
97	1.622
98	0.872
99	0.873
100	0.637
101	0.973
102	0.234
103	0.167
104	0.559
105	0.749
106	1.644
107	2.819
108	3.411
109	1.576
110	3.132
111	2.506
112	3.814
113	7.672
114	7.226
115	9.114
116	10.02
117	7.124
118	9.585
119	7.023
120	4.518
121	8.231
122	8.567
123	7.997
124	6.106
125	5.647
126	9.495
127	10.457
128	8.199
129	7.359
130	5.648
131	6.162
132	6.991
133	8.287
134	9.674
135	10.915
136	11.038
137	9.237
138	8.735
139	8.969
140	6.509
141	7.65
142	8.768
143	8.6
144	10.054
145	10.468
146	10.211
147	10.602
148	11.485
149	9.797
150	8.41
151	7.963
152	9.003
153	6.665
154	6.475
155	3.735
156	4.518
157	5.938
158	7.494
159	5.804
160	6.766
161	7.649
162	5.346
163	3.244
164	4.093
165	4.283
166	2.851
167	3.109
168	2.203
169	2.046
170	2.796
171	2.225
172	2.639
173	3.679
174	3.679
175	5.345
176	6.062
177	6.117
178	4.775
179	2.482
180	3.455
181	5.995
182	5.201
183	4.82
184	6.297
185	2.997
186	4.698
187	5.055
188	3.836
189	3.445
190	2.225
191	1.431
192	0.592
193	0.268
194	0.715
195	1.655
196	0.033
197	0.481
198	0.469
199	0.682
200	0.29
201	0.648
202	0.57
203	0.391
204	0.402
205	0.469
206	0.805
207	1.174
208	0.279
209	0.402
210	0.995
211	0.279
212	0.1
213	0.178
214	0.626
215	2.025
216	2.695
217	3.355
218	3.914
219	2.986
220	2.885
221	2.874
222	3.131
223	2.416
224	2.259
225	4.106
226	3.757
227	3.522
228	4.674
229	4.786
230	3.858
231	2.952
232	4.351
233	4.797
234	3.668
235	5.01
236	5.748
237	5.524
238	5.01
239	4.116
