0	7.941
1	6.521
2	8.969
3	8.969
4	8.511
5	5.647
6	1.722
7	1.722
8	4.674
9	8.41
10	7.873
11	7.873
12	4.529
13	5.043
14	9.539
15	9.539
16	7.437
17	9.562
18	9.562
19	5.749
20	6.967
21	6.374
22	6.374
23	8.197
24	5.58
25	3.097
26	3.097
27	4.988
28	3.925
29	3.847
30	3.847
31	3.769
32	3.59
33	3.59
34	2.907
35	4.071
36	6.285
37	6.285
38	5.469
39	2.494
40	3.098
41	3.098
42	3.11
43	9.652
44	10.58
45	10.58
46	9.953
47	8.958
48	8.958
49	8.276
50	4.988
51	4.607
52	4.607
53	7.293
54	4.127
55	4.792
56	4.792
57	1.755
58	0.615
59	0.212
60	0.212
61	4.563
62	6.542
63	6.542
64	4.305
65	4.742
66	3.522
67	3.522
68	8.008
69	8.6
70	3.299
71	3.299
72	1.04
73	1.163
74	0.514
75	0.514
76	0.022
77	1.297
78	1.297
79	3.624
80	3.558
81	4.585
82	4.585
83	3.435
84	0.045
85	1.588
86	1.588
87	3.142
88	2.63
89	1.096
90	1.096
91	0.895
92	1.778
93	1.778
94	2.259
95	2.763
96	2.333
97	2.333
98	2.494
99	2.281
100	3.073
101	3.073
102	2.471
103	1.912
104	2.102
105	2.102
106	0.95
107	0.637
108	0.637
109	0.771
110	0.671
111	0.391
112	0.391
113	0.078
114	0.424
115	0.402
116	0.402
117	0.357
118	0.0
119	2.136
120	2.136
121	3.16
122	2.989
123	0.022
124	0.022
125	0.0
126	2.851
127	2.851
128	3.924
129	3.179
130	2.863
131	2.863
132	2.998
133	4.179
134	3.3
135	3.3
136	5.201
137	1.901
138	1.901
139	3.031
140	2.159
141	4.227
142	4.227
143	4.028
144	2.024
145	2.952
146	2.952
147	3.97
148	3.904
149	7.304
150	7.304
151	7.349
152	9.395
153	9.395
154	7.663
155	5.861
156	4.647
157	4.647
158	4.35
159	4.341
160	5.021
161	5.021
162	4.563
163	4.261
164	4.798
165	4.798
166	4.306
167	3.691
168	3.691
169	3.657
170	4.206
171	5.492
172	5.492
173	6.557
174	6.109
175	4.318
176	4.318
177	1.867
178	0.581
179	3.628
180	3.628
181	4.343
182	0.828
183	1.23
184	1.23
185	1.767
186	3.579
187	3.579
188	3.489
189	2.583
190	1.297
191	1.297
192	0.581
193	0.055
194	0.0
195	0.0
196	2.684
197	1.992
198	1.992
199	1.879
200	1.845
201	2.103
202	2.103
203	4.071
204	0.749
205	2.952
206	2.952
207	2.348
208	1.901
209	1.61
210	1.61
211	1.487
212	0.782
213	0.671
214	0.671
215	0.212
216	0.0
217	0.0
218	0.145
219	0.0
220	0.0
221	0.0
222	0.0
223	0.0
224	0.0
225	0.0
226	0.212
227	0.011
228	0.089
229	0.089
230	0.011
231	1.062
232	1.062
233	1.219
234	2.292
235	2.103
236	2.103
237	0.592
238	0.29
239	0.76
