0	0.0
1	0.0
2	0.0
3	0.0
4	0.0
5	0.0
6	0.0
7	0.0
8	0.0
9	0.0
10	0.0
11	0.857
12	0.857
13	3.02
14	2.396
15	0.122
16	0.122
17	0.134
18	0.0
19	0.0
20	0.0
21	0.0
22	0.0
23	0.0
24	0.0
25	0.0
26	0.0
27	0.0
28	0.0
29	0.0
30	0.0
31	0.0
32	0.0
33	0.0
34	0.0
35	0.0
36	0.0
37	0.0
38	0.0
39	0.29
40	0.0
41	0.246
42	0.246
43	0.504
44	0.693
45	0.402
46	0.402
47	0.525
48	1.028
49	1.028
50	1.476
51	0.984
52	0.749
53	0.749
54	1.576
55	1.398
56	1.767
57	1.767
58	0.894
59	0.536
60	1.006
61	1.006
62	0.894
63	0.313
64	0.313
65	0.0
66	0.0
67	0.0
68	0.0
69	0.0
70	0.425
71	1.118
72	1.118
73	1.878
74	2.505
75	2.505
76	2.281
77	2.08
78	4.07
79	4.07
80	1.23
81	2.997
82	2.393
83	2.393
84	4.305
85	4.786
86	6.285
87	6.285
88	3.713
89	2.247
90	2.247
91	2.639
92	3.355
93	1.968
94	1.968
95	0.469
96	1.543
97	0.794
98	0.794
99	1.778
100	0.704
101	0.704
102	0.38
103	1.107
104	1.409
105	1.409
106	0.548
107	0.413
108	0.1
109	0.48
110	0.48
111	0.492
112	0.201
113	1.375
114	1.375
115	2.057
116	0.0
117	0.0
118	0.0
119	0.0
120	0.0
121	0.0
122	0.0
123	0.0
124	0.0
125	0.0
126	0.0
127	0.0
128	0.0
129	0.0
130	0.0
131	0.0
132	0.0
133	0.0
134	0.041
135	0.659
136	0.0
137	0.0
138	0.067
139	0.57
140	0.57
141	1.297
142	1.297
143	0.48
144	1.23
145	1.263
146	0.123
147	0.123
148	0.223
149	1.073
150	0.637
151	0.637
152	0.033
153	0.033
154	0.145
155	0.861
156	0.861
157	0.272
158	0.495
159	0.324
160	0.324
161	0.548
162	0.581
163	0.771
164	1.107
165	1.107
166	1.297
167	1.759
168	1.252
169	1.185
170	1.185
171	1.006
172	1.252
173	0.503
174	0.503
175	1.789
176	1.677
177	1.151
178	0.671
179	0.671
180	0.279
181	0.167
182	0.0
183	0.0
184	0.0
185	0.19
186	0.0
187	0.0
188	0.0
189	0.0
190	0.0
191	0.0
192	0.0
193	0.0
194	0.0
195	0.0
196	0.0
197	0.0
198	0.0
199	0.0
200	0.0
201	0.0
202	0.0
203	0.0
204	0.0
205	0.0
206	0.0
207	0.0
208	0.0
209	0.0
210	0.0
211	0.0
212	0.02
213	0.137
214	0.592
215	0.357
216	0.357
217	0.067
218	0.089
219	0.022
220	0.022
221	0.044
222	0.335
223	0.57
224	0.704
225	0.704
226	0.525
227	1.599
228	0.816
229	0.816
230	0.648
231	0.313
232	0.503
233	0.257
234	0.257
235	0.0
236	1.185
237	1.975
238	1.729
239	0.335
