0	4.238
1	4.037
2	4.73
3	6.195
4	6.934
5	8.376
6	6.151
7	3.109
8	0.939
9	1.129
10	0.973
11	0.849
12	0.469
13	1.006
14	1.185
15	1.386
16	1.61
17	0.671
18	1.051
19	1.521
20	1.219
21	2.628
22	1.286
23	1.476
24	2.93
25	4.015
26	3.567
27	2.035
28	1.89
29	2.46
30	2.941
31	2.538
32	3.299
33	3.276
34	2.415
35	3.802
36	3.645
37	1.599
38	2.393
39	1.856
40	0.726
41	1.207
42	1.028
43	1.241
44	2.315
45	3.12
46	3.735
47	2.203
48	2.963
49	2.684
50	1.386
51	1.677
52	1.957
53	3.187
54	2.986
55	3.254
56	2.773
57	1.811
58	1.42
59	1.789
60	3.303
61	3.601
62	2.963
63	2.415
64	2.706
65	3.254
66	1.867
67	1.409
68	1.353
69	0.469
70	0.861
71	0.234
72	0.492
73	0.324
74	0.29
75	0.782
76	1.051
77	0.816
78	1.543
79	1.901
80	2.494
81	1.465
82	1.465
83	2.214
84	1.834
85	2.236
86	2.113
87	1.342
88	2.561
89	3.601
90	4.339
91	2.415
92	2.225
93	1.274
94	1.856
95	0.738
96	1.274
97	0.637
98	0.492
99	0.469
100	0.301
101	0.201
102	0.335
103	0.067
104	0.223
105	0.19
106	0.324
107	0.581
108	0.738
109	0.48
110	0.391
111	0.536
112	0.771
113	0.771
114	0.48
115	0.078
116	0.234
117	0.156
118	0.212
119	0.213
120	0.078
121	0.726
122	0.415
123	0.268
124	0.234
125	0.369
126	0.436
127	0.492
128	0.492
129	0.57
130	1.174
131	1.006
132	1.017
133	0.838
134	0.782
135	0.637
136	0.872
137	0.548
138	0.492
139	0.715
140	0.917
141	0.928
142	0.827
143	0.816
144	0.693
145	0.973
146	0.883
147	1.342
148	1.207
149	0.648
150	1.274
151	0.939
152	0.838
153	0.648
154	1.04
155	0.782
156	0.469
157	0.659
158	1.274
159	1.073
160	1.185
161	0.861
162	0.805
163	1.688
164	1.946
165	2.438
166	2.605
167	2.247
168	1.957
169	2.348
170	2.124
171	0.671
172	0.838
173	1.319
174	0.828
175	0.738
176	1.017
177	1.107
178	0.671
179	0.503
180	0.615
181	0.771
182	0.447
183	1.084
184	1.23
185	0.973
186	0.637
187	0.178
188	0.067
189	0.178
190	0.268
191	0.738
192	0.279
193	0.19
194	0.212
195	0.234
196	0.369
197	0.223
198	0.178
199	0.29
200	0.111
201	0.178
202	1.118
203	2.583
204	2.292
205	1.364
206	1.04
207	1.028
208	0.905
209	1.431
210	2.382
211	1.722
212	0.872
213	1.543
214	1.354
215	0.57
216	0.38
217	2.137
218	1.325
219	1.443
220	2.792
221	1.8
222	0.973
223	2.091
224	1.912
225	1.891
226	1.543
227	3.132
228	1.431
229	0.458
230	0.894
231	0.548
232	0.794
233	0.548
234	1.028
235	1.14
236	1.14
237	0.95
238	0.659
239	1.129
