0	0.0
1	0.313
2	0.0
3	0.0
4	0.257
5	0.626
6	0.548
7	0.201
8	0.0
9	0.504
10	0.592
11	0.302
12	0.0
13	0.011
14	0.66
15	0.74
16	0.592
17	0.48
18	0.0
19	0.212
20	0.581
21	0.156
22	0.011
23	0.369
24	0.0
25	0.0
26	0.0
27	0.0
28	0.008
29	0.018
30	0.0
31	0.0
32	0.0
33	0.0
34	0.0
35	0.0
36	0.054
37	0.0
38	0.0
39	3.747
40	4.082
41	2.685
42	5.457
43	3.88
44	1.744
45	0.782
46	0.134
47	0.223
48	0.827
49	0.984
50	1.556
51	0.806
52	0.649
53	0.459
54	0.358
55	0.38
56	0.985
57	0.0
58	0.514
59	0.19
60	1.196
61	0.503
62	0.078
63	0.469
64	0.894
65	0.503
66	0.346
67	0.648
68	0.0
69	0.0
70	0.0
71	0.0
72	0.0
73	0.0
74	0.0
75	0.0
76	0.0
77	0.0
78	0.0
79	0.0
80	0.0
81	0.0
82	0.0
83	0.005
84	0.001
85	0.0
86	0.0
87	0.0
88	0.984
89	4.217
90	3.109
91	3.453
92	0.559
93	0.134
94	0.0
95	0.626
96	3.808
97	7.672
98	4.831
99	5.927
100	9.809
101	6.453
102	8.443
103	4.428
104	3.097
105	3.086
106	4.977
107	4.764
108	6.766
109	7.761
110	7.291
111	8.566
112	6.878
113	5.748
114	6.598
115	9.696
116	7.817
117	6.486
118	3.746
119	5.357
120	5.569
121	6.061
122	5.167
123	6.128
124	7.101
125	5.055
126	6.9
127	5.032
128	4.406
129	4.216
130	5.524
131	3.668
132	7.47
133	5.715
134	5.715
135	5.614
136	7.94
137	9.841
138	6.24
139	3.053
140	8.678
141	10.926
142	14.684
143	11.049
144	6.878
145	5.647
146	4.149
147	2.449
148	2.506
149	2.143
150	3.064
151	1.767
152	1.801
153	0.917
154	0.559
155	0.48
156	0.235
157	0.201
158	0.643
159	0.704
160	0.0
161	0.0
162	0.0
163	0.0
164	0.0
165	0.0
166	0.0
167	0.0
168	0.0
169	0.0
170	0.0
171	0.0
172	0.0
173	0.0
174	0.0
175	0.0
176	0.0
177	0.0
178	0.0
179	0.0
180	0.0
181	0.0
182	0.0
183	0.0
184	0.0
185	0.0
186	0.0
187	0.0
188	0.0
189	0.0
190	0.0
191	0.0
192	0.0
193	0.0
194	0.0
195	0.0
196	0.0
197	0.0
198	0.0
199	0.0
200	0.0
201	0.0
202	0.0
203	0.0
204	0.0
205	0.0
206	0.0
207	0.0
208	0.0
209	0.0
210	0.0
211	0.0
212	0.0
213	0.0
214	0.002
215	0.0
216	0.0
217	0.0
218	0.0
219	0.0
220	0.0
221	0.0
222	0.0
223	0.0
224	0.0
225	0.0
226	0.0
227	0.0
228	0.091
229	0.108
230	0.0
231	0.0
232	0.0
233	0.022
234	0.007
235	0.007
236	0.0
237	0.0
238	0.0
239	0.0
