0	0.067
1	0.234
2	0.234
3	0.883
4	0.413
5	0.145
6	0.536
7	0.536
8	0.313
9	0.178
10	0.134
11	0.851
12	0.851
13	3.371
14	2.781
15	3.288
16	3.288
17	3.813
18	2.136
19	1.207
20	0.548
21	0.548
22	1.185
23	1.118
24	1.498
25	1.532
26	1.532
27	0.212
28	1.23
29	3.332
30	3.332
31	3.03
32	0.838
33	1.241
34	0.0
35	0.0
36	0.0
37	0.0
38	0.0
39	0.0
40	0.0
41	0.0
42	0.0
43	0.0
44	0.0
45	0.0
46	0.0
47	0.0
48	0.0
49	0.0
50	0.0
51	0.0
52	0.0
53	0.0
54	0.001
55	0.0
56	0.0
57	0.0
58	0.0
59	0.0
60	0.0
61	0.0
62	0.0
63	0.0
64	0.0
65	0.0
66	0.0
67	0.0
68	0.0
69	0.0
70	0.0
71	0.0
72	0.0
73	0.0
74	0.0
75	0.0
76	0.0
77	0.0
78	0.0
79	0.0
80	0.0
81	0.0
82	0.0
83	0.0
84	0.0
85	0.0
86	0.0
87	0.0
88	0.0
89	0.0
90	0.0
91	0.0
92	0.0
93	0.0
94	0.0
95	0.008
96	0.0
97	0.0
98	0.0
99	0.0
100	0.0
101	0.0
102	0.0
103	4.518
104	4.518
105	5.828
106	4.104
107	2.863
108	2.863
109	4.115
110	3.69
111	2.572
112	0.626
113	0.626
114	1.677
115	0.134
116	0.0
117	0.615
118	0.615
119	1.163
120	1.051
121	1.051
122	4.63
123	1.767
124	0.738
125	0.738
126	0.357
127	0.0
128	0.0
129	0.0
130	0.0
131	0.335
132	0.0
133	0.0
134	0.1
135	0.0
136	0.0
137	0.178
138	0.0
139	0.0
140	0.0
141	0.0
142	0.0
143	0.0
144	0.0
145	0.0
146	0.0
147	0.0
148	0.0
149	0.011
150	2.885
151	2.885
152	2.527
153	0.0
154	0.0
155	0.0
156	0.0
157	0.0
158	0.0
159	0.0
160	0.0
161	0.0
162	0.0
163	0.0
164	0.0
165	0.0
166	0.0
167	0.038
168	0.0
169	0.0
170	0.0
171	0.0
172	0.0
173	0.0
174	0.0
175	0.0
176	0.0
177	0.0
178	0.0
179	0.0
180	0.0
181	0.0
182	0.0
183	0.0
184	0.0
185	0.0
186	0.0
187	0.0
188	0.0
189	0.0
190	0.0
191	0.0
192	0.0
193	0.0
194	0.0
195	0.0
196	0.044
197	0.022
198	0.167
199	0.167
200	0.268
201	2.505
202	0.849
203	0.849
204	0.928
205	0.29
206	0.146
207	0.146
208	0.156
209	0.749
210	0.089
211	0.089
212	0.548
213	1.174
214	1.174
215	1.554
216	2.471
217	0.973
218	0.973
219	0.603
220	0.0
221	0.0
222	0.0
223	0.458
224	0.0
225	0.0
226	0.0
227	0.0
228	0.0
229	0.0
230	0.0
231	0.0
232	0.0
233	0.0
234	0.0
235	0.0
236	0.0
237	0.0
238	0.0
239	0.0
