0	2.952
1	2.18
2	1.912
3	2.315
4	1.576
5	1.398
6	2.639
7	2.236
8	1.453
9	1.621
10	2.113
11	1.174
12	1.633
13	2.673
14	2.896
15	3.746
16	2.18
17	2.818
18	2.672
19	3.489
20	2.27
21	1.286
22	0.76
23	1.319
24	2.371
25	3.053
26	4.652
27	4.015
28	3.78
29	3.411
30	3.534
31	3.086
32	3.176
33	3.59
34	2.684
35	3.042
36	3.053
37	2.672
38	2.303
39	2.762
40	3.153
41	3.478
42	3.422
43	3.433
44	3.075
45	2.102
46	2.236
47	2.773
48	3.344
49	4.082
50	2.93
51	2.941
52	3.153
53	2.225
54	2.359
55	1.319
56	1.431
57	1.8
58	2.001
59	1.699
60	1.007
61	0.85
62	1.118
63	0.905
64	1.576
65	1.61
66	1.274
67	1.096
68	0.961
69	1.342
70	1.588
71	2.773
72	1.778
73	2.617
74	1.934
75	1.856
76	2.147
77	1.028
78	1.543
79	1.151
80	1.565
81	1.632
82	1.979
83	1.744
84	2.091
85	2.136
86	2.08
87	1.129
88	2.013
89	1.834
90	1.666
91	2.102
92	1.666
93	2.113
94	1.923
95	2.65
96	3.198
97	2.527
98	3.366
99	3.03
100	3.232
101	3.344
102	3.713
103	2.494
104	1.979
105	2.147
106	2.069
107	1.319
108	1.711
109	1.599
110	1.912
111	1.151
112	1.118
113	1.521
114	1.968
115	1.342
116	1.431
117	2.751
118	1.957
119	2.829
120	2.829
121	2.516
122	3.299
123	1.622
124	0.0
125	0.0
126	2.717
127	2.639
128	2.236
129	2.494
130	2.449
131	2.505
132	3.254
133	1.554
134	1.118
135	2.337
136	2.829
137	1.476
138	0.995
139	1.297
140	0.849
141	0.749
142	0.928
143	0.715
144	1.096
145	1.174
146	1.23
147	1.23
148	0.928
149	1.252
150	1.028
151	1.453
152	1.42
153	1.453
154	1.789
155	0.794
156	0.794
157	0.492
158	0.503
159	0.637
160	0.726
161	0.581
162	0.514
163	0.413
164	0.637
165	0.671
166	0.726
167	0.749
168	0.637
169	0.76
170	1.129
171	0.771
172	0.849
173	1.364
174	0.838
175	0.894
176	1.175
177	1.196
178	0.94
179	0.782
180	1.062
181	0.939
182	0.682
183	1.006
184	1.017
185	1.33
186	1.554
187	1.498
188	0.883
189	0.861
190	0.671
191	0.525
192	0.603
193	1.062
194	1.375
195	1.073
196	1.174
197	1.409
198	1.632
199	1.856
200	3.153
201	2.482
202	0.749
203	2.18
204	1.677
205	1.431
206	1.062
207	1.398
208	1.274
209	1.207
210	1.23
211	1.174
212	1.185
213	1.42
214	0.939
215	1.286
216	1.645
217	1.319
218	1.14
219	1.521
220	1.142
221	1.174
222	1.734
223	1.678
224	1.752
225	0.0
226	0.0
227	0.0
228	0.413
229	2.259
230	2.93
231	2.874
232	2.337
233	2.751
234	2.494
235	2.091
236	2.192
237	2.784
238	2.113
239	3.713
