0	0.156
1	0.044
2	0.995
3	0.033
4	0.033
5	1.968
6	0.357
7	0.022
8	0.022
9	0.0
10	0.268
11	0.268
12	0.055
13	0.0
14	0.022
15	0.022
16	0.011
17	0.011
18	0.0
19	0.0
20	0.0
21	0.0
22	0.0
23	0.0
24	0.0
25	0.0
26	0.0
27	0.0
28	0.0
29	0.111
30	0.022
31	0.0
32	0.279
33	0.279
34	0.667
35	2.063
36	1.946
37	1.946
38	1.901
39	2.27
40	2.27
41	1.867
42	0.257
43	0.257
44	0.0
45	0.007
46	0.0
47	0.56
48	0.56
49	1.14
50	1.263
51	0.548
52	0.548
53	0.827
54	0.48
55	0.436
56	0.402
57	0.402
58	0.626
59	0.514
60	0.671
61	2.482
62	2.482
63	1.073
64	0.816
65	1.476
66	0.0
67	0.0
68	0.011
69	0.0
70	0.268
71	0.201
72	0.201
73	0.279
74	0.782
75	0.436
76	0.055
77	0.346
78	0.346
79	0.581
80	0.391
81	0.291
82	0.234
83	0.234
84	0.38
85	0.19
86	0.022
87	0.0
88	0.0
89	0.0
90	0.0
91	0.0
92	0.089
93	0.0
94	0.0
95	0.0
96	0.0
97	0.0
98	0.111
99	0.0
100	0.0
101	0.0
102	0.0
103	0.0
104	0.0
105	0.0
106	0.0
107	0.0
108	0.037
109	0.0
110	0.0
111	0.0
112	0.0
113	0.0
114	0.0
115	0.0
116	0.0
117	0.0
118	0.044
119	14.551
120	14.551
121	21.361
122	20.791
123	12.514
124	8.522
125	16.194
126	20.287
127	23.184
128	49.612
129	58.727
130	57.664
131	50.775
132	50.775
133	40.128
134	37.544
135	45.429
136	51.177
137	42.018
138	43.214
139	43.796
140	22.211
141	35.498
142	29.0
143	29.0
144	12.224
145	38.383
146	41.82
147	52.173
148	44.836
149	54.756
150	64.274
151	48.46
152	40.855
153	40.855
154	17.145
155	36.582
156	25.801
157	29.95
158	37.007
159	38.674
160	36.974
161	29.413
162	29.413
163	19.774
164	20.824
165	13.588
166	16.093
167	15.981
168	17.883
169	19.829
170	21.025
171	21.025
172	16.216
173	18.61
174	19.695
175	16.41
176	16.172
177	10.3
178	2.158
179	1.42
180	1.42
181	1.621
182	1.878
183	2.18
184	1.118
185	0.146
186	0.369
187	0.48
188	0.48
189	0.581
190	0.536
191	0.369
192	0.973
193	1.252
194	0.905
195	1.062
196	1.062
197	0.581
198	0.078
199	0.078
200	0.033
201	0.145
202	0.111
203	0.111
204	0.111
205	0.067
206	0.324
207	0.033
208	0.637
209	3.054
210	3.054
211	0.605
212	0.1
213	0.0
214	1.151
215	1.934
216	1.577
217	1.577
218	1.957
219	1.253
220	1.599
221	2.021
222	2.024
223	2.024
224	2.339
225	2.351
226	1.342
227	1.465
228	1.364
229	1.364
230	0.559
231	0.0
232	0.444
233	2.249
234	2.249
235	0.0
236	0.0
237	0.94
238	0.727
239	0.671
