0	13.924
1	12.201
2	9.875
3	13.454
4	14.013
5	7.414
6	12.906
7	17.816
8	18.196
9	19.415
10	15.713
11	19.952
12	20.131
13	18.297
14	18.442
15	19.885
16	16.406
17	16.317
18	18.174
19	20.052
20	19.549
21	19.806
22	17.939
23	11.799
24	11.642
25	14.002
26	16.25
27	14.125
28	14.449
29	14.93
30	15.12
31	15.232
32	17.066
33	12.447
34	14.259
35	15.646
36	17.055
37	13.901
38	18.923
39	17.38
40	20.858
41	17.827
42	9.439
43	13.23
44	14.796
45	18.845
46	19.281
47	19.706
48	21.109
49	21.014
50	21.484
51	22.569
52	24.425
53	23.978
54	20.858
55	25.365
56	21.562
57	23.184
58	22.636
59	19.985
60	17.458
61	15.78
62	23.877
63	26.215
64	24.56
65	22.289
66	22.133
67	21.35
68	19.337
69	15.662
70	20.348
71	18.923
72	20.779
73	20.041
74	20.019
75	18.699
76	18.856
77	15.199
78	10.032
79	13.767
80	18.319
81	16.418
82	25.51
83	16.675
84	18.006
85	17.782
86	17.659
87	15.076
88	19.023
89	20.086
90	23.754
91	24.381
92	22.792
93	19.739
94	25.04
95	27.177
96	19.695
97	24.258
98	26.427
99	19.65
100	15.042
101	20.846
102	21.059
103	25.197
104	23.464
105	8.175
106	6.676
107	10.893
108	11.049
109	28.363
110	26.595
111	24.123
112	26.875
113	19.448
114	17.133
115	28.776
116	26.013
117	20.802
118	20.6
119	13.778
120	19.672
121	16.776
122	22.423
123	26.483
124	23.419
125	13.387
126	23.24
127	14.941
128	19.202
129	18.431
130	22.446
131	22.535
132	19.26
133	19.516
134	16.474
135	17.782
136	9.931
137	13.566
138	15.12
139	12.85
140	14.518
141	16.633
142	16.44
143	14.619
144	12.131
145	17.408
146	14.87
147	17.76
148	16.306
149	16.406
150	16.977
151	11.81
152	14.505
153	14.069
154	13.733
155	9.73
156	9.567
157	12.481
158	14.259
159	11.239
160	11.329
161	8.611
162	12.76
163	12.783
164	14.013
165	12.671
166	8.141
167	4.328
168	5.29
169	5.67
170	4.261
171	4.35
172	5.39
173	3.321
174	4.138
175	3.769
176	2.326
177	1.263
178	3.516
179	5.994
180	5.827
181	6.792
182	7.494
183	7.471
184	8.165
185	5.156
186	7.839
187	8.667
188	11.319
189	10.434
190	8.611
191	8.622
192	9.237
193	7.616
194	5.86
195	9.25
196	7.303
197	4.104
198	7.124
199	5.088
200	4.965
201	8.186
202	6.978
203	7.985
204	8.812
205	9.103
206	11.016
207	13.61
208	13.096
209	14.249
210	17.95
211	16.843
212	13.711
213	11.318
214	9.562
215	10.848
216	9.305
217	12.604
218	13.286
219	14.103
220	10.624
221	15.053
222	19.773
223	17.033
224	15.556
225	18.956
226	16.44
227	21.641
228	15.031
229	16.082
230	16.619
231	13.499
232	13.834
233	12.872
234	13.23
235	18.219
236	13.722
237	16.172
238	15.478
239	9.114
