0	0.324
1	0.335
2	0.335
3	0.301
4	0.29
5	0.279
6	0.279
7	0.279
8	0.268
9	0.268
10	0.279
11	0.257
12	0.223
13	0.246
14	0.29
15	0.279
16	0.282
17	0.234
18	0.301
19	0.347
20	0.246
21	0.268
22	0.212
23	0.213
24	0.257
25	0.314
26	0.313
27	0.357
28	0.313
29	0.257
30	0.159
31	0.234
32	0.257
33	0.324
34	0.391
35	0.268
36	0.279
37	0.357
38	0.212
39	0.223
40	0.268
41	0.156
42	0.201
43	0.234
44	0.156
45	0.156
46	0.268
47	0.257
48	0.268
49	0.335
50	0.224
51	0.235
52	0.301
53	0.301
54	0.234
55	0.234
56	0.335
57	0.19
58	0.324
59	0.413
60	0.268
61	0.301
62	0.29
63	0.145
64	0.369
65	0.258
66	0.268
67	0.234
68	0.223
69	0.234
70	0.234
71	0.212
72	0.212
73	0.223
74	0.336
75	0.481
76	0.414
77	0.615
78	0.628
79	0.582
80	0.559
81	0.548
82	0.563
83	0.536
84	0.536
85	0.402
86	0.391
87	0.301
88	0.246
89	0.19
90	0.19
91	0.123
92	0.033
93	0.1
94	2.249
95	1.623
96	0.559
97	0.1
98	0.134
99	0.078
100	0.279
101	0.749
102	0.838
103	0.85
104	0.85
105	0.648
106	0.671
107	0.794
108	0.798
109	0.827
110	0.592
111	0.536
112	0.514
113	0.548
114	0.525
115	0.559
116	0.559
117	0.57
118	0.861
119	0.782
120	0.715
121	0.805
122	0.682
123	0.961
124	0.615
125	0.693
126	0.693
127	0.134
128	0.0
129	0.033
130	0.38
131	0.369
132	0.279
133	0.76
134	1.118
135	1.118
136	0.827
137	0.76
138	1.386
139	1.041
140	0.984
141	1.028
142	1.23
143	1.465
144	1.465
145	0.257
146	0.324
147	0.492
148	0.313
149	0.749
150	0.469
151	0.648
152	0.749
153	0.324
154	0.525
155	0.458
156	0.458
157	0.19
158	0.212
159	0.715
160	1.14
161	0.973
162	1.778
163	1.666
164	0.447
165	0.201
166	0.089
167	0.178
168	0.033
169	0.011
170	0.19
171	0.581
172	0.413
173	0.603
174	0.615
175	0.514
176	0.536
177	0.603
178	0.648
179	0.861
180	0.995
181	1.142
182	0.716
183	0.615
184	0.693
185	0.726
186	0.637
187	0.659
188	0.726
189	0.771
190	0.66
191	0.872
192	0.619
193	0.594
194	0.715
195	0.849
196	0.849
197	0.626
198	0.771
199	0.973
200	1.174
201	1.442
202	1.308
203	1.443
204	1.983
205	1.543
206	1.979
207	1.633
208	1.365
209	1.565
210	2.438
211	1.981
212	1.968
213	2.465
214	2.382
215	2.919
216	2.619
217	1.789
218	1.241
219	1.827
220	1.997
221	2.292
222	2.494
223	1.509
224	1.42
225	0.872
226	1.856
227	1.084
228	0.201
229	0.246
230	1.107
231	1.599
232	1.8
233	2.315
234	2.393
235	1.934
236	1.856
237	1.73
238	1.565
239	1.588
