0	1.778
1	2.549
2	1.04
3	0.671
4	0.369
5	0.212
6	1.028
7	2.605
8	1.151
9	1.308
10	2.661
11	3.5
12	2.684
13	3.042
14	2.248
15	3.601
16	3.601
17	3.153
18	2.27
19	1.297
20	1.263
21	1.498
22	1.946
23	1.632
24	2.728
25	3.359
26	1.073
27	0.782
28	0.536
29	1.252
30	0.715
31	0.726
32	0.167
33	0.067
34	0.771
35	1.129
36	0.939
37	1.308
38	1.599
39	1.99
40	2.102
41	1.543
42	2.315
43	2.27
44	2.292
45	1.778
46	2.236
47	1.453
48	1.923
49	1.878
50	2.013
51	2.013
52	2.818
53	2.18
54	2.091
55	2.091
56	2.796
57	2.013
58	3.008
59	4.317
60	6.251
61	8.007
62	7.202
63	6.71
64	3.596
65	4.484
66	5.793
67	3.064
68	3.22
69	3.467
70	2.661
71	1.991
72	2.001
73	2.214
74	1.845
75	2.762
76	2.337
77	3.075
78	4.138
79	3.634
80	4.115
81	3.299
82	3.757
83	2.292
84	2.102
85	2.605
86	2.773
87	2.829
88	1.621
89	1.755
90	2.259
91	1.498
92	2.315
93	2.941
94	3.601
95	3.645
96	3.645
97	3.657
98	3.142
99	2.236
100	1.666
101	0.715
102	0.268
103	0.548
104	0.861
105	0.984
106	1.822
107	2.572
108	3.053
109	3.623
110	3.757
111	3.042
112	2.013
113	1.644
114	1.219
115	0.738
116	0.223
117	0.29
118	0.123
119	0.089
120	0.794
121	1.263
122	1.576
123	1.8
124	1.677
125	1.867
126	2.136
127	0.693
128	0.551
129	0.883
130	0.615
131	0.29
132	0.48
133	0.816
134	0.883
135	0.883
136	0.883
137	1.073
138	1.688
139	2.08
140	2.303
141	3.601
142	3.824
143	4.574
144	5.435
145	5.2
146	4.764
147	3.914
148	2.192
149	2.382
150	2.796
151	2.572
152	3.31
153	3.433
154	4.126
155	4.182
156	3.299
157	3.399
158	5.48
159	4.507
160	3.936
161	4.663
162	2.974
163	3.165
164	2.549
165	1.185
166	1.107
167	0.603
168	1.274
169	0.749
170	0.123
171	0.111
172	0.111
173	0.995
174	2.84
175	2.751
176	2.069
177	2.203
178	2.158
179	3.399
180	3.109
181	3.914
182	3.5
183	3.601
184	4.429
185	2.394
186	4.082
187	4.82
188	4.361
189	3.802
190	4.317
191	4.988
192	4.988
193	4.484
194	5.681
195	5.055
196	4.954
197	5.323
198	3.724
199	2.784
200	3.668
201	4.73
202	4.887
203	4.674
204	3.478
205	3.444
206	5.357
207	6.598
208	7.459
209	7.459
210	4.686
211	4.093
212	3.511
213	3.086
214	2.617
215	4.261
216	5.2
217	4.697
218	4.003
219	3.992
220	2.124
221	0.0
222	2.602
223	7.538
224	11.195
225	9.114
226	10.009
227	11.765
228	8.689
229	4.305
230	9.562
231	10.859
232	10.859
233	9.933
234	8.352
235	12.537
236	14.55
237	10.818
238	5.705
239	4.596
