0	3.735
1	1.241
2	0.178
3	0.178
4	0.033
5	0.0
6	0.0
7	0.0
8	0.0
9	0.0
10	0.0
11	0.0
12	0.0
13	0.95
14	6.386
15	1.599
16	1.153
17	10.01
18	18.856
19	28.038
20	33.988
21	32.623
22	30.275
23	30.946
24	28.407
25	24.269
26	25.13
27	21.207
28	15.691
29	8.186
30	0.324
31	0.0
32	9.047
33	11.541
34	14.583
35	0.0
36	6.14
37	14.695
38	28.597
39	31.337
40	34.703
41	34.838
42	33.842
43	33.138
44	34.961
45	31.74
46	28.988
47	28.988
48	31.035
49	30.118
50	26.595
51	29.515
52	29.339
53	30.468
54	22.737
55	23.05
56	8.477
57	8.477
58	4.686
59	13.152
60	32.545
61	34.245
62	27.49
63	27.803
64	22.938
65	21.361
66	16.149
67	1.453
68	0.0
69	0.0
70	0.0
71	0.0
72	0.0
73	0.0
74	0.0
75	0.0
76	1.901
77	8.231
78	4.842
79	7.236
80	7.224
81	6.274
82	8.074
83	8.03
84	8.544
85	8.388
86	8.846
87	8.701
88	8.443
89	9.047
90	8.589
91	10.155
92	9.361
93	10.557
94	9.338
95	9.473
96	8.88
97	8.175
98	8.164
99	7.739
100	8.164
101	8.958
102	9.081
103	10.971
104	9.114
105	6.509
106	10.322
107	11.407
108	12.235
109	10.367
110	7.571
111	6.99
112	7.862
113	8.186
114	8.432
115	7.705
116	7.862
117	8.645
118	8.969
119	10.568
120	7.627
121	6.084
122	6.99
123	7.493
124	8.88
125	7.359
126	7.157
127	12.011
128	10.412
129	10.792
130	10.848
131	7.47
132	7.605
133	6.553
134	6.363
135	5.357
136	5.905
137	3.511
138	3.825
139	4.294
140	3.5
141	5.737
142	5.491
143	3.31
144	3.277
145	2.427
146	3.735
147	3.489
148	3.869
149	2.247
150	2.751
151	3.165
152	2.136
153	2.829
154	6.274
155	5.088
156	3.578
157	3.288
158	2.214
159	5.481
160	7.258
161	4.82
162	7.448
163	6.699
164	6.911
165	4.35
166	6.922
167	8.141
168	9.305
169	10.401
170	10.266
171	10.669
172	9.931
173	5.491
174	3.679
175	2.393
176	0.827
177	0.659
178	0.111
179	0.503
180	2.583
181	3.288
182	1.532
183	1.655
184	0.0
185	3.548
186	5.498
187	6.911
188	8.22
189	10.423
190	11.463
191	11.184
192	10.87
193	9.73
194	7.213
195	6.576
196	5.088
197	5.357
198	4.853
199	3.455
200	3.746
201	2.538
202	3.836
203	4.854
204	4.194
205	1.789
206	1.207
207	1.196
208	2.204
209	1.085
210	1.711
211	0.906
212	3.221
213	4.162
214	3.31
215	3.702
216	3.5
217	3.053
218	3.109
219	2.292
220	2.863
221	1.286
222	2.818
223	5.58
224	6.24
225	8.734
226	12.067
227	7.895
228	4.462
229	5.189
230	3.903
231	6.509
232	3.567
233	2.717
234	2.494
235	2.728
236	0.659
237	0.402
238	0.123
239	0.145
