0	84.081
1	94.515
2	100.89
3	109.916
4	99.045
5	87.022
6	96.059
7	92.279
8	111.918
9	106.248
10	93.577
11	120.474
12	110.967
13	84.372
14	117.701
15	125.054
16	142.774
17	123.605
18	130.617
19	122.509
20	97.591
21	111.347
22	89.315
23	113.327
24	122.643
25	93.498
26	107.851
27	62.628
28	107.679
29	121.189
30	127.296
31	117.04
32	108.742
33	106.393
34	90.802
35	76.89
36	66.153
37	65.325
38	2.449
39	74.518
40	95.679
41	110.151
42	106.482
43	73.334
44	87.447
45	79.473
46	73.87
47	110.386
48	84.719
49	72.271
50	65.706
51	78.802
52	84.674
53	108.227
54	112.063
55	109.748
56	102.557
57	116.347
58	126.681
59	111.672
60	101.092
61	68.3
62	106.583
63	117.745
64	105.509
65	121.312
66	109.692
67	116.335
68	99.839
69	110.788
70	96.014
71	91.753
72	128.347
73	142.741
74	131.082
75	173.016
76	157.783
77	153.87
78	155.524
79	158.007
80	160.177
81	161.877
82	158.802
83	124.384
84	159.792
85	166.172
86	160.636
87	160.636
88	162.156
89	156.095
90	134.756
91	98.385
92	92.144
93	72.584
94	79.048
95	71.163
96	44.959
97	37.522
98	33.099
99	22.233
100	24.47
101	17.547
102	12.067
103	15.59
104	30.386
105	38.215
106	60.449
107	69.855
108	64.8
109	53.996
110	69.027
111	61.635
112	52.15
113	82.493
114	67.35
115	66.164
116	61.478
117	77.549
118	85.367
119	84.249
120	69.821
121	59.946
122	76.375
123	79.649
124	83.074
125	72.863
126	47.386
127	50.328
128	79.126
129	86.441
130	96.886
131	86.709
132	79.283
133	88.297
134	74.229
135	71.633
136	67.517
137	48.404
138	48.404
139	70.537
140	0.0
141	0.0
142	0.0
143	0.0
144	4.901
145	20.846
146	16.932
147	26.472
148	28.519
149	20.6
150	31.538
151	31.382
152	23.743
153	41.604
154	37.108
155	35.229
156	30.364
157	20.936
158	12.682
159	20.981
160	33.529
161	23.598
162	41.649
163	45.697
164	52.218
165	36.985
166	42.051
167	48.27
168	43.494
169	55.349
170	35.296
171	44.568
172	63.804
173	67.26
174	66.88
175	51.468
176	52.016
177	54.253
178	66.679
179	54.164
180	67.741
181	63.368
182	76.14
183	71.443
184	85.814
185	59.42
186	71.242
187	97.356
188	95.623
189	85.937
190	85.894
191	94.571
192	97.267
193	98.486
194	92.514
195	83.164
196	84.931
197	91.407
198	82.616
199	76.61
200	95.578
201	86.765
202	97.591
203	97.591
204	78.981
205	86.709
206	79.518
207	85.579
208	109.189
209	71.376
210	50.081
211	68.423
212	73.389
213	82.045
214	73.87
215	73.299
216	38.45
217	50.786
218	40.072
219	31.024
220	29.57
221	13.499
222	19.896
223	39.781
224	47.364
225	61.5
226	28.787
227	48.862
228	45.563
229	46.704
230	36.482
231	31.639
232	14.125
233	39.088
234	49.332
235	22.696
236	20.701
237	28.877
238	27.199
239	19.135
