0	0.013
1	0.001
2	0.0
3	0.0
4	0.006
5	0.005
6	0.001
7	0.0
8	0.0
9	0.0
10	0.0
11	0.002
12	0.154
13	0.0
14	0.076
15	0.0
16	0.007
17	0.0
18	0.0
19	0.0
20	0.0
21	0.0
22	0.0
23	0.0
24	0.0
25	0.0
26	0.0
27	0.0
28	0.0
29	0.0
30	0.0
31	0.0
32	0.0
33	0.0
34	0.0
35	0.0
36	0.0
37	0.0
38	0.0
39	0.0
40	0.0
41	0.0
42	0.0
43	0.0
44	0.0
45	0.0
46	0.0
47	0.0
48	0.0
49	0.0
50	0.002
51	0.0
52	0.002
53	0.112
54	0.259
55	0.067
56	0.044
57	0.033
58	0.089
59	0.134
60	0.022
61	0.156
62	0.178
63	0.224
64	0.178
65	0.223
66	0.156
67	0.112
68	0.022
69	0.112
70	0.134
71	0.067
72	0.067
73	0.358
74	0.358
75	0.447
76	0.335
77	0.335
78	0.402
79	0.402
80	0.917
81	0.169
82	0.071
83	0.071
84	0.043
85	0.024
86	0.024
87	0.022
88	0.227
89	0.19
90	0.19
91	0.38
92	1.085
93	0.648
94	0.648
95	0.872
96	2.326
97	2.326
98	1.878
99	1.409
100	1.073
101	1.073
102	1.822
103	1.398
104	1.599
105	1.599
106	1.375
107	1.834
108	1.834
109	2.259
110	3.467
111	2.382
112	2.382
113	3.355
114	3.567
115	1.89
116	1.89
117	1.096
118	1.14
119	1.14
120	1.286
121	0.615
122	0.905
123	0.905
124	0.939
125	0.782
126	0.984
127	0.984
128	0.973
129	0.939
130	1.736
131	1.736
132	1.588
133	0.794
134	0.715
135	0.715
136	0.973
137	0.249
138	0.615
139	0.615
140	0.335
141	0.223
142	0.223
143	0.19
144	0.268
145	0.123
146	0.123
147	0.301
148	0.469
149	1.431
150	1.431
151	0.883
152	0.458
153	0.637
154	0.637
155	0.346
156	1.031
157	1.031
158	1.04
159	0.872
160	1.042
161	1.042
162	1.239
163	0.981
164	0.649
165	0.649
166	0.424
167	0.033
168	0.033
169	0.139
170	0.234
171	0.178
172	0.178
173	0.335
174	0.415
175	0.413
176	0.413
177	0.304
178	0.315
179	0.346
180	0.346
181	0.279
182	0.313
183	0.313
184	0.369
185	0.357
186	0.357
187	0.357
188	0.626
189	0.279
190	0.212
191	0.212
192	0.246
193	0.246
194	0.246
195	0.626
196	0.424
197	0.313
198	0.313
199	0.458
200	0.55
201	0.402
202	0.402
203	0.536
204	0.257
205	0.57
206	0.57
207	0.861
208	0.593
209	0.593
210	0.369
211	0.391
212	0.604
213	0.604
214	0.503
215	0.548
216	0.346
217	0.346
218	0.268
219	0.402
220	0.402
221	0.279
222	0.134
223	0.178
224	0.178
225	0.301
226	0.011
227	0.246
228	0.246
229	0.738
230	0.413
231	0.413
232	0.123
233	0.145
234	0.447
235	0.447
236	2.08
237	2.625
238	0.0
239	0.0
