0	1.006
1	0.726
2	0.995
3	3.511
4	2.225
5	2.974
6	1.151
7	0.715
8	0.961
9	2.08
10	0.29
11	0.011
12	2.695
13	2.773
14	3.634
15	5.748
16	5.748
17	5.144
18	4.831
19	3.355
20	3.03
21	1.33
22	1.252
23	1.274
24	1.364
25	1.565
26	1.521
27	0.771
28	1.254
29	2.548
30	3.634
31	2.482
32	2.617
33	3.992
34	4.563
35	3.657
36	0.805
37	0.0
38	3.008
39	4.026
40	3.455
41	3.992
42	3.925
43	4.015
44	5.424
45	0.603
46	0.067
47	0.067
48	0.067
49	0.055
50	0.055
51	0.055
52	2.449
53	0.659
54	0.167
55	2.26
56	2.661
57	4.618
58	5.413
59	4.149
60	4.898
61	5.905
62	6.475
63	6.486
64	5.804
65	4.149
66	4.149
67	5.256
68	3.791
69	4.026
70	4.63
71	4.954
72	4.507
73	8.074
74	10.926
75	10.859
76	13.297
77	14.17
78	8.757
79	7.247
80	6.777
81	6.318
82	10.121
83	9.953
84	12.637
85	12.537
86	12.112
87	11.228
88	8.678
89	4.462
90	3.097
91	3.142
92	1.219
93	1.632
94	3.701
95	4.976
96	6.341
97	7.515
98	8.119
99	6.654
100	9.607
101	9.014
102	8.969
103	7.403
104	7.09
105	4.697
106	4.652
107	3.411
108	3.892
109	4.16
110	4.674
111	5.101
112	3.925
113	4.932
114	6.464
115	6.408
116	7.012
117	8.578
118	8.6
119	8.924
120	7.034
121	6.654
122	6.755
123	5.323
124	6.542
125	6.318
126	4.809
127	5.502
128	6.24
129	5.625
130	5.032
131	4.585
132	4.16
133	3.03
134	4.842
135	5.882
136	5.524
137	5.849
138	5.2
139	2.952
140	2.762
141	2.896
142	3.344
143	5.782
144	5.961
145	5.726
146	5.849
147	5.703
148	5.524
149	5.647
150	5.905
151	3.947
152	4.932
153	2.885
154	3.836
155	5.838
156	5.636
157	5.323
158	5.759
159	5.558
160	5.334
161	5.368
162	5.782
163	6.307
164	4.708
165	5.133
166	4.944
167	4.428
168	4.026
169	3.288
170	2.695
171	3.075
172	2.102
173	1.185
174	4.954
175	6.855
176	6.318
177	4.63
178	4.361
179	4.205
180	3.511
181	4.797
182	5.703
183	7.023
184	7.045
185	7.191
186	7.347
187	8.511
188	5.703
189	5.927
190	6.732
191	5.58
192	3.5
193	4.518
194	4.104
195	3.858
196	3.511
197	4.227
198	5.536
199	6.207
200	6.766
201	5.893
202	6.665
203	7.168
204	5.983
205	4.518
206	4.518
207	3.97
208	4.294
209	4.171
210	5.01
211	6.296
212	7.269
213	7.884
214	5.211
215	7.269
216	9.405
217	8.656
218	9.953
219	7.728
220	4.663
221	4.563
222	4.563
223	6.509
224	5.435
225	3.522
226	4.585
227	4.272
228	5.737
229	5.021
230	5.122
231	4.171
232	5.345
233	4.093
234	4.865
235	2.158
236	2.818
237	2.013
238	2.617
239	1.99
