0	38.226
1	35.453
2	37.746
3	40.53
4	43.103
5	43.103
6	14.572
7	14.572
8	12.57
9	9.674
10	8.723
11	8.734
12	7.638
13	6.397
14	6.799
15	7.672
16	11.396
17	7.996
18	10.423
19	12.022
20	15.389
21	15.601
22	28.161
23	34.592
24	38.215
25	32.981
26	37.097
27	17.916
28	31.069
29	12.425
30	26.763
31	38.651
32	63.211
33	97.636
34	75.067
35	60.662
36	74.082
37	59.23
38	70.101
39	88.42
40	70.772
41	60.572
42	45.429
43	46.547
44	51.054
45	63.883
46	54.32
47	71.801
48	55.998
49	59.118
50	46.469
51	51.972
52	47.397
53	49.88
54	52.71
55	34.849
56	48.158
57	45.865
58	30.107
59	32.903
60	22.334
61	35.319
62	47.677
63	28.53
64	17.86
65	16.72
66	12.212
67	12.347
68	14.382
69	14.919
70	14.181
71	17.111
72	39.345
73	40.508
74	43.282
75	55.987
76	51.759
77	36.001
78	63.368
79	45.608
80	37.052
81	77.907
82	70.828
83	58.19
84	68.39
85	79.014
86	78.12
87	83.555
88	86.06
89	76.42
90	86.385
91	88.8
92	90.523
93	82.639
94	81.508
95	62.205
96	66.298
97	42.968
98	46.715
99	52.743
100	107.321
101	128.381
102	104.862
103	104.862
104	125.126
105	111.772
106	94.471
107	114.367
108	125.875
109	129.398
110	100.432
111	111.739
112	104.279
113	81.878
114	128.727
115	118.494
116	126.647
117	96.285
118	119.87
119	121.189
120	101.764
121	90.321
122	102.109
123	63.211
124	71.7
125	94.392
126	83.052
127	66.846
128	114.993
129	118.181
130	71.79
131	105.722
132	87.984
133	65.918
134	74.91
135	79.63
136	79.562
137	67.07
138	49.533
139	58.604
140	56.087
141	52.206
142	52.956
143	68.803
144	56.523
145	50.227
146	71.577
147	48.46
148	44.814
149	61.813
150	50.641
151	61.545
152	49.97
153	52.609
154	56.4
155	26.617
156	43.606
157	45.362
158	30.588
159	23.05
160	29.85
161	21.327
162	8.801
163	30.823
164	41.403
165	44.21
166	40.855
167	51.524
168	56.993
169	43.964
170	40.34
171	51.301
172	55.293
173	56.591
174	56.591
175	33.44
176	39.714
177	39.524
178	36.795
179	32.847
180	34.245
181	44.12
182	40.62
183	28.217
184	47.621
185	46.01
186	52.441
187	26.908
188	32.836
189	39.96
190	47.196
191	40.687
192	35.106
193	26.808
194	29.693
195	21.495
196	19.661
197	25.063
198	28.597
199	28.709
200	15.568
201	18.327
202	20.578
203	25.6
204	39.423
205	56.423
206	80.178
207	83.667
208	86.374
209	96.092
210	83.667
211	62.529
212	46.95
213	63.469
214	63.469
215	80.289
216	112.768
217	81.945
218	81.687
219	69.161
220	70.951
221	39.121
222	64.844
223	53.034
224	44.624
225	45.787
226	20.455
227	9.316
228	6.531
229	6.833
230	0.659
231	1.666
232	2.236
233	1.476
234	1.655
235	2.471
236	2.169
237	2.225
238	1.901
239	1.398
