0	1.252
1	1.196
2	0.324
3	0.324
4	0.749
5	0.324
6	0.849
7	0.849
8	3.757
9	7.023
10	8.511
11	8.511
12	10.87
13	10.39
14	6.141
15	6.141
16	12.171
17	9.607
18	9.607
19	4.167
20	4.261
21	2.169
22	2.169
23	3.511
24	1.342
25	2.46
26	2.46
27	1.576
28	1.878
29	1.878
30	0.648
31	0.359
32	0.402
33	0.402
34	0.849
35	0.693
36	0.0
37	0.0
38	0.0
39	0.0
40	0.0
41	0.0
42	0.0
43	0.0
44	0.0
45	0.0
46	0.0
47	0.0
48	0.0
49	0.0
50	0.001
51	0.0
52	0.0
53	0.041
54	0.119
55	0.119
56	0.111
57	0.257
58	0.0
59	0.0
60	0.0
61	0.0
62	0.0
63	0.0
64	0.0
65	0.0
66	0.0
67	0.0
68	0.0
69	0.0
70	0.0
71	0.0
72	0.0
73	0.0
74	0.0
75	0.0
76	0.0
77	0.0
78	0.0
79	0.0
80	0.0
81	0.0
82	0.0
83	0.0
84	0.0
85	0.0
86	0.0
87	0.0
88	0.0
89	0.0
90	0.279
91	0.011
92	0.011
93	0.0
94	0.0
95	0.0
96	0.0
97	0.0
98	0.0
99	0.0
100	0.0
101	0.0
102	0.0
103	0.0
104	0.0
105	0.0
106	0.0
107	0.0
108	0.0
109	0.0
110	0.0
111	0.0
112	0.0
113	0.0
114	0.0
115	0.0
116	0.0
117	0.0
118	0.0
119	0.0
120	0.0
121	0.0
122	0.0
123	0.0
124	0.0
125	0.0
126	0.0
127	0.0
128	0.247
129	0.247
130	1.565
131	2.784
132	3.601
133	3.601
134	3.601
135	2.885
136	2.65
137	2.65
138	2.506
139	2.896
140	2.896
141	2.203
142	2.057
143	2.169
144	2.169
145	2.281
146	2.549
147	3.265
148	3.265
149	5.211
150	6.866
151	8.466
152	8.466
153	7.023
154	5.167
155	5.167
156	5.424
157	5.29
158	6.587
159	6.587
160	4.115
161	4.976
162	3.813
163	3.813
164	2.583
165	3.88
166	6.207
167	6.207
168	6.151
169	5.167
170	5.167
171	5.759
172	4.238
173	5.625
174	5.625
175	6.509
176	6.296
177	6.016
178	6.016
179	5.435
180	6.318
181	6.318
182	4.686
183	3.824
184	4.305
185	4.305
186	4.788
187	6.399
188	6.16
189	6.16
190	4.865
191	4.216
192	3.075
193	3.075
194	3.097
195	4.093
196	4.093
197	2.169
198	3.545
199	3.433
200	3.433
201	4.73
202	4.294
203	4.607
204	4.607
205	6.095
206	5.01
207	5.01
208	4.809
209	6.878
210	5.782
211	5.782
212	6.296
213	7.057
214	6.039
215	5.055
216	5.055
217	6.162
218	7.303
219	6.173
220	6.173
221	7.504
222	7.291
223	4.238
224	4.238
225	2.639
226	2.527
227	1.8
228	2.08
229	2.08
230	3.567
231	1.968
232	1.923
233	1.923
234	1.129
235	1.398
236	1.398
237	0.458
238	0.0
239	1.845
