0	0.246
1	0.067
2	0.782
3	0.357
4	0.0
5	0.0
6	0.0
7	0.0
8	0.0
9	0.0
10	10.504
11	23.553
12	31.74
13	32.455
14	32.377
15	27.165
16	27.456
17	26.964
18	20.511
19	16.149
20	20.412
21	18.9
22	8.98
23	3.053
24	5.77
25	6.106
26	1.677
27	0.715
28	0.0
29	0.0
30	0.0
31	0.0
32	0.0
33	0.0
34	0.0
35	0.279
36	0.089
37	0.089
38	0.894
39	1.185
40	0.861
41	1.42
42	2.516
43	0.894
44	2.124
45	1.588
46	1.588
47	1.062
48	1.219
49	0.156
50	0.648
51	2.74
52	2.997
53	1.845
54	0.38
55	4.473
56	7.325
57	6.71
58	6.263
59	5.491
60	8.913
61	16.015
62	17.514
63	14.427
64	14.237
65	16.608
66	8.667
67	12.861
68	11.642
69	8.22
70	3.713
71	3.142
72	2.807
73	3.791
74	8.734
75	10.334
76	9.774
77	8.745
78	9.059
79	9.774
80	15.243
81	14.953
82	13.588
83	16.708
84	15.825
85	17.894
86	11.821
87	14.863
88	9.864
89	8.32
90	8.488
91	3.31
92	8.768
93	7.672
94	8.947
95	7.94
96	3.444
97	4.194
98	8.511
99	7.996
100	8.936
101	8.455
102	6.553
103	6.151
104	5.401
105	7.236
106	12.693
107	10.971
108	8.801
109	6.072
110	5.938
111	4.809
112	13.745
113	10.311
114	9.909
115	7.09
116	4.406
117	9.875
118	10.266
119	17.234
120	10.356
121	12.928
122	7.649
123	7.403
124	7.258
125	9.752
126	11.161
127	15.903
128	12.458
129	5.961
130	7.124
131	4.965
132	0.067
133	3.243
134	5.826
135	11.553
136	15.602
137	14.306
138	14.718
139	16.541
140	18.632
141	18.923
142	18.531
143	13.13
144	13.711
145	12.078
146	16.776
147	16.776
148	14.762
149	15.21
150	12.962
151	11.832
152	11.698
153	11.955
154	6.699
155	4.462
156	5.614
157	4.395
158	2.974
159	4.54
160	6.598
161	7.94
162	6.665
163	6.218
164	5.368
165	10.524
166	2.214
167	4.674
168	7.37
169	5.871
170	5.435
171	7.236
172	7.605
173	9.595
174	9.014
175	11.441
176	11.184
177	10.009
178	10.468
179	8.175
180	7.672
181	8.421
182	6.766
183	9.663
184	18.766
185	16.283
186	15.814
187	13.141
188	11.799
189	5.815
190	2.952
191	3.187
192	1.745
193	1.431
194	0.044
195	0.0
196	1.006
197	0.0
198	0.0
199	0.0
200	0.0
201	0.0
202	0.0
203	0.0
204	0.0
205	0.0
206	0.0
207	0.0
208	0.0
209	0.0
210	0.0
211	0.0
212	0.01
213	0.0
214	0.033
215	0.0
216	0.0
217	0.228
218	0.0
219	10.737
220	15.668
221	27.691
222	24.28
223	27.467
224	26.103
225	26.036
226	33.518
227	33.552
228	28.373
229	34.569
230	24.75
231	15.635
232	20.31
233	19.27
234	25.019
235	19.728
236	28.306
237	30.7
238	33.317
239	38.987
