0	12.828
1	13.644
2	9.394
3	4.484
4	5.267
5	6.52
6	6.509
7	8.6
8	11.094
9	6.184
10	5.066
11	6.866
12	4.484
13	4.529
14	4.484
15	7.515
16	8.298
17	8.566
18	6.464
19	3.992
20	6.811
21	4.048
22	2.919
23	1.453
24	0.794
25	0.838
26	0.033
27	0.0
28	0.0
29	0.0
30	0.022
31	0.0
32	0.0
33	0.0
34	0.961
35	0.0
36	0.0
37	4.317
38	11.985
39	10.971
40	9.461
41	7.448
42	8.779
43	8.936
44	9.349
45	8.332
46	9.819
47	12.257
48	11.139
49	6.542
50	1.677
51	4.54
52	4.898
53	8.645
54	8.432
55	8.063
56	6.777
57	7.817
58	5.043
59	2.952
60	2.762
61	1.409
62	0.917
63	2.169
64	1.554
65	1.096
66	1.42
67	1.42
68	3.534
69	4.249
70	3.131
71	1.14
72	1.453
73	0.0
74	0.0
75	0.0
76	0.0
77	0.0
78	0.0
79	0.0
80	0.0
81	0.0
82	0.002
83	0.001
84	0.0
85	0.0
86	0.0
87	0.0
88	0.0
89	0.0
90	0.0
91	0.726
92	4.216
93	0.402
94	0.123
95	0.201
96	0.033
97	0.0
98	0.392
99	0.268
100	0.391
101	0.29
102	0.0
103	0.0
104	0.0
105	0.0
106	0.0
107	0.0
108	0.0
109	0.006
110	0.0
111	0.0
112	0.0
113	0.0
114	0.0
115	7.817
116	0.873
117	3.701
118	2.561
119	3.277
120	3.489
121	1.521
122	5.547
123	11.184
124	8.186
125	8.98
126	5.681
127	18.263
128	13.89
129	16.563
130	23.43
131	18.285
132	17.547
133	9.629
134	4.138
135	7.918
136	13.958
137	14.606
138	14.774
139	12.291
140	0.592
141	0.078
142	10.781
143	1.051
144	1.029
145	1.107
146	0.872
147	2.001
148	0.301
149	0.637
150	0.894
151	0.313
152	0.067
153	0.078
154	0.0
155	0.0
156	0.0
157	0.012
158	0.001
159	0.0
160	0.006
161	0.004
162	0.0
163	0.0
164	0.008
165	2.187
166	0.067
167	0.0
168	0.0
169	0.0
170	0.0
171	0.112
172	0.514
173	0.492
174	0.447
175	0.246
176	1.096
177	1.141
178	1.685
179	0.883
180	1.196
181	2.214
182	1.946
183	1.23
184	0.369
185	0.0
186	0.447
187	0.559
188	0.447
189	0.492
190	0.559
191	0.492
192	1.767
193	1.096
194	0.458
195	4.216
196	4.697
197	3.388
198	4.606
199	3.288
200	3.724
201	2.829
202	9.607
203	10.177
204	10.759
205	19.65
206	15.322
207	13.588
208	18.498
209	8.153
210	5.323
211	4.652
212	10.166
213	3.981
214	10.714
215	2.818
216	1.017
217	3.757
218	9.886
219	14.762
220	10.289
221	13.32
222	9.195
223	9.148
224	11.049
225	8.634
226	8.622
227	15.747
228	13.241
229	6.084
230	12.582
231	4.697
232	4.932
233	14.428
234	23.408
235	26.986
236	22.815
237	6.576
238	11.989
239	2.986
