0	14.852
1	13.118
2	13.118
3	12.906
4	12.112
5	10.334
6	13.006
7	13.006
8	11.541
9	11.754
10	12.984
11	9.193
12	9.193
13	6.945
14	10.199
15	13.006
16	13.006
17	12.022
18	11.062
19	11.752
20	12.458
21	12.458
22	12.235
23	11.989
24	12.447
25	9.226
26	9.226
27	8.119
28	7.459
29	7.336
30	7.336
31	8.857
32	10.446
33	9.273
34	11.866
35	11.866
36	10.322
37	11.642
38	10.703
39	11.966
40	11.966
41	9.651
42	12.682
43	7.28
44	9.797
45	11.228
46	11.228
47	8.477
48	8.578
49	12.414
50	13.096
51	12.179
52	12.179
53	9.964
54	10.199
55	11.261
56	14.958
57	18.666
58	18.666
59	16.071
60	19.482
61	16.82
62	18.352
63	17.268
64	16.854
65	16.854
66	21.394
67	16.791
68	17.737
69	18.923
70	16.026
71	12.727
72	14.941
73	14.941
74	17.022
75	13.42
76	12.727
77	17.458
78	21.551
79	19.068
80	20.891
81	20.891
82	18.766
83	18.968
84	23.71
85	20.545
86	22.2
87	20.69
88	17.737
89	11.195
90	11.195
91	8.902
92	9.897
93	14.393
94	13.376
95	12.559
96	11.184
97	14.349
98	13.42
99	11.743
100	10.949
101	10.949
102	8.466
103	5.893
104	7.079
105	6.028
106	5.636
107	4.194
108	4.171
109	10.087
110	13.107
111	13.107
112	5.379
113	11.049
114	9.64
115	10.859
116	10.893
117	15.825
118	17.526
119	17.525
120	14.606
121	14.606
122	13.286
123	15.12
124	17.312
125	19.583
126	19.762
127	17.972
128	17.603
129	15.415
130	16.06
131	16.06
132	15.087
133	15.713
134	15.187
135	13.241
136	13.275
137	15.254
138	14.237
139	18.162
140	11.62
141	11.62
142	13.812
143	14.147
144	18.487
145	15.4
146	14.326
147	18.889
148	16.462
149	16.384
150	16.25
151	16.25
152	16.831
153	15.456
154	13.722
155	13.118
156	17.022
157	18.811
158	17.916
159	14.975
160	16.72
161	16.72
162	19.941
163	20.22
164	14.315
165	14.662
166	12.995
167	12.503
168	14.103
169	14.818
170	15.02
171	15.02
172	14.695
173	12.794
174	11.922
175	10.188
176	11.005
177	9.036
178	9.786
179	9.204
180	8.22
181	3.78
182	3.78
183	3.925
184	3.075
185	2.102
186	2.069
187	1.118
188	0.089
189	0.279
190	0.458
191	0.458
192	3.869
193	4.611
194	3.987
195	4.753
196	3.478
197	2.773
198	2.158
199	2.482
200	2.796
201	2.796
202	2.885
203	2.941
204	3.131
205	2.505
206	2.214
207	1.666
208	1.644
209	1.867
210	3.757
211	3.757
212	3.892
213	4.182
214	5.457
215	5.267
216	3.724
217	3.836
218	4.194
219	2.169
220	2.169
221	0.805
222	3.556
223	3.299
224	2.538
225	3.153
226	3.444
227	3.254
228	2.963
229	2.963
230	2.359
231	1.912
232	1.767
233	5.2
234	6.095
235	8.421
236	8.018
237	5.301
238	5.972
239	5.972
