0	1.14
1	1.431
2	1.615
3	1.232
4	1.504
5	1.504
6	1.153
7	1.029
8	0.078
9	0.0
10	0.0
11	0.123
12	1.252
13	0.369
14	0.0
15	0.022
16	0.0
17	0.0
18	0.0
19	0.0
20	0.0
21	0.0
22	0.0
23	0.0
24	0.0
25	0.0
26	0.0
27	0.0
28	0.0
29	0.002
30	0.0
31	0.0
32	0.0
33	0.0
34	0.0
35	0.0
36	0.0
37	0.0
38	0.001
39	0.0
40	0.0
41	0.027
42	0.0
43	0.011
44	0.0
45	0.0
46	0.001
47	0.023
48	0.002
49	0.001
50	0.003
51	0.032
52	0.046
53	0.033
54	0.0
55	0.0
56	0.0
57	0.0
58	0.0
59	0.0
60	0.0
61	0.0
62	0.0
63	0.0
64	0.0
65	0.011
66	0.013
67	0.011
68	0.0
69	0.0
70	0.002
71	0.013
72	0.014
73	0.04
74	0.034
75	0.033
76	0.123
77	0.0
78	0.861
79	5.021
80	3.366
81	2.91
82	16.776
83	26.584
84	54.164
85	38.271
86	28.854
87	27.669
88	30.353
89	43.707
90	38.081
91	29.369
92	21.618
93	28.382
94	25.674
95	24.885
96	27.96
97	25.588
98	30.409
99	20.276
100	28.474
101	28.474
102	13.04
103	0.0
104	0.0
105	0.0
106	0.0
107	4.966
108	4.708
109	3.053
110	4.428
111	4.048
112	5.111
113	5.815
114	7.224
115	7.269
116	9.159
117	9.841
118	9.964
119	17.905
120	34.525
121	21.506
122	22.256
123	16.44
124	17.659
125	19.773
126	23.687
127	21.808
128	17.95
129	20.399
130	16.16
131	12.883
132	10.747
133	11.407
134	11.72
135	9.651
136	10.624
137	11.262
138	8.533
139	13.342
140	17.525
141	10.02
142	22.546
143	15.635
144	10.68
145	6.967
146	3.947
147	2.393
148	2.695
149	1.241
150	0.671
151	2.751
152	4.581
153	4.581
154	1.196
155	4.654
156	6.058
157	5.242
158	6.005
159	8.32
160	5.558
161	5.558
162	11.128
163	10.725
164	9.976
165	12.045
166	12.011
167	12.089
168	12.794
169	12.537
170	9.551
171	9.551
172	5.972
173	10.602
174	10.378
175	12.112
176	15.053
177	10.457
178	9.909
179	9.774
180	7.985
181	4.003
182	2.517
183	6.587
184	6.263
185	10.289
186	11.116
187	11.843
188	6.945
189	3.467
190	4.618
191	4.92
192	5.949
193	5.066
194	2.438
195	1.621
196	2.326
197	3.601
198	3.511
199	7.963
200	13.018
201	16.598
202	10.144
203	7.705
204	9.26
205	10.233
206	9.853
207	9.473
208	9.573
209	11.586
210	13.051
211	12.235
212	15.322
213	13.868
214	11.519
215	11.43
216	11.351
217	8.522
218	9.931
219	10.781
220	6.9
221	8.22
222	8.209
223	7.392
224	9.215
225	8.88
226	8.041
227	8.902
228	8.366
229	8.969
230	10.893
231	11.094
232	10.222
233	8.488
234	11.653
235	10.267
236	10.759
237	11.094
238	7.057
239	9.249
