0	0.883
1	0.726
2	0.615
3	0.492
4	0.838
5	0.771
6	0.548
7	0.726
8	0.749
9	0.335
10	0.603
11	0.335
12	0.19
13	0.447
14	0.391
15	0.167
16	0.123
17	0.167
18	0.234
19	0.078
20	0.1
21	0.078
22	0.0
23	0.055
24	0.011
25	0.044
26	0.0
27	0.0
28	0.0
29	0.0
30	0.0
31	0.0
32	0.0
33	0.0
34	0.0
35	0.0
36	0.0
37	0.0
38	0.0
39	0.0
40	0.0
41	0.044
42	0.011
43	0.0
44	0.0
45	0.0
46	1.017
47	1.274
48	1.725
49	0.905
50	0.603
51	0.995
52	0.648
53	0.603
54	0.928
55	0.961
56	0.794
57	0.973
58	1.107
59	0.782
60	0.638
61	0.872
62	1.006
63	1.174
64	1.04
65	0.458
66	1.878
67	1.644
68	2.214
69	2.035
70	2.561
71	3.836
72	4.037
73	4.965
74	6.095
75	4.015
76	6.911
77	4.753
78	8.086
79	5.446
80	7.828
81	10.926
82	9.137
83	12.906
84	0.011
85	2.516
86	13.353
87	10.345
88	9.998
89	10.166
90	10.009
91	6.397
92	9.305
93	6.408
94	7.124
95	5.905
96	7.034
97	3.903
98	4.82
99	2.829
100	1.632
101	1.241
102	1.487
103	1.834
104	0.559
105	2.538
106	4.317
107	4.742
108	4.484
109	6.14
110	3.981
111	3.254
112	0.883
113	1.453
114	1.207
115	3.075
116	1.521
117	2.404
118	3.601
119	4.406
120	5.893
121	3.746
122	3.746
123	1.364
124	1.588
125	1.342
126	4.652
127	3.355
128	1.308
129	3.433
130	4.518
131	3.69
132	4.07
133	6.676
134	8.007
135	3.701
136	0.357
137	1.644
138	5.424
139	2.169
140	1.767
141	1.543
142	1.845
143	1.8
144	1.163
145	1.241
146	0.559
147	0.671
148	0.335
149	0.234
150	0.123
151	0.0
152	0.0
153	0.615
154	0.011
155	0.0
156	0.19
157	0.0
158	0.011
159	0.413
160	0.033
161	0.0
162	0.234
163	0.279
164	0.324
165	0.19
166	0.145
167	0.19
168	0.257
169	0.257
170	0.044
171	0.0
172	0.111
173	0.022
174	0.011
175	0.134
176	0.134
177	0.033
178	0.1
179	0.011
180	0.268
181	0.078
182	0.033
183	0.044
184	0.055
185	0.0
186	0.0
187	0.067
188	0.055
189	0.0
190	0.0
191	0.0
192	0.0
193	0.0
194	0.0
195	0.0
196	0.0
197	0.0
198	0.0
199	0.0
200	0.0
201	0.0
202	0.0
203	0.0
204	0.0
205	0.0
206	0.0
207	0.0
208	0.0
209	0.0
210	0.0
211	0.0
212	0.0
213	0.0
214	0.0
215	0.0
216	0.0
217	0.0
218	0.0
219	0.0
220	0.001
221	0.0
222	0.036
223	0.0
224	0.0
225	0.0
226	0.0
227	0.0
228	0.0
229	0.0
230	0.0
231	0.0
232	0.0
233	0.0
234	0.0
235	0.0
236	0.0
237	0.0
238	0.0
239	0.0
