0	9.752
1	8.276
2	10.278
3	8.287
4	4.898
5	7.549
6	9.841
7	14.416
8	10.949
9	8.477
10	8.79
11	5.267
12	5.401
13	6.084
14	3.165
15	4.585
16	3.075
17	2.214
18	6.374
19	4.529
20	2.494
21	5.949
22	2.628
23	4.729
24	2.669
25	5.838
26	8.768
27	8.354
28	5.48
29	2.482
30	7.896
31	8.533
32	7.113
33	9.651
34	10.893
35	6.061
36	6.509
37	9.26
38	6.598
39	9.215
40	15.501
41	20.567
42	13.722
43	5.782
44	8.745
45	10.937
46	6.397
47	5.703
48	13.107
49	8.6
50	15.735
51	9.159
52	10.915
53	12.28
54	16.406
55	7.772
56	3.399
57	1.23
58	2.572
59	3.455
60	11.295
61	9.841
62	5.547
63	11.978
64	17.156
65	16.239
66	19.482
67	21.07
68	27.769
69	16.72
70	18.632
71	16.104
72	21.193
73	24.571
74	24.358
75	29.223
76	20.779
77	17.245
78	10.099
79	16.787
80	8.689
81	13.487
82	7.135
83	12.883
84	7.325
85	13.185
86	10.278
87	13.141
88	9.763
89	6.251
90	13.431
91	16.585
92	6.374
93	3.735
94	7.907
95	3.769
96	6.218
97	2.527
98	6.207
99	5.368
100	9.853
101	14.628
102	13.801
103	7.247
104	9.305
105	9.081
106	5.569
107	9.383
108	6.822
109	9.808
110	13.163
111	13.555
112	10.054
113	7.817
114	3.824
115	2.393
116	2.304
117	4.171
118	3.165
119	2.337
120	2.315
121	4.205
122	1.968
123	1.375
124	1.767
125	2.807
126	2.348
127	1.006
128	8.723
129	14.695
130	9.338
131	3.578
132	12.011
133	9.003
134	8.499
135	5.547
136	12.582
137	10.447
138	7.191
139	8.578
140	8.209
141	7.549
142	7.079
143	2.718
144	7.538
145	4.764
146	2.941
147	4.652
148	4.059
149	9.394
150	4.797
151	2.46
152	2.974
153	3.243
154	5.178
155	5.144
156	2.482
157	2.728
158	4.249
159	6.195
160	3.008
161	7.224
162	8.947
163	6.207
164	1.767
165	0.0
166	0.0
167	0.525
168	0.805
169	1.375
170	1.968
171	0.849
172	0.29
173	0.123
174	0.234
175	0.391
176	0.301
177	0.335
178	1.051
179	1.431
180	1.409
181	1.375
182	2.471
183	2.471
184	1.118
185	3.243
186	1.465
187	0.089
188	0.111
189	0.436
190	0.134
191	0.525
192	0.659
193	0.391
194	2.751
195	5.681
196	6.498
197	7.18
198	5.603
199	2.113
200	3.545
201	6.117
202	2.27
203	3.053
204	5.301
205	6.576
206	2.583
207	2.471
208	2.65
209	8.88
210	10.814
211	9.92
212	6.699
213	5.782
214	1.353
215	0.905
216	1.219
217	2.393
218	2.952
219	2.829
220	3.601
221	2.516
222	1.621
223	1.521
224	2.203
225	2.371
226	1.822
227	0.357
228	0.111
229	0.615
230	3.534
231	4.339
232	4.831
233	2.964
234	4.597
235	5.882
236	5.256
237	6.811
238	6.52
239	4.786
