0	0.044
1	0.044
2	0.044
3	0.089
4	0.022
5	0.044
6	0.044
7	0.022
8	0.044
9	0.044
10	0.134
11	0.044
12	0.044
13	0.022
14	0.067
15	0.022
16	0.089
17	0.022
18	0.067
19	0.022
20	0.089
21	0.536
22	0.402
23	0.134
24	2.247
25	0.671
26	1.386
27	2.18
28	1.107
29	0.201
30	0.067
31	0.044
32	0.067
33	0.111
34	0.134
35	0.134
36	0.111
37	0.201
38	0.469
39	2.919
40	2.226
41	2.426
42	0.76
43	0.849
44	0.178
45	0.044
46	0.089
47	0.134
48	0.883
49	3.064
50	2.672
51	1.118
52	0.178
53	0.57
54	0.592
55	0.984
56	1.968
57	1.878
58	1.666
59	1.957
60	0.346
61	0.659
62	0.659
63	0.827
64	0.917
65	0.726
66	0.984
67	2.013
68	0.436
69	0.726
70	0.268
71	0.201
72	0.257
73	0.078
74	1.006
75	1.355
76	0.626
77	0.48
78	0.0
79	0.0
80	0.0
81	0.0
82	0.0
83	0.0
84	0.0
85	0.0
86	0.0
87	0.0
88	0.0
89	0.0
90	0.0
91	0.0
92	0.0
93	0.044
94	0.212
95	0.123
96	0.145
97	0.201
98	0.212
99	0.089
100	0.0
101	0.0
102	0.0
103	0.0
104	0.0
105	3.944
106	11.15
107	3.39
108	13.61
109	21.988
110	15.713
111	24.112
112	23.206
113	22.312
114	19.896
115	16.63
116	16.485
117	10.445
118	10.356
119	13.745
120	13.689
121	13.219
122	13.7
123	13.555
124	6.497
125	7.012
126	1.263
127	7.761
128	9.562
129	14.595
130	26.785
131	15.512
132	5.256
133	6.531
134	6.699
135	3.232
136	4.361
137	7.549
138	6.117
139	1.688
140	14.695
141	9.696
142	6.207
143	3.388
144	6.99
145	10.58
146	11.463
147	11.038
148	13.208
149	10.837
150	5.379
151	13.566
152	9.607
153	4.518
154	8.03
155	7.202
156	13.431
157	7.124
158	4.339
159	5.636
160	12.503
161	8.611
162	10.782
163	6.095
164	8.958
165	6.531
166	5.592
167	4.831
168	5.446
169	12.224
170	14.818
171	22.837
172	11.385
173	8.399
174	3.959
175	6.039
176	5.826
177	9.025
178	5.088
179	3.321
180	4.507
181	6.811
182	7.929
183	7.336
184	10.289
185	2.952
186	10.893
187	24.246
188	17.145
189	21.003
190	26.74
191	26.047
192	22.994
193	35.296
194	29.659
195	34.972
196	25.991
197	7.593
198	22.513
199	38.182
200	26.327
201	35.665
202	38.875
203	33.082
204	31.863
205	0.615
206	1.297
207	9.875
208	18.274
209	22.658
210	14.572
211	6.05
212	7.851
213	8.913
214	13.599
215	17.649
216	15.008
217	2.482
218	1.543
219	0.1
220	0.917
221	1.107
222	1.431
223	0.939
224	2.18
225	2.27
226	2.65
227	3.109
228	2.807
229	3.364
230	3.251
231	2.672
232	3.097
233	2.222
234	2.372
235	0.011
236	0.145
237	0.138
238	0.215
239	0.838
