0	3.747
1	4.027
2	4.921
3	5.1
4	4.06
5	3.522
6	4.409
7	4.529
8	4.608
9	4.037
10	2.93
11	2.907
12	0.469
13	0.57
14	1.901
15	3.49
16	3.031
17	4.026
18	3.411
19	3.489
20	4.574
21	3.344
22	1.745
23	3.456
24	7.482
25	7.639
26	7.538
27	4.742
28	3.724
29	4.686
30	5.168
31	6.464
32	6.408
33	6.732
34	6.833
35	10.546
36	7.739
37	8.802
38	8.656
39	6.744
40	6.297
41	7.851
42	6.151
43	4.283
44	4.249
45	3.713
46	3.601
47	5.681
48	5.312
49	5.167
50	5.692
51	5.905
52	3.265
53	2.438
54	8.12
55	3.947
56	6.589
57	6.374
58	4.06
59	2.583
60	1.845
61	1.566
62	2.629
63	3.691
64	1.935
65	3.322
66	2.438
67	3.109
68	1.207
69	1.409
70	2.874
71	1.856
72	2.147
73	1.353
74	1.073
75	1.778
76	0.0
77	0.167
78	0.167
79	0.48
80	2.024
81	2.782
82	2.226
83	2.192
84	3.154
85	3.337
86	3.45
87	1.319
88	3.166
89	2.371
90	0.548
91	1.074
92	0.0
93	0.0
94	0.391
95	2.494
96	3.489
97	2.696
98	2.326
99	1.107
100	0.805
101	2.629
102	4.149
103	3.87
104	5.514
105	5.815
106	3.534
107	2.102
108	0.984
109	1.186
110	2.551
111	3.098
112	4.834
113	4.999
114	4.988
115	4.484
116	4.328
117	2.069
118	4.038
119	3.701
120	4.887
121	4.887
122	4.73
123	5.726
124	4.853
125	3.176
126	4.809
127	4.283
128	4.283
129	32.545
130	38.148
131	38.148
132	29.973
133	43.696
134	36.381
135	30.867
136	45.341
137	46.749
138	40.374
139	47.017
140	28.06
141	21.249
142	20.679
143	29.0
144	44.066
145	45.585
146	54.074
147	49.589
148	47.319
149	56.602
150	37.253
151	46.134
152	45.854
153	36.806
154	19.695
155	18.655
156	27.74
157	17.94
158	30.401
159	27.122
160	21.92
161	16.395
162	31.639
163	24.906
164	22.3
165	10.367
166	8.22
167	18.162
168	13.868
169	20.712
170	28.384
171	26.539
172	11.754
173	10.032
174	11.244
175	9.651
176	5.603
177	10.904
178	9.428
179	12.805
180	11.116
181	3.433
182	4.903
183	2.449
184	3.12
185	2.762
186	2.628
187	3.534
188	3.534
189	5.804
190	4.238
191	11.81
192	18.554
193	8.566
194	11.06
195	15.254
196	16.619
197	15.59
198	9.931
199	14.092
200	28.138
201	20.813
202	28.004
203	39.401
204	42.009
205	39.58
206	45.496
207	15.53
208	13.431
209	29.827
210	22.289
211	15.914
212	24.437
213	36.28
214	39.613
215	33.965
216	18.598
217	15.254
218	13.845
219	11.128
220	10.255
221	23.329
222	25.208
223	28.485
224	37.186
225	43.449
226	36.381
227	21.037
228	36.963
229	36.884
230	27.523
231	26.886
232	26.26
233	12.358
234	21.674
235	22.837
236	16.899
237	14.897
238	21.663
239	13.678
