0	1.878
1	1.699
2	3.679
3	1.386
4	2.672
5	2.315
6	1.107
7	2.091
8	2.393
9	3.198
10	2.549
11	2.907
12	2.505
13	0.704
14	0.313
15	1.521
16	1.845
17	2.997
18	2.326
19	2.315
20	0.984
21	1.755
22	2.673
23	2.035
24	1.353
25	2.113
26	1.342
27	1.431
28	2.057
29	2.281
30	1.386
31	1.565
32	0.436
33	0.358
34	0.626
35	0.771
36	0.458
37	1.521
38	2.147
39	1.878
40	0.29
41	0.268
42	0.816
43	0.335
44	0.246
45	0.335
46	0.134
47	0.324
48	0.436
49	0.123
50	0.268
51	0.145
52	0.044
53	0.044
54	0.0
55	0.0
56	0.0
57	0.0
58	0.02
59	0.0
60	0.0
61	0.013
62	0.027
63	4.578
64	4.578
65	0.049
66	0.049
67	0.049
68	0.173
69	0.0
70	0.0
71	0.0
72	0.0
73	0.039
74	0.0
75	0.0
76	2.484
77	14.449
78	12.045
79	16.843
80	11.497
81	8.991
82	12.089
83	10.222
84	14.371
85	12.335
86	5.468
87	7.571
88	9.607
89	15.411
90	13.051
91	18.196
92	14.103
93	11.34
94	9.114
95	5.48
96	8.566
97	6.464
98	7.168
99	10.345
100	2.65
101	1.342
102	1.677
103	1.677
104	0.738
105	1.375
106	2.27
107	0.704
108	2.572
109	1.04
110	0.402
111	1.263
112	1.017
113	1.912
114	2.449
115	1.946
116	1.711
117	2.863
118	0.973
119	0.0
120	0.525
121	0.905
122	0.693
123	0.693
124	0.995
125	1.051
126	0.581
127	0.59
128	0.575
129	0.536
130	0.436
131	0.335
132	0.391
133	0.279
134	0.324
135	0.268
136	0.033
137	0.033
138	0.044
139	0.0
140	0.0
141	0.0
142	0.0
143	0.0
144	0.0
145	0.0
146	0.0
147	0.0
148	0.0
149	0.0
150	0.0
151	0.0
152	0.0
153	0.0
154	0.0
155	0.089
156	0.0
157	1.196
158	0.827
159	1.621
160	1.297
161	1.522
162	1.565
163	2.348
164	2.952
165	2.069
166	1.297
167	0.671
168	0.279
169	0.223
170	1.129
171	1.219
172	0.928
173	0.794
174	1.263
175	1.465
176	1.554
177	1.533
178	0.732
179	0.604
180	0.667
181	0.469
182	0.807
183	0.57
184	0.56
185	0.582
186	0.447
187	0.413
188	0.525
189	0.678
190	0.873
191	0.81
192	0.626
193	0.525
194	0.0
195	0.559
196	0.57
197	0.402
198	0.872
199	0.57
200	0.447
201	0.38
202	0.268
203	0.268
204	0.402
205	0.38
206	0.156
207	0.0
208	0.223
209	0.257
210	0.223
211	0.257
212	0.38
213	0.313
214	0.436
215	0.369
216	0.301
217	0.033
218	0.078
219	0.637
220	0.782
221	0.57
222	0.0
223	0.413
224	0.402
225	0.648
226	0.145
227	0.0
228	0.827
229	0.838
230	0.851
231	0.548
232	0.335
233	0.0
234	0.123
235	0.458
236	0.424
237	0.436
238	0.269
239	0.0
