0	0.0
1	0.0
2	0.0
3	0.0
4	0.0
5	0.0
6	0.0
7	0.005
8	0.005
9	0.006
10	0.0
11	0.0
12	0.0
13	0.0
14	0.0
15	0.0
16	0.001
17	0.006
18	0.0
19	0.0
20	0.0
21	0.0
22	0.0
23	0.0
24	0.0
25	0.0
26	0.0
27	0.0
28	0.0
29	0.0
30	0.0
31	0.0
32	0.0
33	0.0
34	0.0
35	0.0
36	0.0
37	0.0
38	0.0
39	0.0
40	0.0
41	0.0
42	0.0
43	0.0
44	0.0
45	0.0
46	0.0
47	0.011
48	0.0
49	0.0
50	0.0
51	0.0
52	0.022
53	0.0
54	0.0
55	0.0
56	0.0
57	0.0
58	0.022
59	0.0
60	0.009
61	0.072
62	0.156
63	0.167
64	0.167
65	0.402
66	0.055
67	0.268
68	0.469
69	0.346
70	0.033
71	0.022
72	0.022
73	0.178
74	0.022
75	0.0
76	0.0
77	0.1
78	0.1
79	0.0
80	0.078
81	0.033
82	0.38
83	0.212
84	0.19
85	0.615
86	0.615
87	0.234
88	0.156
89	0.246
90	0.436
91	0.436
92	0.268
93	0.134
94	0.816
95	0.424
96	0.447
97	0.447
98	0.111
99	0.861
100	0.0
101	1.411
102	1.017
103	0.592
104	0.592
105	0.067
106	0.447
107	0.279
108	0.704
109	0.671
110	0.671
111	0.738
112	0.335
113	0.0
114	2.281
115	0.246
116	1.42
117	1.42
118	1.375
119	1.263
120	1.61
121	0.961
122	0.626
123	0.95
124	1.353
125	1.353
126	1.207
127	1.129
128	0.76
129	0.805
130	0.637
131	0.536
132	0.234
133	0.492
134	0.704
135	0.726
136	0.615
137	0.849
138	1.442
139	1.23
140	0.939
141	1.476
142	0.905
143	0.838
144	1.096
145	1.174
146	1.207
147	0.872
148	1.601
149	1.018
150	2.057
151	1.241
152	1.185
153	1.196
154	1.923
155	2.057
156	2.594
157	2.919
158	2.818
159	3.556
160	2.024
161	1.442
162	1.543
163	2.214
164	2.113
165	2.628
166	2.706
167	2.471
168	2.482
169	2.661
170	2.281
171	1.856
172	1.856
173	1.722
174	1.364
175	1.42
176	0.995
177	1.263
178	1.923
179	1.498
180	1.621
181	1.99
182	1.565
183	1.565
184	0.984
185	1.621
186	1.778
187	1.398
188	1.521
189	1.028
190	1.219
191	1.04
192	0.838
193	1.062
194	1.062
195	1.196
196	1.051
197	0.961
198	0.961
199	0.984
200	0.823
201	0.246
202	0.459
203	0.459
204	0.704
205	0.671
206	0.715
207	0.637
208	0.738
209	0.738
210	1.051
211	1.118
212	0.861
213	0.861
214	0.883
215	0.659
216	0.838
217	0.682
218	0.682
219	0.503
220	0.984
221	0.782
222	0.76
223	0.76
224	0.581
225	0.659
226	0.76
227	0.76
228	0.57
229	0.816
230	0.693
231	0.592
232	0.973
233	0.839
234	0.659
235	0.883
236	0.693
237	0.984
238	1.017
239	1.073
