0	3.207
1	2.348
2	0.749
3	0.067
4	0.861
5	1.129
6	1.431
7	0.0
8	0.66
9	2.851
10	4.384
11	4.384
12	5.021
13	7.325
14	10.233
15	11.34
16	4.988
17	7.045
18	5.86
19	5.48
20	7.873
21	9.182
22	9.182
23	8.656
24	9.092
25	7.381
26	9.942
27	11.139
28	11.765
29	12.28
30	8.354
31	9.159
32	7.023
33	8.276
34	7.426
35	8.097
36	8.041
37	7.873
38	9.383
39	8.656
40	7.012
41	2.896
42	3.701
43	3.701
44	5.283
45	5.449
46	3.802
47	5.636
48	6.878
49	2.583
50	5.569
51	6.676
52	3.433
53	3.299
54	3.813
55	0.894
56	0.648
57	0.816
58	0.995
59	0.827
60	0.436
61	0.402
62	0.313
63	0.279
64	0.156
65	1.342
66	2.214
67	2.963
68	3.634
69	5.211
70	7.739
71	11.944
72	11.329
73	10.389
74	10.389
75	10.479
76	6.184
77	5.379
78	9.26
79	10.848
80	12.939
81	10.087
82	8.052
83	8.399
84	8.611
85	8.98
86	9.484
87	8.164
88	6.922
89	8.354
90	8.824
91	8.768
92	5.502
93	7.381
94	6.151
95	8.645
96	8.768
97	8.868
98	7.37
99	9.595
100	10.524
101	9.786
102	10.792
103	9.752
104	10.143
105	8.555
106	8.488
107	8.488
108	9.595
109	8.622
110	8.141
111	6.531
112	7.605
113	7.56
114	6.866
115	6.565
116	3.467
117	7.47
118	7.828
119	9.931
120	6.911
121	4.842
122	7.102
123	7.448
124	4.742
125	2.136
126	3.925
127	3.534
128	3.97
129	3.769
130	3.355
131	3.22
132	3.153
133	5.849
134	7.325
135	5.468
136	5.603
137	5.86
138	9.909
139	9.909
140	9.182
141	7.974
142	7.191
143	6.296
144	7.795
145	7.571
146	10.121
147	8.108
148	11.228
149	9.584
150	8.197
151	8.667
152	9.405
153	8.701
154	8.801
155	10.602
156	7.996
157	8.186
158	7.224
159	3.791
160	6.542
161	5.267
162	2.863
163	4.574
164	6.475
165	8.097
166	7.627
167	7.459
168	8.276
169	7.784
170	9.338
171	9.338
172	7.784
173	8.343
174	10.054
175	7.526
176	7.392
177	6.162
178	6.542
179	7.818
180	6.14
181	3.545
182	2.292
183	3.713
184	2.818
185	0.357
186	0.212
187	0.067
188	0.257
189	0.469
190	1.364
191	2.091
192	3.019
193	2.717
194	2.147
195	2.594
196	0.0
197	0.0
198	0.134
199	0.234
200	0.324
201	0.335
202	3.042
203	4.451
204	5.636
205	7.963
206	7.963
207	7.728
208	8.544
209	7.884
210	7.795
211	6.397
212	5.994
213	4.54
214	5.088
215	5.111
216	9.327
217	9.495
218	11.083
219	8.033
220	9.383
221	8.611
222	7.336
223	4.63
224	4.652
225	7.593
226	8.801
227	8.264
228	7.213
229	7.851
230	5.983
231	3.209
232	3.78
233	2.617
234	3.265
235	3.098
236	2.639
237	1.107
238	0.324
239	0.369
