0	16.205
1	20.31
2	20.835
3	21.819
4	17.771
5	14.069
6	12.984
7	11.251
8	9.718
9	8.913
10	11.91
11	10.882
12	10.49
13	9.651
14	13.7
15	14.058
16	13.42
17	12.347
18	18.185
19	17.368
20	17.67
21	18.643
22	20.399
23	18.878
24	9.841
25	15.624
26	15.624
27	17.368
28	20.276
29	16.82
30	17.771
31	16.63
32	13.376
33	11.787
34	12.201
35	11.318
36	10.3
37	15.679
38	17.726
39	19.135
40	19.091
41	23.564
42	21.898
43	22.86
44	25.108
45	23.889
46	24.996
47	18.408
48	21.562
49	12.067
50	12.067
51	13.957
52	17.41
53	16.585
54	18.738
55	19.348
56	19.135
57	16.776
58	18.297
59	17.648
60	11.049
61	16.227
62	15.131
63	14.55
64	15.914
65	17.726
66	21.417
67	17.402
68	19.538
69	13.521
70	18.554
71	16.116
72	15.031
73	15.895
74	20.902
75	20.902
76	19.75
77	22.121
78	24.727
79	30.733
80	24.179
81	24.627
82	26.405
83	28.105
84	25.51
85	27.803
86	20.019
87	22.558
88	17.536
89	17.223
90	17.2
91	19.56
92	23.419
93	20.712
94	17.704
95	8.376
96	10.099
97	11.228
98	9.506
99	8.522
100	6.732
101	6.732
102	4.988
103	4.399
104	2.963
105	0.905
106	4.54
107	5.916
108	5.86
109	9.507
110	15.333
111	18.051
112	23.296
113	22.983
114	21.842
115	21.573
116	22.658
117	23.43
118	25.935
119	20.981
120	16.239
121	21.227
122	9.987
123	6.676
124	6.911
125	8.846
126	14.975
127	15.769
128	13.331
129	13.834
130	13.834
131	9.73
132	8.097
133	8.578
134	9.025
135	6.934
136	5.793
137	0.782
138	1.644
139	0.402
140	0.201
141	0.022
142	0.48
143	1.207
144	1.42
145	1.14
146	1.252
147	1.319
148	1.934
149	2.974
150	4.261
151	6.553
152	5.368
153	3.232
154	4.775
155	4.126
156	5.066
157	4.742
158	7.247
159	13.499
160	13.499
161	16.104
162	21.775
163	14.539
164	14.393
165	6.688
166	11.978
167	9.685
168	9.786
169	3.903
170	6.99
171	7.001
172	9.864
173	8.153
174	6.777
175	5.021
176	1.621
177	0.961
178	0.492
179	0.089
180	0.0
181	0.178
182	0.1
183	0.0
184	0.0
185	0.0
186	0.0
187	0.0
188	0.0
189	0.0
190	0.0
191	0.0
192	0.0
193	0.0
194	0.089
195	6.184
196	10.054
197	8.376
198	6.486
199	8.119
200	9.853
201	9.014
202	7.001
203	5.994
204	5.2
205	8.801
206	8.891
207	8.086
208	7.381
209	9.036
210	8.074
211	6.783
212	7.023
213	3.757
214	3.008
215	1.699
216	1.957
217	2.628
218	3.455
219	3.117
220	4.111
221	4.116
222	2.744
223	2.281
224	2.281
225	4.16
226	5.379
227	6.542
228	7.605
229	6.363
230	4.451
231	4.809
232	4.943
233	7.057
234	6.295
235	3.959
236	4.339
237	5.202
238	5.478
239	5.494
