0	2.851
1	1.946
2	3.064
3	2.93
4	3.086
5	2.796
6	2.919
7	3.097
8	3.713
9	5.178
10	3.78
11	3.042
12	3.59
13	3.097
14	3.646
15	3.69
16	4.697
17	5.872
18	4.294
19	4.686
20	5.893
21	6.475
22	6.296
23	5.681
24	5.77
25	5.77
26	5.961
27	4.529
28	2.169
29	2.986
30	1.968
31	5.757
32	6.714
33	5.145
34	4.5
35	2.598
36	4.026
37	3.176
38	2.471
39	2.169
40	2.605
41	1.968
42	1.398
43	1.509
44	1.319
45	1.174
46	1.744
47	2.248
48	2.136
49	3.892
50	2.751
51	3.534
52	5.122
53	4.071
54	3.445
55	3.411
56	4.294
57	3.578
58	4.496
59	4.496
60	5.334
61	3.176
62	3.388
63	5.178
64	6.152
65	5.078
66	4.372
67	5.066
68	5.468
69	5.189
70	5.882
71	6.531
72	6.889
73	6.553
74	6.799
75	4.976
76	3.545
77	3.445
78	4.194
79	3.713
80	4.618
81	4.115
82	4.138
83	4.954
84	4.518
85	4.853
86	5.491
87	4.35
88	5.681
89	8.119
90	6.553
91	7.571
92	7.772
93	5.491
94	2.326
95	4.16
96	4.607
97	5.48
98	7.817
99	6.777
100	5.122
101	6.419
102	5.693
103	4.831
104	3.31
105	4.015
106	3.971
107	2.192
108	5.513
109	7.247
110	3.299
111	1.733
112	1.51
113	5.077
114	4.898
115	4.171
116	2.549
117	5.267
118	6.654
119	6.453
120	6.878
121	6.62
122	4.853
123	4.887
124	1.856
125	2.628
126	5.256
127	2.863
128	4.35
129	4.719
130	4.999
131	6.654
132	6.565
133	7.907
134	8.757
135	9.282
136	8.679
137	5.524
138	4.641
139	2.337
140	2.404
141	2.393
142	3.399
143	5.48
144	3.299
145	2.516
146	0.76
147	2.081
148	5.044
149	6.889
150	6.475
151	5.413
152	1.062
153	2.035
154	1.856
155	2.494
156	1.017
157	0.48
158	1.028
159	2.247
160	2.605
161	2.046
162	1.733
163	2.919
164	3.825
165	3.377
166	1.699
167	2.382
168	3.411
169	1.867
170	1.912
171	1.644
172	4.742
173	6.128
174	5.222
175	5.077
176	7.627
177	8.936
178	8.511
179	5.67
180	4.328
181	5.234
182	5.222
183	3.388
184	4.283
185	3.623
186	4.026
187	4.428
188	4.372
189	2.349
190	4.16
191	1.599
192	2.113
193	0.894
194	1.151
195	1.398
196	1.185
197	0.548
198	0.268
199	0.704
200	0.313
201	0.883
202	2.035
203	0.928
204	0.715
205	1.308
206	1.274
207	0.894
208	3.31
209	2.874
210	2.661
211	2.047
212	2.729
213	2.494
214	1.017
215	0.905
216	4.607
217	2.259
218	2.494
219	1.04
220	1.923
221	4.641
222	3.388
223	1.979
224	1.968
225	1.554
226	0.715
227	0.894
228	1.621
229	1.465
230	1.968
231	1.51
232	0.581
233	0.951
234	1.453
235	1.151
236	0.648
237	0.738
238	0.693
239	0.861
