0	0.0
1	0.0
2	1.075
3	1.286
4	1.286
5	3.064
6	2.93
7	1.554
8	1.554
9	1.934
10	3.03
11	3.03
12	2.461
13	3.511
14	3.075
15	3.075
16	2.684
17	3.232
18	2.639
19	2.639
20	3.869
21	3.243
22	3.522
23	3.522
24	3.791
25	3.746
26	3.746
27	3.467
28	3.757
29	3.377
30	3.377
31	3.12
32	2.594
33	2.997
34	2.997
35	2.952
36	0.011
37	0.0
38	0.0
39	0.0
40	0.0
41	0.0
42	1.802
43	4.038
44	2.74
45	2.74
46	1.062
47	0.0
48	0.794
49	0.794
50	0.0
51	0.0
52	0.0
53	0.0
54	0.0
55	0.0
56	0.0
57	0.0
58	0.0
59	0.0
60	0.0
61	0.0
62	0.0
63	0.637
64	0.637
65	2.639
66	1.364
67	1.174
68	1.174
69	0.469
70	0.0
71	0.0
72	0.0
73	0.0
74	0.0
75	0.0
76	0.0
77	0.0
78	0.0
79	0.0
80	0.0
81	0.0
82	0.0
83	0.0
84	0.0
85	0.402
86	0.402
87	0.123
88	0.011
89	0.0
90	0.0
91	0.0
92	0.0
93	0.0
94	0.0
95	1.319
96	0.0
97	0.0
98	0.0
99	0.0
100	0.0
101	0.0
102	0.0
103	0.0
104	0.0
105	0.0
106	0.0
107	0.011
108	0.011
109	0.0
110	0.0
111	0.0
112	0.0
113	0.0
114	0.0
115	0.0
116	0.0
117	0.0
118	1.431
119	1.431
120	1.418
121	0.536
122	0.0
123	0.0
124	0.0
125	0.0
126	0.0
127	0.0
128	0.0
129	0.0
130	0.0
131	0.0
132	0.0
133	0.0
134	0.0
135	0.044
136	0.0
137	0.371
138	0.371
139	0.067
140	0.033
141	0.0
142	0.0
143	0.178
144	0.033
145	0.022
146	0.022
147	0.0
148	0.29
149	0.29
150	0.0
151	0.0
152	0.469
153	0.469
154	0.078
155	0.003
156	0.0
157	0.0
158	0.0
159	0.0
160	0.0
161	0.0
162	0.0
163	0.002
164	0.002
165	0.0
166	0.0
167	0.0
168	0.0
169	0.0
170	0.0
171	0.0
172	0.0
173	0.0
174	0.002
175	0.002
176	0.0
177	0.0
178	0.0
179	0.0
180	0.0
181	0.0
182	0.0
183	0.0
184	0.0
185	0.0
186	0.0
187	0.0
188	0.0
189	0.0
190	0.0
191	0.0
192	0.0
193	0.0
194	0.0
195	0.0
196	0.0
197	0.0
198	0.0
199	0.0
200	0.002
201	0.002
202	0.0
203	0.0
204	0.0
205	0.0
206	0.0
207	0.0
208	0.0
209	0.0
210	0.008
211	0.003
212	0.003
213	0.0
214	0.0
215	0.0
216	0.0
217	0.0
218	0.0
219	0.0
220	0.0
221	0.0
222	0.0
223	0.0
224	0.0
225	0.0
226	0.0
227	0.0
228	0.0
229	0.0
230	0.0
231	0.0
232	0.0
233	0.0
234	0.0
235	0.0
236	0.0
237	0.0
238	0.0
239	0.0
