0	0.76
1	1.253
2	2.236
3	1.946
4	1.946
5	1.14
6	0.861
7	0.861
8	1.42
9	1.767
10	0.961
11	0.961
12	0.615
13	0.704
14	0.693
15	0.693
16	1.364
17	2.449
18	1.509
19	1.509
20	1.308
21	3.104
22	3.104
23	3.355
24	3.03
25	5.938
26	5.938
27	5.972
28	1.99
29	3.142
30	3.142
31	3.847
32	1.767
33	1.811
34	1.811
35	0.905
36	0.805
37	0.805
38	0.715
39	0.57
40	0.257
41	0.257
42	0.156
43	0.279
44	0.1
45	0.1
46	0.0
47	3.422
48	2.885
49	2.885
50	0.458
51	0.0
52	0.0
53	0.0
54	0.111
55	0.0
56	0.0
57	0.0
58	0.0
59	0.0
60	0.0
61	0.0
62	0.0
63	0.0
64	0.0
65	0.0
66	0.72
67	0.72
68	0.783
69	0.48
70	0.499
71	0.499
72	0.603
73	0.805
74	0.685
75	0.685
76	0.638
77	0.648
78	0.648
79	0.917
80	0.962
81	0.637
82	0.637
83	0.928
84	1.051
85	0.884
86	0.884
87	0.771
88	0.794
89	0.715
90	0.715
91	0.671
92	0.469
93	0.838
94	0.838
95	0.704
96	0.592
97	0.592
98	0.503
99	0.57
100	0.29
101	0.29
102	0.268
103	0.369
104	0.223
105	0.223
106	0.268
107	1.118
108	0.794
109	0.794
110	0.536
111	0.805
112	0.805
113	0.771
114	0.659
115	0.671
116	0.671
117	0.615
118	0.838
119	0.794
120	0.794
121	0.749
122	0.973
123	1.185
124	1.185
125	1.431
126	1.263
127	1.576
128	1.576
129	1.8
130	1.274
131	1.274
132	1.196
133	1.04
134	1.263
135	1.263
136	0.917
137	0.201
138	0.402
139	0.402
140	0.458
141	0.29
142	0.257
143	0.257
144	0.402
145	0.57
146	0.57
147	0.38
148	0.178
149	0.1
150	0.1
151	0.257
152	0.0
153	0.067
154	0.067
155	0.369
156	0.536
157	1.532
158	1.532
159	1.532
160	0.29
161	0.29
162	0.715
163	0.816
164	0.659
165	0.659
166	0.626
167	0.234
168	0.0
169	0.0
170	0.0
171	1.934
172	1.565
173	1.565
174	0.973
175	0.268
176	0.268
177	0.044
178	0.111
179	0.234
180	0.234
181	0.0
182	0.078
183	0.033
184	0.033
185	0.1
186	0.0
187	0.0
188	0.055
189	0.0
190	0.0
191	0.0
192	0.167
193	0.212
194	0.447
195	0.447
196	0.279
197	0.357
198	0.022
199	0.022
200	0.0
201	0.391
202	0.391
203	0.167
204	0.0
205	0.369
206	0.369
207	0.0
208	0.592
209	0.458
210	0.458
211	0.637
212	0.089
213	0.022
214	0.022
215	0.682
216	0.894
217	0.894
218	0.402
219	0.257
220	0.044
221	0.044
222	0.0
223	0.167
224	0.637
225	0.637
226	0.548
227	0.369
228	0.458
229	0.458
230	0.234
231	0.1
232	0.1
233	0.301
234	0.603
235	0.749
236	0.749
237	0.078
238	0.615
239	0.156
