0	25.398
1	23.531
2	20.783
3	21.249
4	19.37
5	23.822
6	18.006
7	18.006
8	17.894
9	21.685
10	21.696
11	18.8
12	19.337
13	22.155
14	17.245
15	16.183
16	16.183
17	16.026
18	15.087
19	16.966
20	15.78
21	13.487
22	10.613
23	19.381
24	19.381
25	19.359
26	19.191
27	19.985
28	23.553
29	19.437
30	23.642
31	20.824
32	20.824
33	25.611
34	23.665
35	21.585
36	20.41
37	27.288
38	30.509
39	11.239
40	11.239
41	14.684
42	11.586
43	10.423
44	7.403
45	11.038
46	7.806
47	8.041
48	8.041
49	9.864
50	5.558
51	1.655
52	1.632
53	0.682
54	1.321
55	1.321
56	2.981
57	2.563
58	1.968
59	1.551
60	1.621
61	1.611
62	1.611
63	1.42
64	1.576
65	1.477
66	1.422
67	1.365
68	0.782
69	1.13
70	1.13
71	0.76
72	0.894
73	0.704
74	0.246
75	0.738
76	0.738
77	0.313
78	0.078
79	0.0
80	0.749
81	1.498
82	2.147
83	0.301
84	0.301
85	0.055
86	0.078
87	0.044
88	0.011
89	0.055
90	0.055
91	0.0
92	0.0
93	0.0
94	0.0
95	0.0
96	0.0
97	0.0
98	0.044
99	0.067
100	0.055
101	0.011
102	0.022
103	0.022
104	0.0
105	0.078
106	0.067
107	0.044
108	2.113
109	2.061
110	2.061
111	1.734
112	3.759
113	3.579
114	2.548
115	3.332
116	3.332
117	3.355
118	3.992
119	4.104
120	6.654
121	7.236
122	6.005
123	6.005
124	5.413
125	6.016
126	5.855
127	8.052
128	8.052
129	10.21
130	10.334
131	9.383
132	9.216
133	9.114
134	9.114
135	6.99
136	5.905
137	4.574
138	4.15
139	4.15
140	4.294
141	3.522
142	4.115
143	3.299
144	2.952
145	2.952
146	2.08
147	1.789
148	1.655
149	0.95
150	0.95
151	0.805
152	0.268
153	0.48
154	0.033
155	0.413
156	0.413
157	0.581
158	0.693
159	1.185
160	1.364
161	1.051
162	1.051
163	0.928
164	0.749
165	0.357
166	2.091
167	2.091
168	4.317
169	2.113
170	1.565
171	1.353
172	1.453
173	1.453
174	1.017
175	1.778
176	2.404
177	2.091
178	2.091
179	2.807
180	3.522
181	3.858
182	4.518
183	4.943
184	4.943
185	3.713
186	3.388
187	2.057
188	2.259
189	3.69
190	3.69
191	4.697
192	4.641
193	5.882
194	7.001
195	7.001
196	3.5
197	3.634
198	4.955
199	4.519
200	4.585
201	4.585
202	7.638
203	7.247
204	6.934
205	6.341
206	6.341
207	7.28
208	6.475
209	6.05
210	3.959
211	3.153
212	3.153
213	1.599
214	3.299
215	10.087
216	10.087
217	8.566
218	8.958
219	8.209
220	7.46
221	7.46
222	5.033
223	4.182
224	3.31
225	2.952
226	2.952
227	7.772
228	9.047
229	9.361
230	9.361
231	9.327
232	9.841
233	10.21
234	6.263
235	6.263
236	6.833
237	5.457
238	8.264
239	6.386
