0	9.864
1	12.235
2	12.235
3	14.729
4	18.252
5	14.999
6	14.999
7	12.306
8	11.374
9	12.727
10	12.727
11	13.845
12	12.783
13	12.783
14	16.384
15	14.058
16	22.491
17	22.491
18	19.504
19	10.479
20	12.257
21	12.257
22	12.883
23	11.866
24	11.866
25	17.167
26	8.801
27	5.647
28	5.647
29	5.144
30	5.144
31	6.889
32	6.889
33	10.155
34	13.521
35	17.335
36	17.335
37	14.349
38	15.489
39	15.489
40	15.21
41	8.835
42	8.734
43	8.734
44	11.374
45	14.416
46	16.239
47	16.239
48	15.769
49	14.762
50	14.762
51	9.797
52	15.478
53	17.67
54	17.67
55	13.812
56	13.364
57	15.378
58	15.378
59	14.863
60	18.956
61	18.442
62	18.442
63	16.988
64	20.399
65	20.399
66	19.023
67	14.281
68	11.821
69	11.821
70	10.904
71	16.116
72	16.82
73	16.82
74	16.865
75	15.847
76	9.305
77	9.305
78	6.173
79	8.119
80	8.119
81	3.489
82	3.713
83	4.35
84	4.35
85	12.716
86	12.582
87	10.009
88	10.009
89	12.772
90	12.787
91	12.787
92	11.541
93	10.77
94	7.94
95	7.94
96	7.224
97	8.041
98	10.356
99	10.356
100	11.295
101	15.456
102	15.411
103	15.411
104	12.481
105	13.051
106	13.051
107	9.528
108	10.233
109	8.22
110	8.22
111	5.502
112	2.93
113	3.422
114	3.422
115	5.211
116	1.621
117	1.621
118	3.288
119	4.686
120	4.395
121	4.395
122	4.786
123	6.509
124	6.721
125	9.137
126	9.137
127	8.868
128	7.705
129	6.509
130	6.509
131	3.534
132	0.581
133	4.339
134	5.681
135	5.681
136	4.63
137	3.981
138	2.762
139	1.968
140	1.968
141	1.599
142	1.287
143	1.153
144	1.153
145	0.66
146	0.514
147	0.593
148	0.234
149	0.234
150	5.122
151	6.553
152	2.65
153	2.65
154	0.022
155	4.495
156	2.885
157	1.33
158	1.33
159	3.31
160	5.055
161	5.838
162	8.287
163	8.287
164	9.282
165	7.034
166	6.207
167	6.207
168	10.937
169	2.807
170	7.09
171	10.188
172	10.188
173	10.658
174	6.162
175	7.402
176	7.94
177	8.902
178	8.902
179	10.334
180	5.636
181	3.053
182	4.406
183	4.406
184	4.719
185	4.104
186	4.719
187	5.48
188	4.719
189	4.719
190	4.241
191	3.109
192	2.796
193	1.834
194	1.207
195	1.207
196	1.096
197	3.097
198	2.225
199	0.782
200	0.24
201	0.24
202	2.921
203	4.337
204	4.435
205	4.398
206	3.507
207	3.507
208	4.171
209	6.195
210	0.145
211	1.14
212	4.283
213	4.283
214	12.895
215	8.242
216	6.967
217	10.02
218	9.428
219	11.039
220	11.039
221	15.735
222	16.91
223	11.72
224	13.275
225	8.555
226	8.555
227	6.117
228	6.386
229	7.996
230	12.246
231	13.767
232	24.302
233	23.732
234	23.732
235	20.198
236	20.668
237	17.704
238	16.097
239	7.414
