0	1.185
1	0.917
2	1.297
3	1.532
4	1.286
5	1.912
6	2.236
7	1.565
8	2.393
9	1.711
10	1.834
11	1.856
12	2.473
13	3.504
14	2.294
15	1.498
16	1.252
17	1.981
18	1.175
19	1.644
20	1.151
21	1.386
22	1.151
23	1.465
24	1.532
25	1.878
26	2.326
27	1.621
28	2.605
29	2.046
30	1.465
31	1.767
32	2.303
33	2.247
34	2.482
35	2.192
36	2.471
37	2.728
38	1.677
39	2.225
40	1.733
41	1.789
42	1.453
43	1.096
44	1.051
45	1.017
46	0.402
47	0.178
48	0.516
49	0.0
50	0.346
51	0.391
52	0.168
53	0.212
54	0.0
55	0.0
56	0.044
57	0.0
58	0.19
59	0.213
60	0.259
61	0.0
62	0.18
63	0.178
64	0.055
65	0.0
66	0.764
67	1.836
68	0.347
69	0.48
70	0.458
71	0.447
72	0.975
73	0.961
74	0.861
75	0.346
76	0.575
77	1.241
78	1.006
79	1.677
80	1.263
81	0.178
82	0.816
83	0.95
84	1.453
85	1.364
86	1.789
87	0.961
88	0.872
89	0.715
90	1.442
91	0.782
92	0.525
93	0.794
94	1.42
95	0.928
96	0.961
97	0.715
98	0.571
99	0.637
100	0.167
101	0.011
102	0.044
103	0.201
104	0.234
105	0.067
106	0.0
107	0.0
108	0.0
109	0.0
110	0.0
111	0.0
112	0.0
113	0.0
114	0.0
115	0.0
116	0.0
117	0.0
118	0.0
119	0.0
120	0.0
121	0.0
122	0.0
123	0.0
124	0.0
125	0.0
126	0.0
127	0.0
128	0.0
129	0.0
130	0.0
131	0.0
132	0.0
133	0.0
134	0.0
135	0.0
136	0.0
137	0.0
138	0.0
139	0.0
140	0.0
141	0.001
142	0.011
143	0.055
144	0.024
145	0.0
146	0.111
147	0.033
148	0.034
149	0.038
150	0.022
151	0.033
152	0.022
153	0.022
154	0.078
155	0.068
156	0.025
157	0.0
158	0.0
159	0.0
160	0.0
161	0.0
162	0.0
163	0.0
164	0.0
165	0.0
166	0.0
167	0.0
168	0.0
169	0.011
170	0.078
171	0.0
172	0.0
173	0.0
174	0.0
175	0.0
176	0.0
177	0.0
178	0.0
179	0.0
180	0.0
181	0.0
182	0.042
183	0.0
184	0.0
185	0.0
186	0.525
187	10.414
188	17.29
189	16.071
190	15.389
191	13.364
192	14.583
193	15.724
194	16.876
195	18.274
196	16.708
197	17.916
198	19.012
199	16.395
200	17.693
201	14.326
202	15.053
203	15.378
204	18.394
205	18.439
206	18.207
207	16.462
208	18.521
209	14.55
210	14.55
211	4.853
212	3.858
213	5.066
214	3.847
215	2.874
216	2.292
217	5.066
218	4.428
219	9.461
220	9.45
221	5.614
222	4.585
223	7.168
224	5.681
225	7.124
226	5.938
227	4.16
228	4.428
229	4.999
230	4.943
231	5.256
232	4.395
233	4.943
234	6.62
235	5.446
236	7.549
237	7.001
238	6.028
239	6.084
