0	4.173
1	5.447
2	5.357
3	4.183
4	3.579
5	3.076
6	2.628
7	2.27
8	2.975
9	3.344
10	3.5
11	3.781
12	4.451
13	4.217
14	4.172
15	4.664
16	4.171
17	3.411
18	2.784
19	3.153
20	3.176
21	3.455
22	3.623
23	3.523
24	3.546
25	3.636
26	4.015
27	4.507
28	4.966
29	4.63
30	5.178
31	4.339
32	4.35
33	4.093
34	3.243
35	4.149
36	4.328
37	3.813
38	3.03
39	2.953
40	4.059
41	4.172
42	3.69
43	3.088
44	1.934
45	0.816
46	0.47
47	0.402
48	0.581
49	0.357
50	0.38
51	0.313
52	0.044
53	0.648
54	0.536
55	0.782
56	1.286
57	1.32
58	0.29
59	0.671
60	0.682
61	0.503
62	0.805
63	0.369
64	0.503
65	0.1
66	0.224
67	0.201
68	0.1
69	0.0
70	0.0
71	0.0
72	0.0
73	0.0
74	0.0
75	0.38
76	4.742
77	5.681
78	2.283
79	4.574
80	4.372
81	3.634
82	3.377
83	3.623
84	4.048
85	6.441
86	7.661
87	8.153
88	7.18
89	5.647
90	3.869
91	2.661
92	2.774
93	3.276
94	4.697
95	5.021
96	4.518
97	5.256
98	5.032
99	5.614
100	6.732
101	6.128
102	5.055
103	3.959
104	2.605
105	2.057
106	2.494
107	3.321
108	3.847
109	2.807
110	4.674
111	4.384
112	5.267
113	5.961
114	5.457
115	4.026
116	2.661
117	1.767
118	1.621
119	1.096
120	1.431
121	2.426
122	5.726
123	4.384
124	5.614
125	7.348
126	6.844
127	7.616
128	7.168
129	5.569
130	5.368
131	6.665
132	7.761
133	9.349
134	8.924
135	6.117
136	5.647
137	10.3
138	8.511
139	10.02
140	10.177
141	9.07
142	10.312
143	9.17
144	9.071
145	7.361
146	6.476
147	5.263
148	6.207
149	7.929
150	8.097
151	7.605
152	10.792
153	10.188
154	6.889
155	6.766
156	3.981
157	4.361
158	6.553
159	5.659
160	5.267
161	8.22
162	7.012
163	5.457
164	1.923
165	1.688
166	1.61
167	1.845
168	2.549
169	2.527
170	2.762
171	2.382
172	2.281
173	1.811
174	2.08
175	2.281
176	1.767
177	2.494
178	3.321
179	4.574
180	3.478
181	2.169
182	2.549
183	3.299
184	2.93
185	2.348
186	1.711
187	1.476
188	1.297
189	1.666
190	1.576
191	1.096
192	0.782
193	0.603
194	0.76
195	1.252
196	2.259
197	2.415
198	1.599
199	2.001
200	1.755
201	2.46
202	1.61
203	1.867
204	1.856
205	2.449
206	2.259
207	2.404
208	2.583
209	3.131
210	2.963
211	2.628
212	2.818
213	2.706
214	2.382
215	2.124
216	2.102
217	0.838
218	0.715
219	1.576
220	2.359
221	2.706
222	2.695
223	4.395
224	3.914
225	5.413
226	7.918
227	4.563
228	2.158
229	1.051
230	0.033
231	0.145
232	1.04
233	1.632
234	1.789
235	1.219
236	1.084
237	1.532
238	1.129
239	1.498
