0	0.246
1	0.134
2	0.033
3	2.851
4	4.876
5	4.585
6	3.892
7	3.321
8	2.829
9	3.355
10	3.042
11	0.626
12	0.111
13	0.1
14	0.0
15	0.0
16	0.0
17	0.374
18	0.044
19	0.0
20	0.0
21	0.0
22	0.0
23	0.0
24	0.0
25	0.0
26	0.0
27	0.0
28	0.0
29	0.0
30	0.0
31	0.0
32	0.0
33	0.0
34	0.0
35	0.0
36	0.0
37	0.0
38	0.0
39	0.0
40	0.0
41	0.0
42	0.0
43	0.0
44	0.0
45	0.0
46	0.0
47	0.0
48	0.0
49	0.0
50	0.0
51	0.0
52	0.0
53	0.0
54	0.0
55	0.0
56	0.0
57	0.0
58	0.0
59	0.026
60	0.006
61	0.0
62	0.0
63	0.0
64	1.901
65	4.015
66	8.41
67	7.101
68	4.249
69	3.668
70	4.194
71	2.986
72	2.784
73	4.339
74	6.318
75	7.728
76	7.37
77	4.775
78	4.227
79	4.462
80	3.254
81	3.254
82	4.35
83	3.22
84	3.892
85	4.048
86	3.433
87	4.059
88	2.136
89	1.006
90	1.017
91	1.487
92	1.979
93	3.209
94	4.484
95	4.797
96	3.109
97	2.538
98	3.086
99	3.243
100	3.232
101	4.551
102	3.97
103	3.668
104	4.54
105	4.697
106	8.007
107	8.533
108	5.67
109	5.67
110	5.793
111	5.167
112	4.641
113	3.914
114	2.784
115	2.907
116	2.46
117	2.371
118	3.008
119	4.015
120	4.272
121	4.126
122	2.549
123	3.836
124	2.912
125	2.746
126	4.909
127	5.301
128	5.088
129	5.681
130	5.636
131	2.997
132	4.082
133	1.856
134	4.227
135	5.155
136	5.155
137	10.826
138	6.263
139	4.686
140	5.256
141	3.668
142	4.865
143	3.165
144	2.471
145	3.981
146	7.101
147	5.413
148	4.395
149	2.796
150	2.471
151	3.109
152	2.572
153	3.455
154	3.433
155	0.95
156	1.23
157	0.995
158	0.0
159	0.201
160	0.212
161	0.212
162	2.225
163	2.628
164	4.976
165	6.352
166	1.621
167	2.169
168	2.93
169	1.856
170	0.424
171	0.0
172	0.0
173	0.0
174	0.0
175	0.0
176	0.0
177	0.0
178	0.001
179	0.0
180	0.0
181	0.0
182	0.0
183	6.62
184	5.681
185	3.209
186	5.949
187	6.956
188	6.956
189	6.956
190	8.22
191	6.274
192	5.368
193	3.959
194	1.509
195	6.307
196	10.591
197	11.575
198	13.208
199	14.762
200	9.003
201	9.573
202	6.05
203	7.716
204	5.29
205	7.47
206	9.416
207	11.754
208	1.476
209	2.751
210	3.847
211	6.799
212	7.951
213	11.631
214	11.631
215	13.733
216	15.847
217	15.277
218	14.975
219	17.782
220	16.351
221	18.643
222	13.801
223	20.276
224	17.726
225	15.602
226	16.809
227	17.827
228	17.558
229	22.412
230	14.528
231	17.234
232	13.555
233	13.946
234	13.354
235	13.074
236	16.384
237	17.648
238	15.769
239	16.205
