0	4.003
1	4.003
2	6.016
3	0.346
4	2.538
5	2.538
6	6.207
7	6.363
8	3.019
9	3.019
10	8.936
11	5.726
12	5.726
13	9.651
14	6.072
15	4.641
16	4.641
17	7.347
18	5.994
19	7.381
20	7.381
21	3.679
22	3.847
23	7.504
24	7.504
25	8.857
26	7.549
27	7.549
28	1.957
29	1.99
30	0.939
31	0.939
32	2.326
33	2.826
34	4.165
35	4.165
36	12.206
37	13.197
38	13.197
39	11.116
40	12.749
41	6.128
42	6.128
43	9.305
44	6.62
45	7.873
46	7.873
47	4.384
48	4.965
49	3.31
50	3.31
51	4.305
52	4.026
53	4.026
54	3.813
55	2.259
56	8.555
57	8.555
58	1.342
59	2.348
60	3.489
61	3.489
62	1.386
63	3.659
64	5.357
65	5.357
66	2.171
67	0.872
68	0.872
69	0.47
70	0.0
71	1.017
72	1.017
73	3.542
74	4.345
75	2.874
76	2.874
77	1.856
78	3.545
79	3.545
80	1.453
81	0.805
82	2.337
83	2.337
84	4.149
85	4.283
86	11.474
87	11.474
88	9.394
89	15.836
90	11.564
91	11.564
92	6.576
93	3.545
94	3.545
95	4.82
96	3.88
97	3.578
98	3.578
99	0.961
100	2.919
101	3.209
102	3.209
103	2.65
104	2.281
105	2.281
106	2.359
107	5.703
108	6.598
109	6.598
110	4.831
111	8.667
112	5.468
113	5.468
114	7.314
115	9.003
116	3.981
117	3.981
118	7.504
119	1.509
120	1.509
121	3.914
122	3.545
123	4.339
124	4.339
125	6.106
126	3.187
127	6.05
128	6.05
129	5.815
130	5.77
131	5.77
132	12.246
133	6.453
134	4.473
135	4.473
136	3.545
137	0.0
138	3.086
139	3.086
140	8.32
141	11.184
142	14.539
143	14.539
144	14.304
145	17.749
146	17.749
147	18.319
148	22.289
149	16.295
150	16.295
151	15.467
152	14.863
153	14.203
154	14.203
155	16.161
156	15.523
157	12.358
158	12.358
159	12.693
160	11.541
161	11.541
162	10.792
163	12.022
164	12.067
165	12.067
166	6.688
167	6.654
168	1.968
169	1.968
170	2.617
171	4.507
172	4.507
173	1.286
174	0.212
175	0.536
176	0.536
177	0.615
178	0.313
179	0.033
180	0.033
181	0.1
182	0.033
183	0.223
184	0.223
185	1.811
186	3.522
187	3.522
188	1.453
189	3.344
190	4.149
191	4.149
192	2.124
193	4.238
194	4.171
195	4.171
196	5.066
197	5.334
198	5.334
199	5.278
200	4.92
201	7.291
202	7.291
203	6.106
204	1.845
205	1.409
206	1.409
207	2.997
208	3.679
209	5.357
210	5.357
211	4.227
212	4.484
213	1.957
214	1.957
215	0.0
216	0.469
217	0.469
218	0.849
219	1.219
220	1.734
221	1.734
222	3.009
223	2.538
224	1.196
225	1.196
226	0.212
227	0.492
228	0.492
229	0.212
230	0.156
231	1.856
232	1.856
233	0.782
234	4.574
235	3.455
236	3.455
237	1.565
238	1.263
239	1.252
