0	15.355
1	16.686
2	17.402
3	20.366
4	18.733
5	20.053
6	21.048
7	22.502
8	24.526
9	18.196
10	7.772
11	27.311
12	29.369
13	22.96
14	13.924
15	19.437
16	18.99
17	9.159
18	15.433
19	15.154
20	20.668
21	28.183
22	36.359
23	39.331
24	16.585
25	23.106
26	21.003
27	21.696
28	23.441
29	20.064
30	23.855
31	17.916
32	16.932
33	17.335
34	14.46
35	15.601
36	16.507
37	18.241
38	17.726
39	18.554
40	19.627
41	17.346
42	19.695
43	20.254
44	20.12
45	11.944
46	18.129
47	9.428
48	16.619
49	25.723
50	24.571
51	16.921
52	14.787
53	16.753
54	11.62
55	14.483
56	13.689
57	8.611
58	1.017
59	0.0
60	0.291
61	1.532
62	0.76
63	1.342
64	0.447
65	0.928
66	1.568
67	1.79
68	2.346
69	2.339
70	3.284
71	5.251
72	7.247
73	3.892
74	5.826
75	11.228
76	9.428
77	1.185
78	0.548
79	1.129
80	1.856
81	1.979
82	1.8
83	3.22
84	2.247
85	1.185
86	1.274
87	0.324
88	0.324
89	0.615
90	0.503
91	0.324
92	0.48
93	1.672
94	2.303
95	1.722
96	2.035
97	1.185
98	2.438
99	1.834
100	0.615
101	1.364
102	5.111
103	1.946
104	3.959
105	2.628
106	1.006
107	0.615
108	0.357
109	0.38
110	0.458
111	1.062
112	0.928
113	0.782
114	0.357
115	0.503
116	0.044
117	0.011
118	0.0
119	0.0
120	0.0
121	0.0
122	0.0
123	0.0
124	0.0
125	0.0
126	0.0
127	0.0
128	0.0
129	0.0
130	0.0
131	0.0
132	0.0
133	0.0
134	0.0
135	0.0
136	0.0
137	0.0
138	0.0
139	0.0
140	0.0
141	0.0
142	0.0
143	0.0
144	0.0
145	0.0
146	0.0
147	0.0
148	0.0
149	0.0
150	0.0
151	0.0
152	0.0
153	0.0
154	0.003
155	0.0
156	0.0
157	0.0
158	0.0
159	0.0
160	0.0
161	0.0
162	0.0
163	0.0
164	0.0
165	0.0
166	0.0
167	0.019
168	0.0
169	0.0
170	0.0
171	0.0
172	0.0
173	0.0
174	0.0
175	0.0
176	0.0
177	0.011
178	7.224
179	3.769
180	1.398
181	1.129
182	1.129
183	4.867
184	12.123
185	9.651
186	8.197
187	11.072
188	8.634
189	2.371
190	2.897
191	3.981
192	3.948
193	4.797
194	3.612
195	4.473
196	7.571
197	10.322
198	7.437
199	10.02
200	23.408
201	16.686
202	16.865
203	12.123
204	27.042
205	23.766
206	37.03
207	34.692
208	29.145
209	30.655
210	28.038
211	34.1
212	37.902
213	40.463
214	38.103
215	35.307
216	31.494
217	31.024
218	35.822
219	23.318
220	22.882
221	24.973
222	19.37
223	12.716
224	19.482
225	26.427
226	25.913
227	16.328
228	3.657
229	7.034
230	9.696
231	19.147
232	16.015
233	11.139
234	11.184
235	10.971
236	9.517
237	13.42
238	9.461
239	6.71
