0	3.519
1	3.519
2	6.43
3	6.43
4	6.43
5	8.399
6	4.899
7	7.873
8	1.834
9	1.735
10	1.151
11	3.791
12	3.68
13	5.133
14	4.596
15	4.138
16	5.692
17	3.78
18	2.73
19	1.61
20	4.823
21	7.769
22	5.681
23	6.486
24	4.932
25	5.491
26	5.838
27	7.035
28	7.079
29	5.738
30	6.383
31	5.961
32	8.846
33	6.318
34	8.443
35	6.878
36	5.435
37	6.195
38	5.468
39	8.936
40	9.148
41	7.157
42	8.41
43	10.49
44	11.318
45	11.586
46	10.761
47	8.377
48	9.931
49	9.954
50	5.614
51	4.015
52	6.341
53	5.144
54	6.497
55	7.571
56	9.808
57	7.28
58	4.932
59	4.831
60	2.823
61	2.46
62	7.347
63	7.638
64	1.711
65	1.957
66	2.326
67	4.138
68	3.388
69	1.912
70	2.069
71	0.905
72	1.096
73	5.86
74	9.752
75	7.795
76	10.289
77	0.95
78	1.588
79	5.122
80	5.916
81	4.82
82	1.822
83	3.12
84	4.037
85	13.387
86	13.163
87	8.197
88	10.96
89	8.991
90	8.991
91	10.155
92	7.895
93	4.887
94	8.689
95	9.696
96	9.215
97	8.969
98	4.451
99	3.444
100	0.939
101	0.0
102	1.744
103	0.894
104	2.807
105	8.712
106	7.47
107	4.451
108	5.167
109	4.898
110	3.668
111	5.722
112	3.769
113	6.732
114	4.932
115	5.021
116	3.265
117	2.371
118	1.274
119	2.169
120	2.214
121	0.872
122	0.0
123	0.0
124	0.0
125	0.0
126	0.0
127	0.0
128	0.0
129	0.0
130	0.0
131	0.0
132	0.0
133	0.0
134	0.0
135	0.0
136	0.0
137	0.0
138	0.0
139	0.0
140	0.0
141	0.0
142	0.0
143	0.0
144	0.0
145	0.0
146	0.0
147	0.0
148	0.0
149	0.0
150	0.0
151	0.0
152	0.0
153	0.0
154	0.0
155	0.0
156	0.0
157	0.0
158	0.0
159	0.0
160	0.0
161	0.0
162	0.0
163	0.0
164	0.0
165	0.0
166	0.0
167	0.0
168	0.0
169	0.0
170	0.0
171	0.0
172	0.0
173	0.0
174	0.0
175	0.0
176	0.0
177	0.0
178	0.0
179	0.0
180	0.0
181	0.0
182	0.0
183	0.041
184	0.0
185	0.0
186	0.0
187	0.0
188	0.0
189	0.0
190	0.0
191	0.0
192	0.0
193	0.0
194	0.0
195	0.0
196	0.0
197	0.0
198	0.0
199	0.0
200	0.0
201	0.0
202	0.0
203	0.0
204	0.0
205	0.0
206	0.0
207	0.0
208	0.0
209	0.0
210	0.0
211	0.0
212	0.0
213	0.0
214	0.0
215	0.0
216	0.0
217	0.0
218	0.0
219	0.0
220	0.001
221	0.0
222	0.0
223	0.0
224	0.0
225	0.0
226	0.0
227	0.0
228	0.0
229	0.0
230	0.0
231	0.0
232	0.0
233	0.0
234	0.0
235	0.0
236	0.0
237	0.0
238	0.0
239	0.0
