0	0.335
1	1.476
2	0.011
3	2.359
4	1.062
5	1.062
6	0.76
7	0.626
8	1.365
9	1.629
10	2.813
11	2.813
12	2.594
13	2.695
14	3.12
15	3.813
16	3.467
17	3.467
18	3.545
19	3.209
20	1.252
21	0.995
22	0.469
23	0.849
24	0.849
25	0.357
26	0.469
27	0.503
28	1.084
29	1.946
30	1.946
31	2.617
32	1.767
33	0.95
34	0.917
35	0.704
36	0.816
37	0.816
38	0.861
39	0.973
40	0.794
41	1.99
42	2.057
43	2.695
44	2.113
45	2.113
46	2.661
47	2.628
48	2.158
49	2.818
50	1.912
51	2.247
52	2.247
53	3.478
54	3.444
55	3.545
56	3.892
57	5.468
58	3.232
59	2.907
60	2.907
61	5.011
62	6.016
63	5.927
64	4.853
65	2.963
66	1.99
67	1.99
68	1.711
69	2.203
70	3.444
71	3.109
72	2.717
73	3.455
74	3.455
75	2.113
76	2.438
77	3.5
78	4.674
79	6.956
80	6.162
81	10.199
82	6.9
83	6.9
84	5.994
85	9.361
86	4.965
87	5.58
88	6.028
89	6.128
90	5.144
91	5.558
92	6.43
93	7.605
94	7.605
95	5.905
96	5.681
97	7.113
98	4.865
99	4.775
100	7.504
101	5.155
102	3.824
103	3.187
104	3.209
105	3.209
106	5.211
107	4.753
108	6.755
109	4.495
110	4.182
111	2.494
112	2.65
113	2.661
114	2.706
115	2.136
116	2.281
117	2.281
118	1.811
119	1.644
120	2.158
121	3.198
122	3.232
123	3.075
124	3.467
125	3.634
126	3.556
127	3.042
128	3.959
129	3.489
130	3.757
131	3.757
132	4.786
133	4.92
134	7.705
135	6.464
136	4.831
137	4.44
138	3.355
139	5.468
140	5.357
141	5.077
142	5.603
143	5.491
144	7.336
145	4.44
146	3.053
147	3.053
148	3.455
149	5.967
150	5.916
151	4.54
152	4.92
153	4.227
154	3.299
155	4.093
156	7.157
157	6.587
158	7.907
159	6.99
160	7.135
161	7.135
162	6.699
163	4.585
164	5.144
165	4.82
166	5.379
167	3.668
168	4.82
169	8.868
170	12.045
171	11.832
172	8.622
173	8.622
174	7.079
175	4.686
176	4.138
177	6.251
178	5.659
179	7.224
180	6.855
181	7.751
182	5.659
183	5.122
184	3.153
185	3.153
186	2.684
187	4.462
188	4.909
189	4.104
190	4.898
191	5.961
192	6.822
193	6.307
194	8.13
195	5.938
196	5.938
197	5.413
198	5.401
199	4.048
200	3.947
201	2.963
202	4.462
203	3.478
204	4.171
205	3.724
206	3.892
207	4.451
208	2.84
209	2.84
210	2.84
211	3.567
212	4.652
213	3.661
214	1.61
215	1.822
216	1.588
217	1.621
218	2.013
219	2.784
220	1.599
221	1.789
222	2.08
223	2.08
224	2.091
225	2.695
226	2.717
227	3.522
228	3.254
229	1.912
230	1.342
231	0.615
232	0.0
233	0.805
234	1.151
235	2.605
236	4.093
237	4.495
238	4.115
239	2.952
