0	0.0
1	0.0
2	0.0
3	0.0
4	0.0
5	0.0
6	0.0
7	0.178
8	0.201
9	0.246
10	0.693
11	0.648
12	0.413
13	0.671
14	0.671
15	0.682
16	0.771
17	1.04
18	1.151
19	1.599
20	2.158
21	1.465
22	2.304
23	2.796
24	3.232
25	3.042
26	2.93
27	2.774
28	1.957
29	2.952
30	2.281
31	1.845
32	1.957
33	1.476
34	1.006
35	0.883
36	1.196
37	0.849
38	1.42
39	1.856
40	1.688
41	1.923
42	1.554
43	1.811
44	1.353
45	1.353
46	0.637
47	0.615
48	0.693
49	0.067
50	1.174
51	1.375
52	1.42
53	1.051
54	1.006
55	0.984
56	1.319
57	1.789
58	1.476
59	1.398
60	1.957
61	1.957
62	2.561
63	3.21
64	2.874
65	3.59
66	3.411
67	1.678
68	2.214
69	2.203
70	2.549
71	2.427
72	1.867
73	1.923
74	1.991
75	1.666
76	1.711
77	1.632
78	1.756
79	1.699
80	2.236
81	2.147
82	2.427
83	2.471
84	2.102
85	1.744
86	1.274
87	2.247
88	1.174
89	1.151
90	0.939
91	1.051
92	1.398
93	1.398
94	1.453
95	1.398
96	1.621
97	1.476
98	1.454
99	1.912
100	2.203
101	2.259
102	2.203
103	1.968
104	2.46
105	3.109
106	3.109
107	4.261
108	4.44
109	3.299
110	2.471
111	3.4
112	2.851
113	2.695
114	1.957
115	1.543
116	2.057
117	2.18
118	1.856
119	1.398
120	1.946
121	1.42
122	2.259
123	2.259
124	2.069
125	1.946
126	1.8
127	2.494
128	2.93
129	3.265
130	3.78
131	4.003
132	4.015
133	4.54
134	5.401
135	3.937
136	3.276
137	2.997
138	3.299
139	3.769
140	4.227
141	2.74
142	3.321
143	3.511
144	3.578
145	3.109
146	2.84
147	3.858
148	4.753
149	4.797
150	3.243
151	4.417
152	3.399
153	2.941
154	4.674
155	5.077
156	4.831
157	4.07
158	5.032
159	5.301
160	5.625
161	5.871
162	4.965
163	5.424
164	5.021
165	4.44
166	2.896
167	3.836
168	3.086
169	4.495
170	4.115
171	6.151
172	6.766
173	5.468
174	5.245
175	5.491
176	3.892
177	5.077
178	6.017
179	5.905
180	5.849
181	3.925
182	4.182
183	3.22
184	3.735
185	4.618
186	5.703
187	4.372
188	4.35
189	4.216
190	3.634
191	3.97
192	4.272
193	2.974
194	3.824
195	4.138
196	4.25
197	4.037
198	3.993
199	3.847
200	4.305
201	4.853
202	4.104
203	3.366
204	5.345
205	4.138
206	5.536
207	5.569
208	3.947
209	3.947
210	4.865
211	5.021
212	5.043
213	4.663
214	4.518
215	5.077
216	5.01
217	5.111
218	5.458
219	3.992
220	5.357
221	5.043
222	4.406
223	4.115
224	3.59
225	3.813
226	4.339
227	4.372
228	3.746
229	3.701
230	3.858
231	3.802
232	2.706
233	3.433
234	3.042
235	3.97
236	3.836
237	3.232
238	2.874
239	3.22
