0	3.601
1	2.863
2	3.299
3	3.053
4	3.276
5	2.974
6	2.93
7	1.845
8	2.001
9	2.192
10	2.516
11	2.55
12	1.398
13	0.76
14	1.386
15	1.621
16	1.677
17	1.409
18	0.905
19	0.738
20	1.107
21	1.062
22	1.118
23	1.073
24	1.297
25	1.375
26	1.197
27	0.984
28	0.592
29	0.715
30	0.436
31	0.503
32	0.816
33	1.297
34	1.822
35	2.438
36	2.538
37	2.538
38	2.807
39	0.0
40	0.0
41	0.0
42	0.0
43	0.0
44	0.0
45	2.058
46	2.214
47	1.621
48	1.89
49	5.155
50	6.531
51	5.122
52	4.283
53	3.847
54	5.312
55	5.401
56	5.222
57	5.882
58	5.569
59	5.167
60	7.146
61	6.654
62	7.706
63	6.945
64	7.515
65	6.766
66	7.269
67	8.846
68	8.44
69	7.812
70	7.918
71	6.811
72	6.632
73	3.758
74	3.69
75	2.169
76	4.071
77	3.959
78	4.865
79	4.004
80	3.209
81	4.451
82	4.943
83	2.908
84	5.435
85	6.62
86	7.526
87	6.799
88	6.732
89	6.911
90	6.24
91	7.269
92	7.224
93	6.207
94	6.665
95	2.896
96	3.232
97	3.209
98	4.361
99	4.35
100	4.742
101	4.82
102	1.89
103	2.371
104	1.621
105	1.084
106	0.917
107	0.626
108	0.805
109	1.151
110	0.637
111	0.424
112	0.156
113	0.324
114	0.861
115	0.805
116	0.503
117	0.76
118	0.76
119	0.0
120	0.0
121	0.0
122	0.0
123	0.0
124	0.0
125	0.0
126	0.0
127	0.0
128	0.0
129	0.0
130	0.0
131	0.0
132	0.0
133	0.0
134	0.0
135	0.0
136	0.0
137	0.0
138	0.0
139	0.0
140	0.002
141	0.0
142	0.0
143	0.0
144	0.0
145	0.0
146	0.0
147	0.0
148	0.0
149	0.0
150	0.0
151	0.0
152	0.0
153	0.0
154	0.0
155	0.0
156	0.0
157	0.0
158	0.0
159	0.038
160	4.74
161	3.668
162	1.946
163	1.241
164	0.671
165	1.084
166	4.934
167	1.722
168	2.505
169	3.276
170	1.61
171	1.174
172	3.746
173	3.433
174	3.032
175	2.8
176	0.771
177	1.42
178	1.901
179	1.018
180	0.212
181	0.436
182	1.912
183	3.657
184	6.072
185	5.983
186	5.133
187	3.332
188	4.428
189	2.247
190	5.826
191	11.407
192	8.298
193	11.217
194	7.224
195	11.418
196	7.851
197	5.804
198	7.549
199	5.066
200	4.227
201	3.925
202	3.791
203	2.236
204	5.815
205	6.486
206	7.963
207	5.144
208	4.115
209	1.655
210	0.95
211	10.68
212	10.904
213	6.229
214	3.959
215	9.103
216	8.913
217	7.884
218	7.616
219	2.784
220	1.532
221	0.682
222	1.632
223	1.923
224	5.357
225	8.309
226	8.645
227	10.055
228	8.018
229	7.314
230	6.296
231	4.161
232	6.05
233	2.013
234	9.64
235	9.897
236	8.689
237	9.685
238	8.376
239	5.278
