0	5.715
1	3.522
2	6.039
3	4.842
4	7.113
5	6.676
6	4.697
7	4.563
8	4.484
9	4.809
10	4.216
11	3.522
12	3.455
13	3.993
14	3.198
15	4.786
16	4.35
17	5.021
18	1.778
19	2.672
20	3.824
21	3.612
22	5.066
23	5.58
24	6.341
25	7.515
26	6.195
27	3.534
28	3.433
29	6.777
30	3.17
31	2.069
32	1.979
33	0.201
34	0.369
35	1.151
36	1.062
37	1.431
38	2.069
39	1.532
40	2.169
41	1.196
42	1.107
43	0.849
44	0.357
45	2.225
46	5.647
47	7.045
48	5.804
49	4.563
50	2.382
51	4.003
52	6.229
53	7.023
54	6.643
55	4.272
56	1.722
57	1.129
58	0.424
59	1.028
60	1.364
61	1.23
62	1.274
63	0.111
64	0.201
65	1.532
66	1.04
67	0.872
68	2.65
69	2.247
70	3.008
71	3.914
72	4.126
73	5.055
74	6.207
75	7.526
76	5.144
77	3.701
78	1.644
79	2.058
80	3.645
81	4.249
82	2.147
83	3.869
84	2.941
85	4.663
86	5.659
87	4.048
88	4.059
89	3.545
90	2.326
91	1.274
92	1.822
93	2.583
94	3.925
95	1.767
96	1.521
97	4.182
98	2.617
99	2.661
100	1.252
101	0.984
102	0.738
103	4.542
104	5.111
105	3.053
106	1.129
107	0.29
108	0.805
109	1.028
110	0.984
111	1.33
112	1.196
113	1.99
114	1.711
115	1.979
116	2.561
117	1.621
118	1.576
119	1.621
120	1.666
121	2.997
122	1.33
123	3.03
124	3.288
125	3.042
126	3.645
127	4.249
128	5.245
129	3.836
130	2.952
131	1.722
132	0.044
133	0.0
134	0.044
135	0.134
136	0.089
137	0.044
138	0.134
139	0.447
140	1.241
141	1.107
142	1.096
143	0.671
144	0.908
145	1.655
146	2.326
147	1.565
148	2.93
149	0.894
150	0.648
151	0.246
152	0.313
153	0.156
154	0.0
155	1.364
156	0.369
157	0.0
158	0.391
159	1.051
160	0.469
161	1.14
162	2.124
163	0.391
164	0.816
165	2.192
166	0.794
167	0.078
168	0.0
169	0.704
170	1.722
171	0.324
172	0.134
173	0.055
174	0.033
175	1.219
176	1.364
177	2.18
178	1.711
179	2.561
180	2.617
181	1.476
182	0.973
183	0.894
184	2.46
185	1.565
186	0.928
187	0.458
188	0.257
189	0.167
190	0.313
191	0.458
192	0.234
193	0.346
194	0.738
195	1.152
196	0.067
197	0.212
198	0.391
199	0.525
200	0.324
201	0.849
202	1.219
203	1.263
204	0.917
205	1.107
206	2.024
207	1.666
208	1.509
209	2.382
210	1.274
211	0.469
212	0.235
213	0.525
214	0.862
215	0.472
216	0.033
217	0.134
218	0.0
219	0.0
220	0.011
221	0.0
222	0.0
223	0.0
224	0.0
225	0.201
226	0.592
227	0.515
228	0.38
229	0.449
230	0.567
231	0.567
232	27.646
233	29.671
234	29.671
235	13.946
236	15.087
237	14.807
238	12.056
239	14.203
