0	0.883
1	0.884
2	0.76
3	0.57
4	0.447
5	0.324
6	0.525
7	0.536
8	0.973
9	0.76
10	0.715
11	0.581
12	0.458
13	0.413
14	0.301
15	0.268
16	0.055
17	0.178
18	0.134
19	0.033
20	0.201
21	0.984
22	1.453
23	2.426
24	1.968
25	2.516
26	1.588
27	1.163
28	1.99
29	0.917
30	1.073
31	1.845
32	1.353
33	1.435
34	1.453
35	1.688
36	1.409
37	2.605
38	2.919
39	3.109
40	3.679
41	3.534
42	3.601
43	2.84
44	4.809
45	2.057
46	1.934
47	1.912
48	2.505
49	2.303
50	1.386
51	0.872
52	0.492
53	0.346
54	2.192
55	2.561
56	2.617
57	1.073
58	2.561
59	1.957
60	2.549
61	0.849
62	0.626
63	0.536
64	1.174
65	1.901
66	1.028
67	1.118
68	1.375
69	1.084
70	1.476
71	1.308
72	1.845
73	3.668
74	3.276
75	3.097
76	2.292
77	1.342
78	2.248
79	3.008
80	3.444
81	3.668
82	3.489
83	4.898
84	1.811
85	2.84
86	2.136
87	1.084
88	0.413
89	0.111
90	0.123
91	0.044
92	1.096
93	1.61
94	0.648
95	0.939
96	0.872
97	0.704
98	0.995
99	0.525
100	0.234
101	0.201
102	0.178
103	0.469
104	0.246
105	0.223
106	0.1
107	0.346
108	0.38
109	0.514
110	0.928
111	0.872
112	0.581
113	1.342
114	0.883
115	0.894
116	0.805
117	1.028
118	1.129
119	0.659
120	0.637
121	0.838
122	0.905
123	0.794
124	1.342
125	1.319
126	1.386
127	1.297
128	1.89
129	2.236
130	2.594
131	1.912
132	1.353
133	1.174
134	0.827
135	0.805
136	0.637
137	0.503
138	0.111
139	0.223
140	0.771
141	0.838
142	1.386
143	0.973
144	0.704
145	1.767
146	0.939
147	1.576
148	1.878
149	1.789
150	1.42
151	1.017
152	3.422
153	4.115
154	0.123
155	0.514
156	2.001
157	0.838
158	2.82
159	1.902
160	0.325
161	1.243
162	1.164
163	1.386
164	1.768
165	1.329
166	2.024
167	2.83
168	3.086
169	3.042
170	3.69
171	1.957
172	3.366
173	2.494
174	0.011
175	0.078
176	0.928
177	0.559
178	0.111
179	0.0
180	0.0
181	1.205
182	0.896
183	0.48
184	0.458
185	0.257
186	0.179
187	0.262
188	0.548
189	0.519
190	0.806
191	1.567
192	0.745
193	0.313
194	0.939
195	1.028
196	0.57
197	0.48
198	0.57
199	0.671
200	0.749
201	1.006
202	0.973
203	0.615
204	0.0
205	0.648
206	0.838
207	0.883
208	0.894
209	1.286
210	1.084
211	0.849
212	0.492
213	0.715
214	0.648
215	0.973
216	1.04
217	0.637
218	0.0
219	0.805
220	0.984
221	0.872
222	0.693
223	0.749
224	1.174
225	0.883
226	1.196
227	1.096
228	1.185
229	1.129
230	0.458
231	0.313
232	0.178
233	0.38
234	0.257
235	0.28
236	0.301
237	0.301
238	0.706
239	0.928
