0	0.817
1	0.693
2	0.495
3	0.514
4	0.313
5	0.134
6	0.134
7	1.023
8	1.682
9	1.682
10	0.991
11	0.628
12	0.279
13	0.178
14	0.415
15	0.167
16	0.011
17	0.123
18	0.111
19	0.123
20	0.1
21	0.135
22	0.1
23	0.078
24	0.057
25	0.0
26	0.677
27	0.888
28	1.475
29	1.442
30	1.555
31	2.605
32	1.565
33	1.42
34	0.95
35	0.257
36	0.447
37	0.603
38	0.872
39	0.458
40	0.424
41	0.525
42	0.548
43	0.782
44	0.279
45	0.76
46	1.018
47	0.313
48	0.111
49	0.205
50	0.1
51	0.0
52	0.123
53	0.335
54	0.514
55	0.391
56	0.335
57	0.389
58	0.28
59	0.269
60	0.407
61	0.492
62	0.538
63	0.503
64	0.694
65	0.626
66	0.642
67	0.872
68	1.074
69	0.852
70	0.057
71	0.402
72	1.174
73	1.14
74	1.084
75	1.084
76	1.353
77	0.984
78	0.0
79	0.011
80	0.0
81	6.398
82	17.648
83	22.614
84	23.519
85	21.148
86	16.675
87	19.929
88	22.144
89	18.252
90	21.003
91	19.929
92	17.558
93	15.236
94	16.218
95	14.617
96	10.524
97	10.714
98	13.107
99	13.107
100	40.698
101	40.698
102	39.311
103	44.467
104	45.563
105	42.432
106	45.317
107	45.865
108	38.752
109	39.233
110	39.87
111	38.774
112	36.896
113	36.594
114	40.486
115	41.391
116	43.852
117	44.322
118	40.966
119	35.654
120	33.294
121	32.556
122	36.225
123	36.828
124	37.242
125	37.712
126	34.088
127	36.56
128	35.162
129	36.247
130	36.079
131	37.667
132	38.305
133	36.124
134	36.873
135	36.385
136	36.795
137	31.863
138	33.171
139	33.932
140	37.992
141	37.231
142	34.961
143	33.361
144	33.921
145	31.784
146	39.345
147	37.801
148	37.421
149	38.808
150	38.953
151	41.459
152	39.412
153	34.737
154	32.008
155	32.69
156	34.129
157	33.533
158	28.295
159	25.644
160	27.669
161	25.186
162	24.168
163	21.484
164	22.2
165	22.032
166	23.676
167	27.065
168	25.096
169	25.835
170	20.287
171	14.192
172	11.217
173	8.309
174	9.338
175	9.92
176	7.224
177	8.477
178	8.846
179	7.705
180	9.797
181	6.676
182	8.466
183	8.276
184	8.253
185	8.22
186	6.889
187	7.079
188	8.018
189	7.28
190	7.068
191	5.949
192	3.769
193	1.99
194	2.896
195	2.661
196	2.829
197	1.878
198	1.856
199	1.118
200	0.894
201	0.301
202	0.917
203	0.257
204	0.0
205	0.0
206	0.0
207	0.29
208	0.581
209	0.704
210	1.632
211	0.838
212	2.013
213	3.322
214	1.778
215	2.751
216	2.247
217	2.997
218	2.113
219	2.348
220	2.304
221	2.247
222	0.894
223	2.102
224	2.247
225	3.735
226	5.738
227	3.411
228	1.543
229	1.711
230	2.102
231	2.449
232	2.225
233	2.494
234	2.237
235	2.013
236	2.461
237	2.461
238	2.214
239	1.99
