0	6.743
1	7.705
2	7.504
3	6.117
4	7.55
5	7.55
6	9.111
7	8.017
8	8.376
9	7.884
10	10.904
11	14.64
12	15.31
13	14.08
14	16.172
15	14.304
16	8.421
17	12.335
18	14.695
19	7.47
20	17.033
21	19.739
22	21.819
23	24.235
24	13.297
25	9.808
26	10.49
27	21.965
28	17.469
29	10.87
30	22.379
31	6.352
32	18.531
33	25.41
34	11.027
35	11.497
36	11.799
37	12.381
38	3.623
39	8.388
40	8.846
41	7.661
42	11.541
43	4.563
44	11.161
45	11.161
46	6.576
47	12.246
48	10.848
49	4.797
50	10.904
51	12.447
52	11.832
53	3.769
54	10.322
55	10.524
56	9.316
57	13.485
58	11.843
59	14.091
60	11.206
61	11.318
62	3.601
63	10.736
64	7.437
65	8.578
66	5.468
67	4.775
68	8.723
69	10.054
70	9.886
71	14.684
72	14.46
73	13.61
74	10.68
75	8.723
76	13.029
77	16.149
78	19.102
79	12.526
80	18.151
81	22.502
82	22.222
83	21.887
84	13.353
85	13.353
86	17.995
87	14.729
88	18.923
89	15.165
90	15.064
91	6.62
92	13.801
93	11.016
94	12.14
95	2.393
96	3.485
97	11.673
98	10.725
99	1.386
100	9.439
101	11.34
102	11.597
103	7.392
104	9.73
105	2.717
106	0.111
107	0.76
108	1.465
109	1.274
110	2.986
111	1.878
112	0.905
113	0.995
114	0.57
115	1.096
116	0.782
117	1.375
118	1.23
119	0.704
120	1.89
121	2.751
122	1.923
123	2.952
124	1.274
125	0.872
126	0.872
127	1.476
128	2.851
129	2.695
130	2.46
131	2.505
132	3.869
133	7.672
134	13.398
135	17.402
136	10.244
137	6.509
138	14.628
139	18.766
140	13.633
141	15.959
142	10.904
143	8.812
144	9.047
145	10.065
146	7.124
147	5.782
148	9.014
149	12.37
150	13.241
151	10.557
152	11.06
153	15.199
154	12.324
155	3.299
156	6.151
157	2.639
158	6.643
159	14.472
160	23.889
161	40.072
162	42.957
163	42.957
164	25.287
165	34.01
166	33.328
167	47.509
168	29.648
169	44.05
170	35.717
171	23.587
172	13.029
173	12.615
174	20.656
175	12.313
176	16.574
177	11.273
178	14.55
179	17.424
180	21.406
181	18.643
182	14.349
183	19.605
184	19.84
185	29.995
186	40.105
187	48.359
188	53.862
189	45.205
190	45.887
191	47.196
192	52.206
193	52.676
194	55.416
195	58.592
196	78.623
197	65.829
198	70.134
199	74.653
200	90.143
201	98.24
202	99.28
203	97.77
204	85.143
205	88.712
206	87.235
207	89.695
208	93.028
209	83.365
210	66.097
211	86.161
212	76.856
213	72.584
214	82.213
215	84.629
216	108.406
217	119.825
218	73.624
219	73.624
220	106.93
221	109.323
222	107.511
223	91.283
224	95.433
225	87.492
226	91.283
227	118.103
228	117.387
229	86.463
230	92.077
231	68.692
232	91.596
233	86.385
234	80.334
235	78.712
236	80.86
237	73.601
238	82.75
239	99.358
