0	59.319
1	33.607
2	29.38
3	18.577
4	2.773
5	4.507
6	3.086
7	2.505
8	3.847
9	9.618
10	14.841
11	5.726
12	2.337
13	4.261
14	15.892
15	15.892
16	10.188
17	1.017
18	6.374
19	2.371
20	0.659
21	9.741
22	16.675
23	6.318
24	4.518
25	4.753
26	3.377
27	10.848
28	21.741
29	16.06
30	23.408
31	24.437
32	36.873
33	27.199
34	27.747
35	26.975
36	29.984
37	3.522
38	21.998
39	30.297
40	37.074
41	25.79
42	28.508
43	8.063
44	17.223
45	15.4
46	2.192
47	4.641
48	0.357
49	2.494
50	5.021
51	10.77
52	28.284
53	25.712
54	38.651
55	38.651
56	32.467
57	40.363
58	16.876
59	5.224
60	4.182
61	2.952
62	1.934
63	3.153
64	4.003
65	6.922
66	3.981
67	3.578
68	1.207
69	0.592
70	1.554
71	0.369
72	1.185
73	0.849
74	1.308
75	1.912
76	3.936
77	3.802
78	3.377
79	4.406
80	5.122
81	4.842
82	3.791
83	2.27
84	0.782
85	4.059
86	6.486
87	9.461
88	15.221
89	8.544
90	8.544
91	10.58
92	11.34
93	8.298
94	10.669
95	1.543
96	2.874
97	3.276
98	1.867
99	2.192
100	2.169
101	2.001
102	0.726
103	0.178
104	0.0
105	0.0
106	0.0
107	0.0
108	0.0
109	0.0
110	0.0
111	0.0
112	0.0
113	0.0
114	0.0
115	0.0
116	0.0
117	0.0
118	0.0
119	0.0
120	0.0
121	0.0
122	0.0
123	0.0
124	0.0
125	0.0
126	0.0
127	0.0
128	0.0
129	0.0
130	0.0
131	0.0
132	0.0
133	0.0
134	0.0
135	0.0
136	0.0
137	0.0
138	0.0
139	0.0
140	0.0
141	0.0
142	0.0
143	0.0
144	0.0
145	0.0
146	0.0
147	0.0
148	0.0
149	0.0
150	0.0
151	0.0
152	0.0
153	0.0
154	0.0
155	0.0
156	0.0
157	0.0
158	0.0
159	0.0
160	0.0
161	0.0
162	0.0
163	0.0
164	0.0
165	0.0
166	0.0
167	0.0
168	0.0
169	0.0
170	0.0
171	0.011
172	0.01
173	0.01
174	0.017
175	0.0
176	0.0
177	0.002
178	0.004
179	0.0
180	0.0
181	0.0
182	0.0
183	0.0
184	0.0
185	0.0
186	0.0
187	0.0
188	0.0
189	0.0
190	0.0
191	0.0
192	0.0
193	0.0
194	0.0
195	0.0
196	0.0
197	0.0
198	0.0
199	0.0
200	0.0
201	0.0
202	0.0
203	0.0
204	0.0
205	0.0
206	0.0
207	0.0
208	0.0
209	0.0
210	0.0
211	0.0
212	0.0
213	0.0
214	0.0
215	0.0
216	0.0
217	0.0
218	0.0
219	0.004
220	0.006
221	0.111
222	0.257
223	0.246
224	0.234
225	0.268
226	0.234
227	0.234
228	0.223
229	0.223
230	0.044
231	0.0
232	0.0
233	0.0
234	0.0
235	0.0
236	0.0
237	0.0
238	0.0
239	0.0
