0	2.672
1	3.254
2	1.118
3	0.033
4	2.069
5	4.831
6	7.907
7	8.153
8	10.501
9	6.99
10	6.162
11	7.985
12	10.132
13	7.806
14	3.802
15	3.153
16	11.53
17	10.993
18	6.833
19	8.924
20	7.784
21	8.824
22	9.293
23	10.49
24	8.678
25	8.678
26	6.107
27	7.202
28	7.347
29	8.779
30	7.347
31	8.108
32	8.231
33	4.898
34	6.173
35	2.572
36	0.201
37	4.898
38	8.489
39	8.097
40	7.247
41	7.951
42	4.686
43	3.578
44	4.753
45	6.676
46	6.453
47	3.723
48	5.435
49	4.641
50	3.288
51	1.655
52	0.011
53	2.549
54	2.124
55	1.565
56	1.509
57	1.342
58	1.319
59	1.219
60	2.013
61	1.644
62	0.917
63	0.827
64	1.241
65	1.353
66	2.024
67	2.024
68	1.23
69	1.252
70	0.894
71	1.319
72	0.961
73	0.011
74	2.192
75	3.243
76	3.578
77	3.332
78	2.74
79	0.682
80	1.319
81	3.813
82	4.339
83	3.288
84	4.093
85	0.424
86	0.738
87	2.147
88	5.234
89	4.876
90	3.086
91	1.353
92	1.375
93	0.033
94	0.996
95	2.807
96	1.644
97	1.364
98	0.637
99	1.286
100	2.762
101	1.442
102	1.744
103	1.744
104	1.118
105	1.666
106	1.028
107	1.174
108	1.107
109	0.872
110	1.107
111	1.286
112	2.169
113	2.527
114	2.717
115	3.276
116	3.366
117	4.35
118	2.728
119	2.482
120	1.621
121	1.744
122	3.649
123	3.489
124	4.876
125	4.339
126	3.713
127	2.147
128	1.957
129	2.281
130	1.521
131	0.905
132	1.375
133	4.395
134	5.457
135	5.457
136	3.254
137	3.008
138	3.276
139	1.588
140	1.901
141	0.0
142	0.525
143	4.294
144	7.023
145	4.261
146	7.627
147	5.927
148	5.48
149	4.182
150	5.377
151	4.081
152	3.198
153	3.433
154	3.992
155	6.967
156	7.862
157	13.666
158	9.685
159	13.253
160	9.853
161	8.913
162	5.949
163	8.477
164	5.133
165	4.563
166	4.563
167	4.943
168	2.807
169	3.153
170	2.303
171	4.932
172	4.82
173	7.426
174	8.835
175	7.582
176	7.761
177	9.092
178	7.616
179	8.689
180	7.806
181	7.023
182	4.909
183	5.592
184	4.842
185	9.305
186	11.195
187	11.653
188	12.906
189	8.79
190	15.087
191	12.257
192	14.673
193	11.072
194	6.889
195	8.332
196	10.054
197	10.11
198	9.114
199	10.166
200	10.166
201	8.913
202	9.014
203	8.276
204	5.234
205	6.542
206	6.688
207	7.359
208	8.041
209	9.059
210	8.936
211	9.696
212	8.432
213	5.949
214	9.539
215	8.141
216	8.32
217	7.638
218	5.211
219	5.614
220	7.526
221	5.413
222	6.162
223	5.703
224	6.598
225	7.202
226	6.699
227	7.784
228	5.099
229	8.141
230	6.408
231	5.524
232	4.999
233	2.93
234	2.93
235	5.055
236	5.569
237	5.077
238	3.198
239	4.618
