0	0.771
1	1.387
2	1.487
3	1.073
4	1.476
5	1.051
6	1.107
7	1.364
8	0.738
9	0.818
10	0.738
11	1.208
12	1.011
13	0.784
14	0.548
15	1.029
16	1.032
17	0.895
18	0.929
19	1.075
20	1.197
21	1.556
22	0.693
23	0.1
24	1.734
25	0.672
26	0.774
27	2.907
28	2.877
29	2.811
30	3.333
31	2.905
32	2.948
33	2.975
34	3.334
35	3.451
36	3.026
37	1.733
38	1.902
39	2.662
40	1.174
41	0.257
42	0.458
43	0.928
44	1.61
45	1.263
46	0.738
47	1.084
48	1.163
49	0.861
50	0.548
51	0.592
52	1.867
53	2.158
54	0.682
55	0.715
56	0.447
57	0.167
58	0.615
59	0.682
60	1.141
61	0.715
62	1.062
63	0.805
64	0.391
65	0.827
66	0.939
67	0.861
68	1.017
69	1.152
70	1.856
71	1.644
72	1.979
73	2.001
74	2.001
75	1.834
76	1.118
77	0.279
78	0.234
79	0.57
80	0.816
81	0.563
82	0.827
83	0.246
84	2.102
85	1.174
86	0.995
87	0.268
88	0.525
89	0.357
90	0.1
91	0.973
92	0.749
93	0.738
94	1.845
95	1.543
96	0.816
97	0.424
98	0.19
99	0.067
100	1.006
101	0.324
102	0.29
103	0.782
104	0.391
105	1.723
106	1.957
107	2.046
108	1.834
109	1.99
110	1.935
111	2.449
112	2.326
113	1.308
114	0.648
115	1.856
116	1.99
117	2.371
118	2.001
119	0.782
120	1.107
121	0.369
122	1.286
123	1.409
124	1.151
125	1.42
126	1.286
127	1.565
128	0.413
129	0.637
130	1.409
131	0.637
132	0.391
133	0.19
134	0.827
135	1.017
136	1.062
137	2.124
138	1.33
139	0.749
140	1.509
141	1.778
142	2.449
143	3.277
144	2.672
145	3.21
146	2.284
147	2.879
148	2.315
149	2.046
150	1.767
151	1.845
152	3.355
153	4.999
154	4.194
155	3.634
156	3.567
157	3.366
158	7.314
159	5.86
160	4.305
161	2.684
162	2.382
163	2.908
164	2.359
165	1.543
166	1.073
167	1.677
168	1.274
169	3.624
170	2.505
171	0.76
172	0.369
173	0.313
174	0.357
175	0.246
176	0.783
177	3.813
178	3.344
179	1.901
180	1.409
181	0.726
182	1.353
183	2.695
184	1.778
185	3.031
186	3.511
187	5.066
188	8.03
189	7.213
190	7.996
191	7.94
192	8.332
193	6.912
194	6.195
195	5.055
196	6.386
197	6.117
198	6.777
199	9.618
200	8.22
201	6.207
202	4.026
203	4.585
204	4.283
205	5.334
206	4.686
207	5.905
208	7.403
209	7.829
210	8.801
211	8.332
212	7.403
213	5.547
214	3.757
215	2.561
216	1.666
217	1.543
218	1.386
219	1.23
220	2.069
221	1.755
222	1.208
223	1.096
224	0.861
225	1.509
226	1.89
227	1.398
228	2.303
229	1.89
230	1.644
231	1.532
232	2.506
233	2.326
234	1.677
235	1.23
236	1.946
237	3.131
238	4.16
239	3.15
