0	0.592
1	0.492
2	0.492
3	0.626
4	0.559
5	0.782
6	0.469
7	0.447
8	0.57
9	0.593
10	0.827
11	0.905
12	1.241
13	0.548
14	0.838
15	1.118
16	1.946
17	2.124
18	0.961
19	1.386
20	1.453
21	0.973
22	0.603
23	1.398
24	1.722
25	1.297
26	1.196
27	1.286
28	1.174
29	0.369
30	0.615
31	0.503
32	0.223
33	0.235
34	0.223
35	0.223
36	0.167
37	0.1
38	0.167
39	0.268
40	0.078
41	0.301
42	0.268
43	0.279
44	0.067
45	0.055
46	0.134
47	0.067
48	0.0
49	0.0
50	0.0
51	0.0
52	0.0
53	0.0
54	0.0
55	0.0
56	0.0
57	0.0
58	0.0
59	0.0
60	0.0
61	0.0
62	0.0
63	0.0
64	0.0
65	0.0
66	0.0
67	0.0
68	0.0
69	0.0
70	0.0
71	0.0
72	0.0
73	0.0
74	0.0
75	0.0
76	0.0
77	0.0
78	0.0
79	0.0
80	0.0
81	0.0
82	0.0
83	0.0
84	0.0
85	0.0
86	0.0
87	0.0
88	0.0
89	0.0
90	0.0
91	0.0
92	0.0
93	0.0
94	0.0
95	0.0
96	0.0
97	0.0
98	0.0
99	0.0
100	0.0
101	0.0
102	0.0
103	0.0
104	0.0
105	0.0
106	0.0
107	0.0
108	0.0
109	0.0
110	0.0
111	0.0
112	0.0
113	0.0
114	0.0
115	0.004
116	0.0
117	0.0
118	0.003
119	1.153
120	0.594
121	0.0
122	0.0
123	0.685
124	0.304
125	1.106
126	4.246
127	4.708
128	4.708
129	4.44
130	6.475
131	15.635
132	17.927
133	14.293
134	12.324
135	16.63
136	2.874
137	11.452
138	5.938
139	8.242
140	5.614
141	7.28
142	18.084
143	12.447
144	25.029
145	26.83
146	32.948
147	38.137
148	39.613
149	48.594
150	38.987
151	46.268
152	43.55
153	40.575
154	48.035
155	45.787
156	45.407
157	43.226
158	45.921
159	35.9
160	35.9
161	38.517
162	33.048
163	29.827
164	37.779
165	52.631
166	40.005
167	38.495
168	28.351
169	29.145
170	43.561
171	50.965
172	38.383
173	29.57
174	41.559
175	37.074
176	34.938
177	12.939
178	0.95
179	3.914
180	4.406
181	8.411
182	13.197
183	24.302
184	38.629
185	51.177
186	29.033
187	41.761
188	37.634
189	30.386
190	32.523
191	22.837
192	22.837
193	14.774
194	15.254
195	16.239
196	14.472
197	21.048
198	18.42
199	20.623
200	23.217
201	29.346
202	31.248
203	33.149
204	32.981
205	29.883
206	29.022
207	26.897
208	26.897
209	17.603
210	13.23
211	9.361
212	6.05
213	12.291
214	9.461
215	6.117
216	8.309
217	6.441
218	6.218
219	7.168
220	10.635
221	9.774
222	4.395
223	4.395
224	6.106
225	8.824
226	7.739
227	3.511
228	14.839
229	9.405
230	7.515
231	10.02
232	8.332
233	2.214
234	0.883
235	0.346
236	1.487
237	1.588
238	4.015
239	1.319
