0	1.476
1	0.873
2	0.939
3	0.995
4	1.33
5	1.576
6	1.364
7	1.442
8	1.151
9	0.961
10	1.722
11	1.655
12	1.89
13	2.046
14	2.08
15	3.433
16	1.822
17	2.874
18	3.232
19	3.701
20	3.456
21	3.008
22	2.136
23	3.489
24	3.522
25	3.556
26	3.008
27	3.008
28	3.455
29	3.623
30	3.578
31	3.88
32	3.355
33	3.064
34	3.042
35	2.997
36	3.366
37	3.131
38	3.624
39	2.494
40	1.745
41	2.259
42	2.606
43	1.755
44	2.136
45	1.811
46	1.867
47	2.326
48	2.482
49	3.153
50	2.941
51	2.93
52	3.03
53	2.773
54	3.176
55	3.455
56	2.214
57	2.527
58	3.22
59	2.628
60	3.03
61	2.808
62	3.232
63	2.974
64	2.203
65	2.404
66	3.355
67	3.165
68	3.12
69	3.344
70	3.489
71	3.031
72	2.853
73	3.535
74	4.8
75	3.94
76	1.745
77	1.699
78	1.784
79	1.666
80	1.858
81	0.905
82	1.767
83	1.756
84	1.834
85	1.028
86	0.782
87	0.447
88	1.822
89	1.453
90	1.554
91	1.319
92	1.442
93	1.409
94	1.543
95	2.024
96	1.476
97	3.265
98	3.992
99	1.699
100	0.984
101	0.95
102	0.603
103	0.581
104	0.447
105	0.212
106	0.212
107	0.38
108	0.671
109	1.442
110	1.498
111	2.136
112	2.494
113	1.845
114	1.755
115	2.986
116	3.086
117	1.487
118	2.292
119	2.303
120	1.878
121	1.878
122	2.494
123	3.668
124	2.796
125	4.507
126	4.742
127	4.104
128	4.216
129	4.954
130	5.838
131	6.565
132	5.29
133	5.458
134	4.485
135	3.489
136	2.751
137	3.22
138	3.143
139	4.283
140	6.509
141	5.871
142	6.374
143	6.732
144	5.055
145	3.064
146	3.153
147	3.355
148	2.706
149	2.292
150	1.576
151	0.616
152	0.402
153	0.738
154	1.096
155	0.939
156	1.521
157	1.476
158	1.163
159	1.722
160	2.774
161	2.27
162	2.192
163	1.89
164	1.062
165	1.096
166	2.069
167	4.285
168	4.061
169	3.832
170	2.639
171	2.538
172	4.418
173	6.52
174	6.24
175	6.218
176	6.106
177	4.004
178	3.176
179	5.491
180	5.48
181	5.145
182	2.93
183	5.782
184	6.553
185	5.29
186	4.428
187	6.016
188	2.684
189	2.751
190	1.901
191	4.932
192	5.905
193	6.553
194	6.9
195	4.328
196	6.855
197	7.47
198	5.58
199	3.813
200	3.489
201	4.607
202	5.189
203	4.652
204	4.283
205	2.874
206	3.299
207	2.561
208	3.366
209	3.724
210	4.73
211	3.735
212	2.393
213	3.735
214	4.35
215	4.205
216	3.824
217	4.171
218	2.784
219	2.102
220	2.594
221	2.72
222	1.946
223	2.047
224	1.342
225	1.658
226	1.576
227	2.539
228	4.155
229	5.155
230	2.829
231	1.856
232	1.498
233	1.375
234	3.042
235	2.717
236	2.124
237	2.225
238	2.695
239	2.013
