0	6.532
1	7.347
2	7.571
3	4.988
4	1.297
5	0.771
6	3.411
7	2.773
8	4.059
9	2.471
10	2.516
11	2.001
12	2.024
13	2.885
14	4.484
15	8.611
16	6.922
17	8.835
18	7.538
19	10.691
20	10.803
21	8.991
22	6.587
23	6.788
24	6.263
25	4.182
26	4.015
27	4.115
28	3.645
29	5.826
30	5.692
31	6.14
32	9.204
33	9.092
34	7.974
35	6.386
36	6.9
37	6.419
38	3.847
39	7.113
40	7.482
41	5.77
42	3.086
43	2.494
44	6.643
45	6.52
46	0.961
47	2.303
48	2.348
49	2.684
50	7.303
51	5.961
52	5.938
53	3.276
54	4.697
55	4.003
56	0.682
57	0.738
58	2.505
59	6.799
60	6.934
61	2.348
62	4.507
63	2.08
64	1.655
65	0.055
66	0.067
67	0.1
68	0.123
69	0.212
70	0.257
71	0.111
72	0.0
73	0.0
74	0.0
75	0.0
76	0.458
77	1.051
78	1.835
79	1.867
80	0.111
81	0.0
82	0.314
83	4.283
84	4.149
85	6.263
86	6.386
87	9.607
88	7.482
89	10.356
90	9.338
91	6.352
92	8.512
93	14.493
94	11.843
95	11.005
96	14.137
97	16.854
98	19.873
99	18.654
100	20.153
101	17.391
102	15.221
103	15.31
104	14.438
105	11.664
106	12.022
107	18.095
108	19.214
109	12.917
110	7.079
111	9.327
112	12.056
113	6.945
114	9.193
115	7.034
116	5.2
117	7.605
118	8.41
119	7.728
120	5.502
121	5.278
122	9.551
123	6.9
124	1.375
125	1.498
126	0.615
127	1.096
128	1.263
129	1.632
130	4.697
131	4.999
132	3.556
133	6.14
134	9.774
135	7.314
136	4.54
137	4.294
138	3.321
139	8.332
140	7.851
141	14.237
142	8.186
143	10.121
144	4.63
145	2.952
146	4.965
147	5.01
148	1.934
149	1.498
150	2.113
151	0.905
152	1.073
153	3.377
154	1.599
155	6.721
156	8.533
157	6.62
158	7.94
159	7.124
160	5.647
161	2.214
162	2.158
163	3.455
164	10.96
165	14.427
166	17.346
167	10.3
168	8.365
169	14.74
170	9.394
171	9.226
172	4.89
173	8.697
174	8.144
175	7.63
176	6.676
177	7.09
178	3.489
179	9.072
180	10.624
181	3.657
182	3.468
183	4.865
184	13.264
185	15.693
186	16.698
187	14.953
188	10.524
189	6.229
190	3.959
191	3.534
192	3.12
193	3.276
194	3.78
195	5.457
196	5.972
197	5.851
198	5.468
199	5.312
200	10.278
201	15.981
202	12.783
203	14.472
204	11.676
205	12.727
206	5.189
207	5.401
208	4.138
209	6.163
210	4.596
211	5.234
212	2.158
213	2.326
214	3.153
215	3.243
216	4.339
217	8.32
218	10.222
219	16.597
220	13.993
221	15.735
222	8.936
223	8.354
224	5.916
225	5.021
226	3.344
227	7.325
228	8.611
229	8.086
230	7.884
231	5.558
232	3.165
233	3.467
234	2.113
235	2.874
236	1.946
237	1.621
238	1.767
239	3.12
