0	2.214
1	2.561
2	1.89
3	2.538
4	3.578
5	6.028
6	4.462
7	3.567
8	4.563
9	3.769
10	3.444
11	5.122
12	8.443
13	6.922
14	7.101
15	9.103
16	9.573
17	4.742
18	4.909
19	3.5
20	4.35
21	6.844
22	5.882
23	6.274
24	7.907
25	7.482
26	5.547
27	7.236
28	5.625
29	6.721
30	6.251
31	6.374
32	5.592
33	7.135
34	7.09
35	7.045
36	6.531
37	6.967
38	7.795
39	8.466
40	6.934
41	4.797
42	6.184
43	5.312
44	5.715
45	5.457
46	5.625
47	7.09
48	4.462
49	7.113
50	6.509
51	5.938
52	4.037
53	1.308
54	2.136
55	3.5
56	7.828
57	4.708
58	4.618
59	6.475
60	4.976
61	5.043
62	4.182
63	4.932
64	6.363
65	5.312
66	6.654
67	4.618
68	3.892
69	3.567
70	4.182
71	5.625
72	3.332
73	3.634
74	6.173
75	7.828
76	7.045
77	8.153
78	7.258
79	6.374
80	10.032
81	10.155
82	8.812
83	9.73
84	8.902
85	10.658
86	7.448
87	7.996
88	7.18
89	9.73
90	8.097
91	10.043
92	8.432
93	7.739
94	9.327
95	9.081
96	7.661
97	9.439
98	9.573
99	11.944
100	10.065
101	10.971
102	10.378
103	8.365
104	8.22
105	8.231
106	8.443
107	8.488
108	7.515
109	9.461
110	7.817
111	6.656
112	9.525
113	9.525
114	11.664
115	11.608
116	11.855
117	11.855
118	9.473
119	0.011
120	0.011
121	0.011
122	0.0
123	0.0
124	2.124
125	2.124
126	2.18
127	1.286
128	0.346
129	0.6
130	1.482
131	4.283
132	4.518
133	4.742
134	4.317
135	5.536
136	2.404
137	2.751
138	1.342
139	0.38
140	0.0
141	0.156
142	2.17
143	0.671
144	0.033
145	0.0
146	0.335
147	4.026
148	7.504
149	6.285
150	4.899
151	2.494
152	3.265
153	6.978
154	5.737
155	7.806
156	4.417
157	6.006
158	7.649
159	6.072
160	6.296
161	6.878
162	7.068
163	6.419
164	6.688
165	7.18
166	6.207
167	4.663
168	3.702
169	3.601
170	3.276
171	3.22
172	2.538
173	3.802
174	3.445
175	4.037
176	3.265
177	3.355
178	3.757
179	3.109
180	3.321
181	3.936
182	5.178
183	5.949
184	6.43
185	7.404
186	8.276
187	7.258
188	6.363
189	2.773
190	3.03
191	3.176
192	3.198
193	2.919
194	1.946
195	1.834
196	1.543
197	1.297
198	1.073
199	1.8
200	1.924
201	1.968
202	2.292
203	2.583
204	2.471
205	3.836
206	3.612
207	3.735
208	4.037
209	4.797
210	5.961
211	3.455
212	1.185
213	0.95
214	1.163
215	0.816
216	0.782
217	0.726
218	0.805
219	1.097
220	1.017
221	0.268
222	0.369
223	1.006
224	1.12
225	0.268
226	0.346
227	1.062
228	0.771
229	0.581
230	0.067
231	0.827
232	0.078
233	0.0
234	0.424
235	1.543
236	0.536
237	1.028
238	1.319
239	1.04
