0	8.969
1	7.784
2	9.741
3	8.701
4	8.678
5	10.367
6	9.696
7	8.757
8	6.934
9	7.761
10	8.88
11	7.482
12	8.701
13	8.634
14	9.685
15	9.237
16	8.891
17	10.647
18	10.982
19	10.971
20	9.607
21	5.603
22	8.712
23	8.32
24	10.423
25	9.595
26	9.987
27	9.148
28	8.511
29	11.597
30	9.148
31	12.011
32	12.526
33	10.736
34	10.11
35	8.645
36	8.309
37	10.322
38	5.446
39	11.989
40	8.902
41	14.013
42	12.895
43	11.922
44	10.669
45	9.484
46	12.369
47	10.188
48	7.739
49	9.976
50	8.902
51	8.32
52	4.585
53	4.697
54	5.86
55	7.336
56	7.09
57	7.247
58	12.313
59	8.947
60	8.969
61	9.148
62	8.667
63	5.167
64	6.061
65	7.535
66	7.045
67	7.124
68	7.045
69	7.045
70	4.809
71	5.793
72	6.934
73	8.432
74	6.643
75	6.643
76	7.828
77	8.298
78	8.499
79	7.157
80	5.267
81	7.224
82	5.457
83	6.374
84	5.614
85	7.515
86	7.94
87	5.815
88	5.189
89	5.77
90	6.095
91	6.922
92	3.914
93	10.696
94	8.88
95	10.043
96	4.954
97	6.363
98	5.323
99	6.922
100	10.423
101	6.934
102	9.472
103	8.455
104	15.668
105	17.771
106	10.434
107	7.314
108	12.369
109	5.972
110	3.321
111	3.836
112	6.855
113	6.195
114	6.363
115	9.316
116	8.533
117	11.866
118	13.745
119	9.563
120	5.043
121	6.307
122	9.774
123	10.423
124	11.038
125	10.58
126	6.173
127	11.608
128	8.824
129	11.978
130	12.66
131	11.989
132	8.041
133	7.963
134	14.136
135	10.635
136	7.918
137	6.654
138	7.291
139	8.768
140	9.696
141	7.314
142	7.806
143	8.22
144	8.097
145	9.484
146	9.126
147	5.703
148	7.068
149	7.716
150	7.851
151	5.994
152	5.482
153	4.652
154	5.681
155	6.576
156	5.345
157	9.081
158	5.312
159	5.256
160	2.404
161	2.449
162	3.69
163	3.097
164	2.471
165	4.305
166	5.021
167	8.913
168	9.991
169	11.318
170	8.611
171	9.539
172	8.97
173	6.497
174	5.502
175	6.565
176	9.416
177	9.819
178	7.314
179	6.587
180	5.345
181	11.787
182	12.447
183	16.328
184	13.522
185	20.891
186	22.848
187	14.237
188	9.293
189	5.961
190	14.684
191	10.367
192	0.033
193	4.16
194	9.506
195	8.701
196	26.461
197	19.325
198	18.151
199	16.283
200	17.357
201	17.804
202	11.676
203	11.385
204	11.34
205	8.141
206	7.963
207	8.052
208	9.204
209	8.969
210	9.07
211	8.79
212	10.367
213	8.108
214	8.466
215	10.356
216	9.886
217	10.043
218	10.882
219	9.797
220	10.199
221	11.498
222	11.275
223	9.394
224	8.812
225	8.768
226	8.791
227	9.439
228	10.624
229	11.34
230	12.369
231	17.737
232	24.548
233	23.631
234	28.508
235	28.194
236	24.906
237	21.294
238	23.285
239	17.67
