0	6.441
1	8.757
2	10.076
3	6.386
4	4.775
5	4.216
6	4.999
7	5.178
8	6.62
9	8.757
10	8.924
11	7.392
12	4.831
13	9.416
14	11.474
15	10.803
16	17.86
17	22.244
18	10.255
19	13.208
20	5.312
21	11.396
22	17.033
23	16.574
24	3.645
25	17.592
26	18.71
27	17.581
28	13.465
29	14.103
30	11.195
31	15.389
32	14.751
33	11.81
34	11.81
35	8.969
36	10.244
37	10.188
38	13.118
39	13.879
40	10.389
41	12.19
42	14.427
43	17.715
44	17.335
45	15.769
46	13.655
47	14.897
48	15.679
49	9.763
50	12.022
51	11.038
52	12.157
53	11.664
54	9.629
55	9.237
56	10.266
57	9.45
58	3.433
59	1.521
60	1.118
61	3.12
62	3.097
63	2.672
64	1.118
65	1.028
66	0.369
67	0.29
68	0.201
69	0.089
70	0.011
71	0.0
72	0.29
73	0.29
74	0.022
75	0.973
76	0.928
77	1.511
78	0.246
79	0.48
80	0.503
81	0.29
82	0.223
83	0.212
84	0.38
85	0.838
86	0.897
87	0.224
88	0.782
89	0.816
90	0.738
91	0.637
92	0.357
93	0.201
94	0.346
95	0.335
96	0.514
97	0.145
98	0.167
99	0.0
100	0.0
101	0.145
102	0.134
103	0.089
104	0.1
105	0.111
106	0.279
107	0.616
108	1.443
109	1.89
110	1.364
111	0.715
112	0.995
113	2.013
114	0.838
115	2.001
116	1.375
117	0.514
118	0.212
119	0.492
120	0.19
121	0.156
122	0.212
123	0.1
124	0.011
125	0.033
126	0.0
127	1.04
128	2.752
129	2.393
130	1.968
131	0.581
132	0.503
133	1.252
134	2.696
135	4.283
136	4.489
137	3.404
138	5.945
139	3.524
140	3.545
141	2.851
142	1.364
143	0.648
144	0.212
145	0.424
146	2.931
147	1.386
148	1.778
149	2.046
150	2.359
151	2.661
152	2.169
153	2.08
154	1.722
155	1.23
156	0.48
157	0.503
158	0.38
159	0.201
160	0.134
161	0.301
162	0.279
163	0.581
164	0.626
165	0.548
166	0.626
167	0.659
168	0.838
169	1.699
170	3.142
171	0.1
172	0.704
173	1.465
174	2.147
175	3.109
176	3.5
177	2.773
178	5.435
179	4.663
180	2.449
181	4.317
182	3.49
183	3.332
184	4.876
185	3.053
186	3.981
187	3.097
188	4.529
189	5.748
190	3.746
191	5.905
192	3.713
193	5.782
194	3.78
195	4.115
196	6.475
197	4.73
198	4.328
199	6.9
200	7.202
201	2.046
202	2.885
203	4.909
204	2.974
205	6.688
206	2.236
207	0.771
208	1.644
209	2.057
210	1.688
211	1.845
212	0.939
213	4.686
214	3.075
215	1.655
216	0.849
217	1.163
218	1.028
219	1.297
220	1.174
221	0.514
222	0.458
223	0.525
224	0.514
225	0.693
226	0.548
227	0.961
228	0.682
229	0.212
230	0.212
231	0.234
232	0.145
233	0.29
234	0.055
235	0.022
236	0.514
237	0.739
238	1.064
239	0.705
