0	0.022
1	0.313
2	0.268
3	0.301
4	0.458
5	0.369
6	0.369
7	0.413
8	0.413
9	0.413
10	0.424
11	0.424
12	0.48
13	0.682
14	0.838
15	1.231
16	1.566
17	2.069
18	0.346
19	0.033
20	0.134
21	0.19
22	0.313
23	0.391
24	0.436
25	0.313
26	0.313
27	0.682
28	0.224
29	0.313
30	0.391
31	0.436
32	0.447
33	0.436
34	0.458
35	0.559
36	0.939
37	1.185
38	1.565
39	0.055
40	0.101
41	0.246
42	0.413
43	0.458
44	0.458
45	0.369
46	0.424
47	0.413
48	0.436
49	0.424
50	0.38
51	0.424
52	0.447
53	0.436
54	0.349
55	0.279
56	0.357
57	0.413
58	0.38
59	0.391
60	0.436
61	0.402
62	0.402
63	0.413
64	0.369
65	0.38
66	0.424
67	0.424
68	0.424
69	0.38
70	0.413
71	0.413
72	0.424
73	0.391
74	0.315
75	0.403
76	0.358
77	0.391
78	0.424
79	0.424
80	0.391
81	0.402
82	0.402
83	2.949
84	10.982
85	11.687
86	9.327
87	8.611
88	13.364
89	13.868
90	12.559
91	13.32
92	9.014
93	14.595
94	14.013
95	15.702
96	16.339
97	16.071
98	14.853
99	13.712
100	10.535
101	11.631
102	10.39
103	10.76
104	11.922
105	10.199
106	10.133
107	12.135
108	11.978
109	9.428
110	11.273
111	13.331
112	11.944
113	12.425
114	12.123
115	12.582
116	13.297
117	15.076
118	12.391
119	14.584
120	15.523
121	14.807
122	15.243
123	16.574
124	18.398
125	17.022
126	18.051
127	13.163
128	18.308
129	16.585
130	13.197
131	12.816
132	13.051
133	10.826
134	12.76
135	13.051
136	13.342
137	12.772
138	15.02
139	16.496
140	16.82
141	14.706
142	13.745
143	13.387
144	12.626
145	13.98
146	13.096
147	12.503
148	13.801
149	12.66
150	13.353
151	12.705
152	12.022
153	12.414
154	8.555
155	11.362
156	13.722
157	13.051
158	13.241
159	9.003
160	9.942
161	12.335
162	10.96
163	12.716
164	9.305
165	11.843
166	13.006
167	11.743
168	13.051
169	13.868
170	12.649
171	12.201
172	12.66
173	14.214
174	11.251
175	12.693
176	13.487
177	10.714
178	15.858
179	13.957
180	7.486
181	12.045
182	11.597
183	12.257
184	10.49
185	14.718
186	12.839
187	14.248
188	10.323
189	15.355
190	13.532
191	14.751
192	16.496
193	15.31
194	16.44
195	14.774
196	16.339
197	16.339
198	15.769
199	17.48
200	15.892
201	19.124
202	12.962
203	21.786
204	23.655
205	18.042
206	23.427
207	23.571
208	23.162
209	21.283
210	20.668
211	20.533
212	19.18
213	14.304
214	18.878
215	19.191
216	20.41
217	17.995
218	20.947
219	17.033
220	20.556
221	18.621
222	17.637
223	8.566
224	13.241
225	11.396
226	15.143
227	19.784
228	18.99
229	19.023
230	14.114
231	18.677
232	10.859
233	6.822
234	6.475
235	6.844
236	11.955
237	9.361
238	6.084
239	5.312
