0	1.151
1	0.782
2	0.715
3	0.939
4	1.453
5	1.778
6	1.263
7	0.883
8	1.151
9	1.398
10	1.733
11	2.236
12	2.661
13	2.628
14	2.449
15	2.874
16	2.426
17	2.863
18	3.176
19	3.176
20	2.516
21	3.008
22	3.422
23	3.366
24	3.78
25	3.209
26	3.332
27	2.024
28	3.467
29	4.361
30	6.587
31	4.372
32	3.198
33	2.449
34	2.583
35	2.762
36	2.829
37	2.494
38	2.549
39	2.281
40	2.303
41	2.74
42	3.031
43	3.489
44	3.511
45	3.299
46	2.986
47	3.679
48	2.527
49	3.344
50	3.344
51	3.623
52	3.623
53	3.053
54	2.494
55	0.156
56	0.0
57	0.0
58	19.08
59	18.453
60	22.412
61	16.474
62	23.117
63	19.404
64	19.404
65	18.174
66	21.719
67	21.518
68	19.583
69	17.258
70	18.311
71	15.496
72	15.496
73	0.0
74	0.0
75	0.0
76	0.026
77	0.231
78	0.0
79	0.0
80	0.0
81	0.851
82	1.017
83	1.207
84	1.364
85	1.453
86	1.711
87	1.834
88	2.326
89	2.728
90	0.391
91	1.174
92	0.648
93	1.733
94	0.894
95	4.932
96	2.851
97	3.019
98	2.247
99	1.431
100	1.789
101	2.303
102	0.436
103	1.096
104	0.917
105	0.827
106	2.494
107	7.18
108	8.149
109	7.974
110	7.806
111	3.22
112	5.457
113	7.045
114	3.064
115	1.666
116	3.288
117	3.31
118	2.057
119	4.518
120	2.505
121	3.12
122	3.634
123	3.22
124	1.834
125	1.834
126	2.057
127	1.386
128	2.516
129	0.805
130	4.674
131	3.03
132	4.753
133	3.243
134	3.31
135	1.084
136	2.315
137	2.583
138	2.583
139	2.192
140	7.258
141	12.107
142	8.779
143	11.262
144	6.173
145	2.579
146	4.63
147	4.149
148	3.623
149	3.847
150	3.847
151	3.22
152	1.409
153	1.42
154	2.829
155	3.992
156	3.578
157	4.63
158	3.679
159	1.979
160	2.796
161	2.796
162	3.165
163	3.981
164	2.807
165	1.99
166	2.315
167	4.249
168	3.31
169	1.04
170	2.281
171	2.639
172	0.581
173	0.581
174	2.259
175	3.701
176	3.981
177	3.332
178	2.527
179	3.355
180	5.144
181	5.873
182	3.176
183	3.265
184	3.165
185	3.165
186	1.834
187	2.482
188	5.513
189	4.697
190	2.549
191	1.767
192	1.979
193	1.89
194	3.064
195	4.92
196	4.92
197	2.404
198	4.059
199	5.222
200	4.674
201	5.088
202	5.345
203	1.923
204	0.514
205	0.011
206	0.436
207	0.436
208	0.704
209	0.503
210	0.257
211	1.856
212	3.69
213	4.742
214	6.52
215	2.717
216	2.952
217	2.84
218	2.84
219	1.878
220	2.404
221	8.723
222	17.458
223	16.418
224	14.158
225	15.333
226	16.406
227	14.617
228	14.617
229	14.449
230	20.791
231	28.72
232	28.832
233	14.841
234	15.355
235	20.354
236	21.07
237	21.752
238	21.752
239	18.867
