0	0.0
1	0.0
2	0.0
3	0.0
4	0.0
5	0.0
6	0.0
7	0.0
8	0.0
9	0.0
10	0.0
11	0.0
12	0.0
13	0.0
14	0.0
15	0.0
16	0.0
17	0.0
18	0.0
19	0.0
20	0.005
21	0.129
22	0.092
23	0.092
24	0.09
25	0.089
26	0.123
27	0.123
28	0.044
29	0.413
30	0.492
31	0.514
32	0.458
33	1.241
34	1.04
35	1.23
36	2.617
37	1.073
38	0.771
39	0.615
40	1.588
41	0.816
42	0.939
43	1.006
44	0.738
45	0.738
46	1.688
47	1.476
48	2.348
49	2.348
50	3.69
51	2.113
52	1.89
53	2.784
54	2.18
55	0.726
56	0.335
57	0.268
58	0.313
59	0.279
60	0.357
61	0.134
62	0.0
63	0.19
64	0.424
65	0.044
66	0.268
67	1.778
68	2.818
69	0.335
70	0.19
71	0.827
72	0.536
73	1.398
74	1.353
75	0.738
76	1.028
77	0.011
78	0.0
79	0.0
80	0.782
81	1.342
82	0.402
83	0.514
84	1.621
85	0.682
86	0.413
87	0.365
88	0.873
89	0.664
90	0.067
91	0.0
92	0.482
93	0.043
94	0.402
95	0.335
96	0.1
97	0.134
98	0.223
99	0.626
100	0.223
101	1.006
102	0.615
103	0.044
104	0.0
105	0.033
106	0.894
107	0.928
108	1.028
109	1.286
110	0.57
111	0.95
112	1.252
113	1.912
114	1.89
115	3.791
116	4.73
117	2.974
118	4.909
119	4.708
120	6.665
121	11.474
122	7.94
123	12.514
124	3.869
125	7.862
126	8.479
127	2.639
128	4.015
129	2.907
130	1.207
131	2.069
132	1.632
133	2.069
134	2.986
135	2.695
136	2.639
137	0.011
138	0.0
139	0.0
140	0.0
141	0.0
142	0.0
143	0.0
144	0.0
145	0.0
146	0.0
147	0.0
148	0.0
149	0.0
150	0.0
151	0.0
152	0.0
153	0.011
154	0.0
155	0.0
156	0.0
157	0.0
158	0.0
159	0.0
160	0.0
161	0.0
162	0.0
163	0.0
164	11.455
165	8.063
166	8.063
167	2.863
168	1.867
169	2.617
170	3.12
171	1.375
172	1.006
173	2.594
174	1.274
175	0.134
176	0.536
177	0.603
178	0.089
179	0.0
180	0.391
181	0.0
182	0.011
183	0.424
184	0.167
185	0.313
186	0.0
187	0.156
188	0.134
189	0.0
190	0.0
191	0.0
192	0.223
193	0.246
194	0.123
195	0.067
196	0.301
197	0.067
198	0.346
199	0.067
200	0.167
201	0.223
202	0.0
203	0.0
204	0.0
205	0.0
206	0.0
207	0.0
208	0.0
209	0.0
210	0.0
211	0.0
212	0.0
213	0.0
214	0.0
215	0.0
216	0.0
217	0.0
218	0.0
219	0.0
220	0.0
221	0.0
222	0.0
223	0.0
224	0.0
225	0.0
226	0.0
227	0.0
228	0.0
229	0.0
230	0.0
231	0.0
232	0.0
233	0.0
234	0.0
235	0.0
236	0.058
237	0.0
238	0.0
239	4.094
