0	12.995
1	12.995
2	7.705
3	8.298
4	6.688
5	6.922
6	4.909
7	4.909
8	8.007
9	13.767
10	5.245
11	1.946
12	4.44
13	4.44
14	1.185
15	1.644
16	3.142
17	3.109
18	1.946
19	2.471
20	2.471
21	7.057
22	9.763
23	8.309
24	10.759
25	8.264
26	0.38
27	0.38
28	0.111
29	1.912
30	1.398
31	1.353
32	1.599
33	0.0
34	0.011
35	0.011
36	1.856
37	3.131
38	1.666
39	2.661
40	0.995
41	6.263
42	4.138
43	4.138
44	5.088
45	4.92
46	4.428
47	1.096
48	1.666
49	0.201
50	1.89
51	2.639
52	3.746
53	2.024
54	0.838
55	0.044
56	0.1
57	0.067
58	0.369
59	0.223
60	0.0
61	0.0
62	0.0
63	0.0
64	0.011
65	0.0
66	0.0
67	0.0
68	0.0
69	0.0
70	0.0
71	0.0
72	0.0
73	0.005
74	0.0
75	0.0
76	0.0
77	0.0
78	0.0
79	1.677
80	2.349
81	1.957
82	1.711
83	3.567
84	3.153
85	5.468
86	4.54
87	5.625
88	4.059
89	2.124
90	2.303
91	3.22
92	3.522
93	2.124
94	1.867
95	1.398
96	3.59
97	2.941
98	3.522
99	3.724
100	2.706
101	2.572
102	1.207
103	1.498
104	1.297
105	1.476
106	2.08
107	2.348
108	2.505
109	3.142
110	3.03
111	3.668
112	3.377
113	3.265
114	3.176
115	2.337
116	3.097
117	3.489
118	2.952
119	4.205
120	3.824
121	3.78
122	2.796
123	2.069
124	1.688
125	1.867
126	1.61
127	1.565
128	1.677
129	1.286
130	1.286
131	1.666
132	1.733
133	1.666
134	1.923
135	2.438
136	2.583
137	1.822
138	1.565
139	2.147
140	2.236
141	2.113
142	2.091
143	2.672
144	2.091
145	1.934
146	2.494
147	2.639
148	2.952
149	2.326
150	1.733
151	1.856
152	2.069
153	2.807
154	3.634
155	3.59
156	3.12
157	2.449
158	3.019
159	2.661
160	2.292
161	2.706
162	3.03
163	1.599
164	1.834
165	1.219
166	1.163
167	1.845
168	1.632
169	0.961
170	0.995
171	0.559
172	1.342
173	0.134
174	0.413
175	0.089
176	0.0
177	0.011
178	0.011
179	0.011
180	0.0
181	0.0
182	0.0
183	0.0
184	0.0
185	0.0
186	0.0
187	0.0
188	0.0
189	0.0
190	0.0
191	0.0
192	0.0
193	3.448
194	16.239
195	17.189
196	16.731
197	12.962
198	11.664
199	15.624
200	16.552
201	21.562
202	18.531
203	24.448
204	24.213
205	19.672
206	19.661
207	19.337
208	17.033
209	19.907
210	20.298
211	19.202
212	14.214
213	16.25
214	15.433
215	17.133
216	19.706
217	18.297
218	22.244
219	19.37
220	24.515
221	17.187
222	9.089
223	13.353
224	22.289
225	20.902
226	42.309
227	42.309
228	42.127
229	42.118
230	42.096
231	41.794
232	42.297
233	42.13
234	39.792
235	42.141
236	36.739
237	42.309
238	40.933
239	42.566
