0	0.413
1	0.279
2	0.1
3	0.157
4	0.044
5	0.1
6	0.033
7	0.044
8	0.033
9	0.011
10	0.022
11	0.022
12	0.044
13	0.033
14	0.011
15	0.011
16	0.011
17	0.078
18	0.011
19	0.0
20	0.011
21	0.067
22	0.091
23	0.055
24	0.203
25	0.169
26	0.369
27	0.622
28	0.044
29	0.046
30	0.28
31	0.29
32	0.134
33	0.0
34	0.0
35	0.0
36	0.0
37	0.067
38	0.0
39	0.0
40	0.0
41	0.011
42	0.011
43	0.0
44	0.056
45	0.033
46	0.022
47	0.055
48	0.605
49	0.044
50	0.38
51	1.07
52	0.682
53	0.402
54	0.111
55	0.212
56	0.357
57	0.559
58	0.816
59	0.234
60	0.592
61	0.313
62	0.223
63	0.178
64	1.554
65	0.782
66	1.678
67	0.48
68	0.525
69	0.771
70	0.257
71	0.234
72	0.123
73	1.778
74	4.468
75	6.397
76	5.916
77	5.469
78	2.527
79	1.711
80	1.353
81	0.324
82	1.163
83	0.782
84	0.894
85	1.242
86	3.701
87	3.265
88	4.865
89	3.445
90	2.113
91	0.525
92	0.704
93	0.726
94	0.57
95	0.145
96	0.078
97	0.167
98	0.324
99	0.257
100	0.078
101	0.111
102	0.022
103	1.711
104	0.637
105	0.57
106	0.178
107	0.571
108	0.637
109	0.525
110	0.48
111	0.939
112	1.118
113	0.693
114	0.615
115	0.201
116	0.123
117	1.487
118	1.867
119	1.129
120	0.055
121	0.872
122	0.391
123	1.42
124	2.672
125	3.601
126	5.39
127	4.216
128	4.339
129	3.109
130	1.207
131	0.447
132	0.704
133	0.928
134	0.939
135	1.263
136	1.263
137	0.704
138	0.212
139	0.156
140	0.704
141	0.178
142	0.469
143	1.275
144	0.603
145	1.934
146	2.236
147	1.118
148	1.778
149	2.147
150	0.324
151	0.089
152	0.492
153	0.346
154	0.301
155	0.424
156	0.313
157	0.055
158	0.067
159	0.055
160	0.201
161	0.346
162	0.301
163	1.376
164	1.442
165	1.61
166	0.726
167	0.29
168	0.078
169	0.111
170	0.156
171	0.145
172	0.1
173	0.167
174	0.044
175	0.022
176	0.033
177	0.067
178	0.346
179	0.536
180	0.335
181	0.223
182	0.592
183	0.548
184	0.413
185	0.458
186	0.246
187	0.212
188	0.067
189	0.011
190	0.626
191	1.085
192	1.666
193	0.883
194	0.348
195	0.771
196	0.313
197	0.995
198	1.263
199	0.011
200	0.0
201	0.0
202	0.145
203	0.223
204	0.201
205	0.357
206	0.402
207	0.212
208	0.973
209	0.357
210	0.089
211	0.089
212	0.078
213	0.089
214	0.178
215	0.458
216	0.279
217	0.223
218	0.212
219	0.0
220	0.246
221	0.693
222	0.503
223	0.178
224	0.055
225	0.034
226	0.011
227	0.089
228	0.134
229	0.145
230	0.1
231	0.134
232	0.1
233	0.0
234	0.0
235	0.313
236	0.861
237	1.096
238	1.274
239	1.185
