0 2.226692035879315
9.0 2.4548996104285283
11.0 2.163189860047531
19.0 2.0267194458189017
21.0 1.995129079396006
29.0 2.4301394245031145
31.0 1.9758803666184275
39.0 2.8593368237347296
40.0 2.3246311010215663
49.0 2.0807721615443233
51.0 0.7101863892501084
67.0 0.7192273924495171
69.0 1.4662609629497048
83.0 2.046465151136647
91.0 2.633236901317904
101.0 2.6468497576736674
111.0 2.4251036116045
121.0 2.568025078369906
131.0 2.4541641701617736
141.0 2.3325740318906605
151.0 3.3781443298969074
161.0 2.354022988505747
161.0 3.250793650793651
163.0 2.3299203640500568
171.0 2.8503827418232426
174.0 1.4576512455516015
183.0 1.1288411189196639
188.0 1.7341236240474174
192.0 3.090154658619389
193.0 2.407995296884186
201.0 2.1135190918472655
205.0 2.4801695428398425
