0 0.9418257070590941
2.0 2.683262364886996
6.0 1.7933450087565674
11.0 1.9659227261819054
17.0 1.9279830548364323
20.0 2.57286432160804
26.0 1.9532665712923225
30.0 2.4016417472881852
37.0 2.171216538563477
40.0 2.4726833685481435
46.0 1.9361852989836918
50.0 1.7260851243152127
58.0 1.7073780741975821
61.0 1.0353892821031345
71.0 0.6702667321224023
78.0 0.8948115783724742
84.0 3.7543538038496793
85.0 1.3793567940730764
92.0 2.5965134706814585
96.0 1.9011371547922953
100.0 1.5156336725254393
112.0 0.9589137305396233
112.0 3.100681302043906
116.0 0.9049933716305789
125.0 1.3513691850874296
129.0 1.457132692991818
132.0 2.449028400597907
136.0 1.579637485537987
141.0 2.6247997436719
146.0 1.5544592030360531
151.0 1.9042305904230594
157.0 1.5532802427000378
161.0 0.9947783849423195
171.0 1.1809139397434048
173.0 3.761248852157943
175.0 3.1350937619594337
179.0 0.9455216989843029
192.0 1.285624607658506
192.0 3.1962543893874362
196.0 1.850045167118338
201.0 2.5592002499218993
206.0 1.9453811446212301
210.0 2.162618796198522
