0 3.2201257861635217
1.0 2.136114732724902
3.0 3.052160953800298
4.0 2.798770071745815
7.0 3.1975019516003127
10.0 3.161713624083365
12.0 1.4631184140025004
15.0 3.202501954652072
15.0 2.960607155764366
18.0 3.1544089333846745
20.0 3.2050078247261347
22.0 2.4258217352679896
24.0 3.2794235388310646
26.0 2.12448132780083
33.0 1.4965290464011691
37.0 1.8788990825688072
43.0 1.8892988929889298
46.0 1.4710001795654517
57.0 0.9095148218052627
58.0 1.0464997445068982
67.0 1.2890637293469709
68.0 1.7152428810720268
76.0 1.017892644135189
77.0 2.9039347749025164
82.0 1.9467680608365017
86.0 1.5106029872764153
94.0 1.4197573656845754
97.0 1.6995850622406639
104.0 1.7070222963117314
106.0 1.9068901303538173
116.0 0.6356300434512725
122.0 1.9616858237547892
126.0 2.2787204450625866
133.0 2.0972862263184844
135.0 1.8318425760286223
144.0 1.217055415242906
148.0 1.886253741653235
153.0 1.2331777811229867
158.0 1.4550621669626997
167.0 0.8574419091480008
169.0 2.024215468248085
173.0 1.5479969765684052
177.0 2.061917946136421
182.0 2.0639959687578733
186.0 2.1366718831507563
192.0 1.8780375974323704
196.0 1.854232684472612
203.0 1.9725499638815316
206.0 1.047034764826176
