0 1.393671316774413
11.0 1.9739759036144575
19.0 1.2698806386606727
32.0 0.9232503099289981
44.0 3.173963580007749
48.0 1.6260420801905517
60.0 2.4945188794153474
69.0 2.0866021395822716
79.0 2.581783800819414
88.0 1.780095610604085
100.0 2.024215468248085
109.0 2.083948104807937
119.0 1.4563555555555556
131.0 1.1134973494630962
143.0 0.9406361235503502
154.0 1.8036107441655658
160.0 1.6915135246747883
170.0 1.7073780741975821
180.0 1.9361852989836918
190.0 1.74334964886146
200.0 1.2876453945300221
