0 2.9029057406094965
3.0 0.6112064463179885
4.0 1.8554926387315969
15.0 1.165789099188843
17.0 3.1702786377708976
23.0 2.0526183913806064
24.0 1.8849516797054762
35.0 1.2772061116308078
37.0 1.2307692307692306
47.0 1.1578798586572439
47.0 2.7722504230118443
53.0 0.7952625958644792
60.0 1.4962557077625571
66.0 1.951405431157694
74.0 0.9583528310715956
79.0 3.259848786311182
83.0 2.0813008130081303
84.0 2.1086229086229085
94.0 2.0536475307094513
94.0 2.104830421377184
104.0 2.0983606557377046
104.0 2.0866021395822716
114.0 1.9907654921020654
114.0 2.073924050632911
124.0 2.037810945273632
124.0 2.4215193615134494
134.0 2.078132927447996
144.0 0.4367901892828579
149.0 1.0528209741678447
158.0 0.9142857142857143
159.0 1.350255480468106
166.0 0.7938753755208837
171.0 0.9686650112332977
179.0 1.235036936529474
187.0 3.094824329429543
193.0 0.3613905064407976
203.0 0.8964762530094113
209.0 0.8273911726088274
