0 0.8512937753299388
1.0 1.1910439081128235
8.0 1.0086185668554544
9.0 1.3266396761133603
18.0 0.892666448730522
20.0 1.8993739856248553
25.0 1.2265309178020662
28.0 1.1197375615090213
39.0 0.9721134448795539
40.0 0.638055923358517
54.0 0.5585708441292786
56.0 1.2087944518223404
68.0 1.3038357472544964
68.0 2.5021380574221133
74.0 0.7986740762406161
82.0 0.9956246961594556
89.0 2.4519604908709964
95.0 0.9738468854018069
100.0 1.6718367346938774
106.0 1.391068093054848
107.0 1.9064463579241333
116.0 1.5257962376606444
117.0 1.8703196347031965
126.0 1.3747273032387985
127.0 1.9682844786160498
135.0 1.6482897384305837
136.0 2.044932601098352
145.0 1.534944725501218
146.0 1.7109440267335003
156.0 1.3733445096395642
157.0 1.9869027407227746
165.0 1.7400169923534408
166.0 1.9975615703486953
175.0 1.4349273077596778
177.0 1.9825750242013556
185.0 1.7743123240199263
186.0 2.9985358711566614
194.0 1.8707467458323819
196.0 1.2746226855453555
208.0 0.7853513565334101
