0 1.9207502930832359
5.0 2.003423820004891
9.0 1.9149135109864424
15.0 1.9162573099415203
25.0 0.7572564244777223
26.0 1.0406504065040652
39.0 1.5083778309703553
48.0 0.4020021591912847
56.0 1.5845261121856868
56.0 2.919458303635068
64.0 2.1620480337820003
69.0 1.8664843928001822
76.0 2.166622586617297
85.0 0.6828373760106693
87.0 1.25567136725935
98.0 3.153194765204003
98.0 1.346482577251808
107.0 2.015252152521525
109.0 1.9230046948356807
115.0 2.0983606557377046
119.0 1.9649796114176064
125.0 2.0137659783677484
129.0 1.8694659972615246
136.0 2.1021298434693354
139.0 1.9221022993899581
146.0 1.7279055051676862
150.0 0.9668358314646524
160.0 0.8547579298831386
165.0 1.5488750236339575
167.0 1.5238095238095237
171.0 0.6972508298578602
183.0 0.7813811522319726
186.0 2.2015587207739853
195.0 1.9371009694963348
199.0 1.9593398708442955
205.0 1.9598086124401917
209.0 1.980178873579889
