0 1.8139946855624447
7.0 2.2623584645125656
9.0 0.9472710453283997
15.0 2.0546777025332332
16.0 1.1809139397434048
23.0 1.2070134079858554
24.0 1.9630960939372153
27.0 2.138345079613678
29.0 0.8564558285415578
36.0 2.0172371337109087
37.0 2.247462277091907
39.0 2.7197875166002654
40.0 2.008335376317725
47.0 1.9528009535160904
50.0 1.4535131298793469
52.0 2.0044042084658673
59.0 1.498445216755076
59.0 1.612915928332349
62.0 1.8208490775727941
67.0 1.8095869229070025
70.0 2.111340206185567
71.0 1.6331738437001595
78.0 3.3382233088834554
79.0 1.8479584931197834
80.0 3.1604938271604937
85.0 2.1042897508348317
89.0 2.2164502164502164
91.0 1.0968001071093854
100.0 2.312817617165443
100.0 1.47523860976049
101.0 2.2122603294625978
106.0 2.3173974540311173
110.0 1.1465360391882435
113.0 1.9500119019281126
117.0 1.8639362912400457
120.0 1.7870855148342062
121.0 1.9840155001210948
127.0 1.5500473036896878
131.0 2.3056571911061075
131.0 1.7091591904861254
137.0 1.7890369076217516
140.0 1.780482503803521
141.0 1.6021904948171328
148.0 1.782031759843376
151.0 1.8216588837002445
157.0 1.6253968253968254
162.0 2.1069958847736627
166.0 1.7953101030024108
171.0 0.2997987191216835
173.0 1.9626257786296117
177.0 3.013980868285504
178.0 1.7052456286427975
182.0 1.4190195738783995
188.0 3.1653786707882534
189.0 1.5108815935079307
191.0 1.8993739856248553
201.0 0.7822018523823163
203.0 0.9551125102017022
204.0 2.658014276443868
