0 1.9481569560047562
1.0 1.6606527468072168
10.0 1.6397117694155323
12.0 1.886688162137264
20.0 1.8040079277692136
21.0 1.8728852309099224
31.0 1.6413544379883793
32.0 1.8584392014519056
40.0 1.9352704937396648
41.0 2.05674114988702
49.0 2.0551931761164073
51.0 1.9104477611940296
60.0 1.9532665712923225
61.0 1.9607467687888944
70.0 1.5535748150957711
72.0 1.00453709380748
84.0 0.9887748943874471
85.0 2.9832483612527314
88.0 3.231558185404339
89.0 1.8971746178786477
100.0 2.0252163164400496
101.0 1.8923538923538925
110.0 1.9912493923189112
111.0 1.5978154866393603
121.0 1.5906796116504853
122.0 1.186902347145755
132.0 1.2292917166866748
133.0 1.4824466159971046
141.0 1.802023757149142
141.0 2.4861911987860394
149.0 1.6443195503813728
152.0 2.6815057283142387
159.0 1.6769703172978507
162.0 2.6701434159061277
168.0 2.126135478847651
171.0 1.7282700421940926
180.0 0.8645910290237467
186.0 1.6459714687562788
192.0 1.1717923043913605
193.0 1.0906670217015044
204.0 0.6810774858663119
207.0 2.927805575411008
210.0 1.591916051301982
