0 1.6234641300039634
6.0 0.9811953527368548
14.0 1.9878670225673376
15.0 2.5544122232616155
19.0 1.77009507346586
26.0 1.9270759821218535
30.0 1.738171016337789
36.0 1.9261697625205736
40.0 1.3344192865287505
47.0 1.654949494949495
51.0 1.1905246330475223
58.0 1.8322522925520017
60.0 2.270509977827051
65.0 2.0177339901477835
70.0 1.3795890872347594
77.0 1.911339244050397
80.0 0.8945184538108758
90.0 1.6260420801905517
91.0 2.7769491525423726
94.0 2.9257142857142857
99.0 2.579345088161209
105.0 1.5839133797370457
111.0 1.1534778935511123
119.0 2.2927511894766304
120.0 1.071409887522888
129.0 1.5756876322369688
131.0 1.742607955754095
136.0 2.0044042084658673
140.0 1.579028527370856
148.0 1.6728609352664896
151.0 0.7724658180103725
162.0 1.0238720159980004
164.0 1.7113014414038021
171.0 1.2285542891421715
178.0 1.3715051063117363
182.0 1.2748210395269217
188.0 1.768948391276182
190.0 1.1118349619978285
199.0 2.011787819253438
200.0 2.9090909090909096
204.0 1.9472308057998575
210.0 1.8958574404073134
