0 1.5474121647147716
1.0 1.6260420801905517
7.0 1.2344786015672091
13.0 2.1305591677503246
16.0 1.9495478343645882
20.0 1.9840155001210948
30.0 0.6125317780768655
36.0 2.1816245006657793
39.0 3.092487731219328
45.0 2.157492757440084
49.0 1.5696493581145812
57.0 1.6566228513650152
61.0 1.896735355406344
67.0 2.0439121756487024
70.0 2.2051144010767163
76.0 1.9421526789947843
80.0 1.730826114515107
87.0 1.3003174603174603
92.0 1.2472594397076737
99.0 0.4940296707272946
112.0 0.760913988482259
113.0 1.731557810188121
127.0 1.854232684472612
137.0 1.5145128489554447
148.0 2.033763654419067
156.0 1.7257215083210449
167.0 2.5098039215686274
175.0 0.7339186525712238
193.0 1.9407723288320304
