0 1.653279515640767
2.0 0.8640438772281406
13.0 1.1441340782122904
14.0 3.313915857605178
16.0 2.9457029845379354
19.0 2.6315451333119175
26.0 2.2003760408272903
31.0 1.9495478343645882
37.0 1.381683251813122
43.0 1.74557852120179
48.0 1.178705035971223
60.0 0.5340983179032469
62.0 3.0820165537998494
66.0 1.6552838957365126
72.0 1.9754039064383893
77.0 1.9844961240310077
81.0 1.9754039064383893
87.0 1.3553937789543349
93.0 1.4109541853255252
99.0 1.23003003003003
104.0 1.0327786182551688
111.0 1.0627919045147898
115.0 3.072768192048012
116.0 3.1987504880905897
120.0 1.9311645450259312
127.0 1.448885744605589
133.0 1.5161947066444568
138.0 1.680755026672138
142.0 1.4227162209100381
149.0 1.6721779955092877
152.0 1.8521365588966765
157.0 1.8660592255125286
162.0 2.115156209656597
167.0 1.8613951374687572
172.0 2.079187817258883
177.0 2.0786602385181427
181.0 1.9602775783680304
187.0 1.835948005378754
192.0 1.7152428810720268
198.0 1.3063307287513952
203.0 1.654949494949495
208.0 1.271260086902545
