0 2.2825299526330456
3.0 1.1995899838922244
11.0 1.9284369114877589
14.0 1.1274428846683182
14.0 3.013980868285504
17.0 1.5439125518281192
23.0 2.2279031819418007
24.0 1.9403126480341069
28.0 1.9316199009667532
34.0 1.114406203237655
35.0 1.5014662756598238
40.0 1.5355201499531397
42.0 1.806793118659021
44.0 1.6762840188254553
49.0 1.9421526789947843
52.0 1.654281098546042
56.0 1.450938717676231
60.0 2.89469964664311
62.0 1.1030025582334724
64.0 1.628952077947902
69.0 1.684556857906642
74.0 1.3542734336253925
74.0 0.9428012429508574
83.0 1.2098656033082265
84.0 2.4764207980652966
88.0 0.6547837902645672
93.0 2.083948104807937
96.0 0.8577112344257146
97.0 1.9091120950827312
98.0 1.669451803545955
102.0 1.7066666666666668
104.0 2.2033351264120498
113.0 0.8334520297080069
114.0 1.099892588614393
115.0 3.1089184060721062
118.0 3.3273761169780665
120.0 1.8388327721661055
124.0 2.051076614922384
128.0 1.8771769019248397
131.0 2.3499713138267353
133.0 1.9453811446212301
138.0 1.5541642952001518
142.0 2.148439548911618
143.0 1.9449192782526117
148.0 1.7933450087565674
152.0 2.4158065467413743
153.0 1.568747606281118
159.0 2.1239305159450352
163.0 1.2804001250390746
163.0 1.7731601731601732
169.0 2.410120623712857
173.0 1.065141073982577
175.0 2.171792152704136
178.0 2.4512268102932375
183.0 1.98209533026857
188.0 2.4323040380047507
192.0 0.4837033538025508
194.0 1.928890981869555
198.0 1.4589492430988422
203.0 2.008827856792545
203.0 1.8554926387315969
208.0 1.9421526789947843
