0 1.7628577576931352
0.0 1.725358045492839
10.0 1.5257962376606444
12.0 1.4916241806263657
22.0 1.1147094842835759
23.0 2.2876291538676345
29.0 1.4141204902468496
32.0 1.02837057494351
43.0 1.0083702609551946
45.0 2.9090909090909096
48.0 1.3689839572192513
53.0 1.25682724762197
62.0 0.9205528711091134
74.0 1.2806002813818977
82.0 0.34309167818402647
83.0 0.9927290353853611
95.0 0.7707941287165977
96.0 2.614746249601021
100.0 1.759828141783029
110.0 1.4875612856364628
112.0 1.2736318407960199
123.0 0.704445782096483
127.0 0.8474190545153616
136.0 3.3341473341473344
139.0 1.3793567940730764
141.0 1.5133936818769629
152.0 1.0329088387340815
153.0 3.142309167625623
158.0 1.9051162790697673
161.0 2.010306748466258
169.0 2.0009770395701025
171.0 1.9995118379301926
181.0 1.2357821692562982
182.0 2.1501312335958005
190.0 1.2804001250390746
191.0 1.610696028313016
200.0 1.9965878625396054
201.0 1.1948658109684949
