0 2.12008281573499
7.0 2.0702552438716197
10.0 2.0786602385181427
17.0 2.1167958656330748
20.0 1.9555979947481499
27.0 2.14900314795383
30.0 2.0342686863670227
37.0 2.1506957206615906
40.0 2.105371369827808
47.0 2.0929994890137964
50.0 2.1944816501473348
57.0 2.0765525982256023
60.0 2.0639959687578733
67.0 2.1086229086229085
70.0 2.0755003800354697
77.0 2.07444922765257
80.0 2.0802437785678007
87.0 2.129451520665454
90.0 2.0786602385181427
97.0 2.058808745916059
100.0 1.5297852474323062
109.0 2.0536475307094513
110.0 1.9602775783680304
117.0 1.7374337221633087
121.0 0.6464646464646464
136.0 0.4372331340734415
145.0 1.0406504065040652
151.0 1.5711545838128116
151.0 2.5874921036007583
156.0 1.1656232214001139
163.0 2.0317460317460316
167.0 1.5802469135802468
171.0 2.0956766436428755
177.0 2.0277227722772277
180.0 1.8196357174589073
187.0 2.086070791953145
190.0 2.058291457286432
197.0 2.22427368992669
200.0 2.0454431960049937
207.0 2.0122819945959223
210.0 1.8584392014519056
