0 2.06503655155029
9.0 0.4805537631254766
9.0 3.6056338028169015
14.0 2.0546777025332332
19.0 2.1456259821896277
26.0 1.8771769019248397
30.0 2.76010781671159
35.0 3.1788901823826152
38.0 2.6762495916367204
45.0 1.8059964726631395
50.0 2.457108578284343
55.0 2.0692093963122002
59.0 2.6623334416639586
65.0 1.586674414100329
71.0 1.665040650406504
77.0 1.986420950533463
80.0 1.6697920913167552
87.0 1.1851851851851851
92.0 2.46006006006006
95.0 2.988690259029551
98.0 2.392523364485981
105.0 2.5393676379417234
109.0 2.5648090169067
115.0 2.0
120.0 2.576910978295061
125.0 1.8437992347512944
130.0 2.466726889491117
135.0 2.011787819253438
139.0 2.5151980350015353
145.0 2.061917946136421
149.0 1.9500119019281126
156.0 2.0177339901477835
159.0 2.5221674876847286
165.0 2.105912596401028
169.0 2.8643356643356648
175.0 1.968757510213891
180.0 2.5175169022741244
185.0 0.8947138488422892
195.0 2.561601000625391
195.0 2.9821623589370225
198.0 2.413671184443135
205.0 2.0137659783677484
209.0 2.2933930571108623
