0 2.3897316219369897
7.0 1.8131916777335104
11.0 1.7586947187634174
18.0 2.042383445524807
20.0 1.9787439613526572
27.0 2.073399139458365
30.0 2.160337552742616
40.0 1.223599701269604
40.0 1.9207502930832359
50.0 1.1269775760077039
51.0 3.075075075075075
56.0 2.188034188034188
60.0 1.878468241229076
68.0 2.095140664961637
70.0 2.073924050632911
77.0 1.9384761003312827
80.0 2.0551931761164073
87.0 2.036797613127797
90.0 2.019226029085531
97.0 2.0277227722772277
100.0 1.6426709444555845
108.0 1.9907654921020654
110.0 2.028727092620109
120.0 1.2318796992481202
120.0 3.0184229918938836
126.0 2.0177339901477835
130.0 1.838420107719928
141.0 0.7745839636913766
144.0 1.045164582801735
154.0 2.8743859649122805
159.0 1.331383065171461
160.0 1.9490839876278847
168.0 1.4195113498527119
172.0 2.0044042084658673
177.0 1.8212538906180522
181.0 2.046465151136647
187.0 1.985939393939394
190.0 1.9380175065057959
198.0 2.061399094111726
200.0 2.090862685043389
207.0 2.095140664961637
210.0 2.1015905592611595
