0 1.9970745977571915
6.0 1.8533936651583711
10.0 1.8971746178786477
16.0 2.0393328354493403
20.0 1.099892588614393
30.0 1.7988581466842335
30.0 3.0084465662871835
35.0 2.178723404255319
39.0 1.9965878625396054
46.0 2.0713021491782553
49.0 2.188618755009351
56.0 1.536096006000375
61.0 1.8681870011402508
67.0 2.0262181548355183
70.0 2.0232156087922943
76.0 1.9403126480341069
80.0 2.04340234472437
86.0 2.122829748639544
89.0 1.9816158684083212
96.0 2.117342982682864
100.0 1.932531257372022
106.0 2.079187817258883
109.0 1.8091872791519437
117.0 2.046465151136647
120.0 2.019226029085531
126.0 1.9077782952957616
130.0 2.0307387208725833
136.0 2.0924648786717754
139.0 2.1107961865498583
149.0 2.0352795031055897
150.0 3.183832102603964
155.0 1.9252643948296122
160.0 2.1015905592611595
166.0 2.0137659783677484
170.0 1.9635666347075744
176.0 2.006367866764634
180.0 1.9725499638815316
186.0 1.8355366345507504
190.0 1.6804102564102563
197.0 1.7921680157514768
200.0 0.9669499527856469
