0 1.693611742815795
10.0 0.6104776809002161
12.0 2.947822957898525
29.0 1.3370328056144933
32.0 1.4319174969410942
35.0 3.011764705882353
36.0 2.726123128119801
38.0 3.06357516828721
42.0 1.9532665712923225
50.0 1.985939393939394
53.0 2.1107961865498583
59.0 1.9055594324261453
63.0 1.4070766059773272
71.0 2.05674114988702
73.0 1.4341736694677873
81.0 1.52664927320164
84.0 2.5568039950062422
89.0 1.5022923161562443
94.0 2.842470506592644
98.0 0.7855772919064058
109.0 1.9649796114176064
109.0 1.8036107441655658
120.0 1.591916051301982
124.0 1.9645083932853717
129.0 1.9602775783680304
133.0 1.0203014073981815
143.0 1.0414441901856089
147.0 2.2480790340285397
149.0 2.7778908104442186
152.0 1.7972795085563844
160.0 1.5787242243206783
164.0 2.002444390124664
169.0 1.8845180584311017
173.0 2.1580611169652264
179.0 2.073924050632911
183.0 1.9883495145631067
189.0 2.049537152864649
193.0 1.9630960939372153
199.0 2.083418107833164
203.0 1.9279830548364323
210.0 2.0312422514257373
