0 2.0292296259598714
10.0 2.1118845063160605
19.0 2.0277227722772277
29.0 1.621215119730853
40.0 2.104830421377184
49.0 2.0352795031055897
59.0 1.9697042558307287
69.0 2.015252152521525
79.0 1.7224558452481076
90.0 1.9970745977571915
99.0 1.9225533912227177
109.0 1.8036107441655658
120.0 1.9371009694963348
129.0 1.9720751083293213
139.0 2.028224808120822
149.0 2.0546777025332332
159.0 2.0217176702862787
169.0 1.9593398708442955
179.0 2.009320578857003
189.0 1.9883495145631067
199.0 1.9917335278385604
209.0 1.9537324111614598
