0 1.1884520528071958
0.0 2.14900314795383
4.0 1.1262029144899643
18.0 0.3927886459532029
21.0 1.0662501626968632
28.0 1.301763864611473
36.0 0.9863937387116196
38.0 1.3471468508469002
46.0 0.975818939845146
49.0 1.372424191656894
56.0 1.0353892821031345
68.0 0.4444926749864352
69.0 0.7740716243031277
81.0 0.44161725067385443
89.0 2.7425510545698026
93.0 1.98979839689094
94.0 1.9537324111614598
104.0 1.6985278872071323
105.0 1.3210772456055477
117.0 0.5917792386043488
124.0 1.59408445222806
125.0 1.0929953302201467
138.0 3.2992347966169957
143.0 0.3893536121673004
151.0 1.9941577409931843
154.0 2.144502617801047
164.0 1.0686146621445343
168.0 2.852367688022284
173.0 1.8425551057130005
175.0 1.900696055684455
184.0 1.1539653472320044
187.0 2.8151202749140896
193.0 2.088197807800153
194.0 1.2634176434299815
207.0 0.9881785283474066
208.0 3.099508134695422
