0 1.6221782178217823
3.0 1.4129010003449467
10.0 1.5547542228126778
13.0 1.6482897384305837
19.0 1.8879926250288084
22.0 1.8338929930602197
28.0 2.0850089081191143
32.0 2.0217176702862787
38.0 2.0850089081191143
42.0 1.8538130798823265
48.0 1.912231559290383
52.0 1.020809968847352
62.0 1.664364079642422
63.0 2.06503655155029
68.0 0.7846743295019157
79.0 1.0199203187250996
82.0 3.217596229379419
86.0 1.5726626991745059
93.0 1.2070134079858554
101.0 1.329438493995456
106.0 2.219452722839339
108.0 0.7413574660633484
119.0 1.4633797784923188
119.0 1.2210463556416755
131.0 1.3653333333333333
140.0 0.43286657859973576
147.0 2.199785177228786
152.0 0.594096743781275
158.0 1.7045359966708282
163.0 1.0088669950738918
172.0 1.0905218317358893
181.0 0.6114801821303276
181.0 1.1652916073968704
191.0 1.0776111549592213
195.0 2.4504935686509124
201.0 0.5358100595199163
