0 0.6201362604087811
1.0 1.3749580396106076
9.0 1.1260481099656356
15.0 1.2425299560139542
18.0 2.1394620005223297
22.0 1.3795890872347594
28.0 2.015252152521525
32.0 1.7835837143479207
36.0 2.0866021395822716
42.0 0.8764309404086873
51.0 1.7874754527602006
53.0 1.7235430254576056
57.0 1.44352422907489
64.0 1.5392709507703872
67.0 0.9860375541646607
80.0 0.670815591221749
81.0 2.927805575411008
84.0 2.2511679032701295
92.0 1.8652094717668488
96.0 1.2265309178020662
105.0 2.0267194458189017
106.0 1.4412385643912737
114.0 1.9403126480341069
116.0 1.3934342575267904
124.0 1.9472308057998575
126.0 1.7264488935721813
133.0 1.8160053203280868
136.0 2.009320578857003
142.0 2.1135190918472655
145.0 1.819231623362203
153.0 1.5479969765684052
157.0 1.8580176910864143
163.0 1.6653791421020534
167.0 1.9117852975495917
173.0 1.2425299560139542
178.0 1.8048028200044064
183.0 3.2150706436420724
184.0 2.1752522570366435
192.0 2.1239305159450352
195.0 2.0718259989883663
202.0 2.2164502164502164
205.0 1.2215926036385327
