0 2.151825584449698
2.0 2.34257935373177
12.0 0.809166337416041
16.0 0.59530557372284
17.0 2.1729442970822284
22.0 1.980657640232108
29.0 1.189142110611119
30.0 2.412960235640648
32.0 2.9854227405247813
36.0 2.0692093963122002
39.0 2.310860366713681
42.0 1.9002551612154952
48.0 2.3200226564712545
49.0 2.5464718682001863
51.0 2.109165808444902
57.0 2.3466055571469493
59.0 2.422235363690124
62.0 1.661663286004057
68.0 2.146750524109015
69.0 2.4519604908709964
71.0 1.8293881196962931
78.0 1.557118418551606
80.0 2.12008281573499
82.0 1.516756156267358
89.0 2.2015587207739853
92.0 0.7464917076726808
96.0 0.8889853499728704
102.0 1.9439962031324156
107.0 1.096066363393096
113.0 0.47407407407407404
115.0 1.601250977326036
120.0 1.2661514683153015
120.0 3.270259481037924
121.0 1.7727764553127026
130.0 2.160337552742616
132.0 0.8997254255903349
132.0 2.9404163675520456
136.0 1.2192290519422533
142.0 1.7773920590149708
143.0 1.8285714285714285
150.0 2.2895472330911124
152.0 2.351320321469575
159.0 1.9711260827718962
162.0 2.2818941504178274
169.0 2.310860366713681
172.0 0.26128281185213537
175.0 2.0277227722772277
179.0 2.429418742586002
182.0 2.8753948753948753
186.0 1.4049048190704851
191.0 1.5547542228126778
194.0 2.46006006006006
197.0 2.136114732724902
199.0 2.3689994216310004
202.0 1.6793767937679376
208.0 1.2311391644123835
