0 0.5502418054809242
2.0 2.5704424223407596
7.0 2.7143803843605037
10.0 0.6702667321224023
26.0 0.8479453472725391
27.0 2.921540656205421
30.0 1.005523505584878
45.0 0.5289939300012915
49.0 1.9403126480341069
51.0 1.5829951690821256
59.0 1.1585348606986283
64.0 1.037224613826285
71.0 1.5442035815268615
72.0 1.5588962892483351
79.0 1.330734243014945
83.0 1.4511957484499558
89.0 1.9495478343645882
98.0 0.6483064260842039
99.0 0.7449981811567842
118.0 0.46178128523111617
121.0 3.855058823529412
126.0 2.189203634420096
131.0 1.381683251813122
139.0 1.900696055684455
141.0 1.5031192660550456
149.0 1.7855274629468176
151.0 0.9544448328090411
162.0 1.261860751694393
170.0 3.7873324086916322
176.0 0.28471136134570607
186.0 2.217050067658999
187.0 2.254265272427078
190.0 1.3965223320831912
200.0 1.980657640232108
201.0 1.6463022508038585
208.0 2.6264828470663675
210.0 2.238251366120218
