0 1.7148838182960016
1.0 3.824463118580766
5.0 1.3444936812735928
13.0 2.422951789411417
17.0 1.6459714687562788
21.0 2.526835286859963
26.0 1.9046733317833062
31.0 2.2742920599666854
37.0 1.8971746178786477
41.0 2.1322228006246746
47.0 2.061399094111726
50.0 2.564006259780908
56.0 2.0665993945509586
60.0 2.1322228006246746
67.0 1.964037401102853
71.0 2.820936639118458
76.0 1.74557852120179
81.0 2.330583214793741
87.0 2.0818297331639135
90.0 2.72975674775075
96.0 1.9252643948296122
101.0 2.036291324881929
110.0 1.0997449322056652
111.0 0.9767497317276738
121.0 1.4715286509789833
122.0 2.6323907455012856
126.0 2.745308310991957
136.0 0.767472362750609
137.0 2.4824242424242424
146.0 1.2374622356495468
153.0 2.338566942620611
156.0 0.8956921058386179
165.0 2.1305591677503246
170.0 1.1241937697269109
170.0 0.840377513336069
183.0 1.0505257758399589
184.0 3.0820165537998494
185.0 2.6806282722513086
189.0 2.449028400597907
196.0 2.9393613204162183
199.0 1.7906010928961749
207.0 2.420088626292467
210.0 2.804519000342349
