0 1.837183224938327
4.0 0.6105231778208378
17.0 0.6192924100393106
23.0 2.9257142857142857
26.0 2.0692093963122002
34.0 1.9673390970220943
38.0 2.0802437785678007
44.0 3.5038494439692043
46.0 2.2021505376344086
54.0 1.8647848850443889
58.0 2.1316679677335415
64.0 3.206262230919765
66.0 2.046465151136647
74.0 1.8932285648255143
78.0 2.1021298434693354
84.0 2.007351139426611
88.0 1.932075471698113
94.0 1.654615229246617
98.0 2.0919305413687432
104.0 2.064516129032258
107.0 2.29082774049217
114.0 1.9064463579241333
118.0 1.793737683380775
125.0 2.829706390328152
126.0 1.0122327937723958
138.0 1.0530916570253246
141.0 1.9630960939372153
144.0 2.2806236080178173
147.0 2.727030625832224
153.0 0.8657789050940605
164.0 1.9773111272025103
168.0 0.6197140479612678
174.0 0.9992681141741888
182.0 1.612915928332349
189.0 1.0366995697291825
201.0 2.607256524506684
207.0 0.5641096267731718
