0 1.957467144563919
1.0 1.8408988764044942
10.0 1.5286434036200782
12.0 1.8115877930119415
20.0 2.0983606557377046
21.0 1.6384
31.0 1.708802670004172
32.0 1.8232806588025816
40.0 1.9293452661328305
41.0 1.738171016337789
50.0 1.980657640232108
51.0 1.8487925976077633
60.0 2.1316679677335415
61.0 1.9403126480341069
70.0 2.7675675675675673
70.0 1.8550724637681157
80.0 1.430417321459752
83.0 1.734490789752276
90.0 1.8669097538742023
92.0 1.7485592315901815
100.0 2.0474881279680077
101.0 2.0322500620193504
110.0 0.6132195523617037
120.0 1.5585996955859969
121.0 2.109708987895957
130.0 3.0681647940074908
130.0 1.8330722756768851
140.0 2.1405800888424356
141.0 1.7311918850380388
150.0 2.0818297331639135
151.0 1.9537324111614598
160.0 2.0913964768955835
161.0 1.8664843928001822
170.0 1.8285714285714285
172.0 2.089795918367347
180.0 2.1211807353702743
181.0 2.0029339853300736
190.0 2.0755003800354697
191.0 1.7843607057285995
200.0 2.1102524471921686
201.0 2.058291457286432
210.0 2.0823589222165735
