0 2.049537152864649
1.0 2.032754342431762
10.0 2.0929994890137964
11.0 2.042892768079801
20.0 2.0014659174199854
21.0 2.156356936035799
30.0 2.059844103595675
31.0 1.9020199674947758
41.0 1.8580176910864143
41.0 1.8664843928001822
51.0 2.1968356127648163
51.0 0.8940303394084906
66.0 0.8444490258736213
66.0 1.2337349397590363
74.0 1.1403118040089086
74.0 2.25054945054945
81.0 1.0157470551766896
84.0 2.4884568651275822
90.0 1.8529744401719068
91.0 1.9490839876278847
101.0 1.6459714687562788
101.0 2.3439198855507866
110.0 1.964037401102853
111.0 1.9777885079671655
120.0 1.7704776312945754
122.0 1.5562310030395134
132.0 1.2651737451737453
133.0 1.3003174603174603
143.0 1.1967859751643537
144.0 2.8454324418200763
150.0 1.2858264008789828
153.0 1.4795015351273253
162.0 1.4414921696287173
163.0 1.3219299661126351
172.0 1.2962025316455694
173.0 1.5064361897756529
182.0 1.3504780745136828
183.0 1.7929525060188225
191.0 1.9612161838640174
191.0 2.099436186570989
200.0 2.0058765915768855
201.0 2.1333333333333333
210.0 2.1810436634717787
