0 2.0697321879737243
0.0 2.0108001963672066
10.0 1.97017797017797
10.0 2.0312422514257373
20.0 2.060880503144654
20.0 2.1677692511246365
30.0 1.7866957470010905
31.0 2.0403486924034873
40.0 1.9518703836073386
40.0 2.0983606557377046
50.0 1.9816158684083212
50.0 2.0531328320802005
60.0 1.9532665712923225
60.0 1.9763570566948132
70.0 2.059844103595675
70.0 1.7130907570054372
81.0 1.7481860862142553
81.0 2.099436186570989
90.0 2.068164604897753
90.0 2.1495670427709266
100.0 1.9990239141044412
100.0 2.016244154565592
110.0 2.06503655155029
110.0 2.0913964768955835
120.0 2.0393328354493403
120.0 2.073924050632911
130.0 1.995129079396006
130.0 2.070778564206269
140.0 2.0277227722772277
140.0 2.0009770395701025
150.0 1.924812030075188
150.0 2.0459540459540464
160.0 2.0551931761164073
160.0 2.0526183913806064
170.0 2.0546777025332332
170.0 0.614599744917098
189.0 0.48222274546738875
193.0 3.188789412222655
199.0 2.1021298434693354
200.0 2.1086229086229085
210.0 2.0892629431267533
210.0 3.175193798449612
