0 1.8538130798823265
8.0 1.533221036870672
19.0 1.250114451396307
30.0 2.115156209656597
38.0 1.5965698694211654
49.0 1.2052376048256586
61.0 2.8474104970455336
67.0 2.7526881720430105
77.0 1.4670487106017192
89.0 1.6691116544417277
99.0 2.014261126137202
108.0 1.9598086124401917
118.0 1.9668667466986793
128.0 1.8471251409244647
138.0 1.695364238410596
149.0 1.533508049419693
159.0 1.7828073993471165
168.0 1.8392456219128874
178.0 1.8690394706821811
188.0 1.8216588837002445
198.0 1.7156020942408374
209.0 1.458689458689459
