0 1.9135715954216306
5.0 1.7463227456832233
10.0 1.9528009535160904
15.0 2.1322228006246746
19.0 2.0237154150197627
25.0 1.8793301215875202
29.0 1.059630060794205
39.0 1.7716262975778547
46.0 0.7473088852399198
46.0 2.351320321469575
59.0 0.9045936395759718
60.0 3.186308829249319
64.0 2.1140645161290323
69.0 2.0177339901477835
75.0 2.083948104807937
79.0 1.8927911275415894
85.0 0.8317595694994415
101.0 1.908222688096902
106.0 1.2959974687549438
118.0 0.21905500441211861
122.0 3.1411042944785277
127.0 1.278003120124805
128.0 2.1461881058422847
135.0 1.9546647578143643
139.0 2.164332892998679
145.0 3.266347687400319
147.0 2.049024512256128
156.0 1.9546647578143643
159.0 2.1217301217301214
165.0 2.009813542688911
169.0 2.0967494241105706
175.0 1.8281633563936621
179.0 1.8413126545291076
186.0 2.097823303457106
189.0 2.04340234472437
196.0 2.067642604745078
199.0 1.9239079379990605
206.0 2.058808745916059
209.0 2.07444922765257
