0 2.007843137254902
0.0 1.5031192660550456
9.0 1.9579349904397705
10.0 1.4929834153453616
19.0 2.0850089081191143
20.0 1.3149277688603531
30.0 1.9042305904230594
30.0 1.9584030600047813
40.0 1.0006107243190425
42.0 2.044932601098352
50.0 0.9748899202665714
53.0 1.9985362283483776
58.0 1.9787439613526572
60.0 2.0237154150197627
70.0 1.2087944518223404
71.0 2.04340234472437
80.0 0.626347580090221
87.0 1.6918628665840563
91.0 1.7624784853700517
101.0 1.9844961240310077
110.0 1.8147984049623391
121.0 2.4704463208685166
