0 1.3185256719781104
1.0 1.6929117586278155
9.0 2.073399139458365
10.0 1.9692307692307691
19.0 2.0172371337109087
20.0 1.66605653853976
29.0 1.5474121647147716
31.0 1.9754039064383893
39.0 1.8517179023508137
40.0 1.181424862993943
51.0 1.3696706236415317
52.0 2.8875572788156503
57.0 1.1217307955634672
63.0 2.0655572365103376
70.0 1.5303568092658322
70.0 2.8306841741534208
77.0 1.9635666347075744
80.0 1.6804102564102563
89.0 1.9739759036144575
90.0 1.7113014414038021
99.0 1.98979839689094
100.0 2.066078184110971
108.0 2.415094339622642
109.0 1.9389349112426038
119.0 1.0339517859396692
124.0 2.156356936035799
130.0 1.3007303906001906
131.0 1.5500473036896878
141.0 0.9800215336762771
143.0 1.2564417177914111
151.0 1.4039417309340188
152.0 1.3309504467912265
162.0 0.6745718050065876
167.0 2.0526183913806064
170.0 1.4779000541223164
180.0 2.061399094111726
180.0 1.7590723641829504
189.0 1.9825750242013556
190.0 2.1637612255678818
198.0 2.0686868686868687
200.0 1.7246315789473683
209.0 2.0876656472986745
210.0 1.6697920913167552
