0 1.0991547028042399
10.0 1.084315023163468
21.0 1.5139530585843655
27.0 0.8320975114271204
33.0 1.1350976860191215
37.0 1.6999377464204193
40.0 2.3082558467173855
43.0 2.7425510545698026
46.0 1.8302055406613047
54.0 1.4973496618534088
58.0 1.2217747949291573
66.0 1.6260420801905517
69.0 1.3807517276251475
75.0 2.496039000609384
76.0 2.708099173553719
82.0 1.1539653472320044
90.0 1.6539471027660004
94.0 2.8673433671683584
96.0 2.8326417704011067
102.0 1.6244299028356135
108.0 1.781256794955425
114.0 1.4636412363766302
119.0 2.007351139426611
123.0 1.5494609419330434
128.0 1.7925601750547047
134.0 1.9663946231397023
137.0 1.9126780294186316
144.0 2.0439121756487024
147.0 2.064516129032258
153.0 2.0342686863670227
157.0 1.8024202420242026
164.0 1.9630960939372153
167.0 2.1394620005223297
173.0 2.1461881058422847
177.0 1.9797003383276948
184.0 0.8302422215465693
193.0 1.9316199009667532
194.0 3.1171993911719937
196.0 1.9716004813477737
203.0 2.028224808120822
207.0 1.8550724637681157
