0 1.178705035971223
11.0 3.313915857605178
17.0 1.9384761003312827
28.0 1.8660592255125286
38.0 1.8228749443702716
49.0 1.998048780487805
58.0 2.0202219482120842
68.0 2.007843137254902
78.0 1.9941577409931843
88.0 2.5385807251317014
97.0 0.7858787413660783
115.0 1.4237052485227668
130.0 1.1055330634278002
142.0 2.038825286212046
148.0 1.447349823321555
160.0 1.7960973470730102
169.0 1.5442035815268615
180.0 1.6609894566098944
190.0 1.5488750236339575
199.0 1.696768848384424
209.0 1.8467087466185754
