0 2.4585834333733496
1.0 2.058291457286432
11.0 2.0967494241105706
11.0 2.077079107505071
21.0 2.021218850234394
21.0 2.0053855569155448
31.0 2.0352795031055897
31.0 2.0697321879737243
41.0 2.1042897508348317
41.0 2.0924648786717754
51.0 2.0702552438716197
51.0 1.9844961240310077
61.0 2.122829748639544
61.0 2.1118845063160605
71.0 2.120631633445509
71.0 2.117342982682864
81.0 2.058291457286432
81.0 0.6114345424690253
101.0 0.5443189368770763
102.0 2.1010515516799178
111.0 1.64004004004004
112.0 2.054162487462387
121.0 1.980178873579889
121.0 1.9956151035322776
131.0 2.007351139426611
131.0 1.3486993743826146
143.0 1.2219570405727924
144.0 1.9398531849396166
151.0 1.2927252643206566
154.0 2.1015905592611595
161.0 1.3059142356129443
164.0 1.9334434741562425
171.0 1.8954187875983342
172.0 1.9051162790697673
181.0 1.8754578754578755
182.0 2.1495670427709266
191.0 1.7964912280701755
192.0 2.049537152864649
201.0 1.9931873479318734
201.0 2.003423820004891
