0 2.136114732724902
7.0 1.6334995014955136
10.0 1.9922178988326849
17.0 1.3621549717326238
21.0 1.9927025054731209
27.0 1.3191626409017714
31.0 1.8429696287964001
37.0 1.9293452661328305
39.0 1.83471444568869
49.0 1.2410240872595062
49.0 1.8306145251396648
59.0 0.5778373421739438
67.0 1.88105625717566
69.0 2.106454101311391
77.0 1.8180204172214824
79.0 2.0946049603681924
87.0 2.022716049382716
89.0 2.100512820512821
97.0 2.0252163164400496
99.0 2.2272974442631868
106.0 1.6725193956717028
110.0 2.0749746707193517
117.0 2.148439548911618
119.0 2.0267194458189017
127.0 2.1798829164449174
129.0 2.12008281573499
137.0 1.9584030600047813
139.0 2.1405800888424356
147.0 1.9663946231397023
149.0 1.881488286632981
157.0 2.2051144010767163
159.0 2.0029339853300736
167.0 2.226692035879315
169.0 1.5083778309703553
178.0 1.4180370434481566
181.0 1.005153374233129
191.0 1.1483038968320718
192.0 1.8212538906180522
197.0 2.6298555377207062
198.0 1.837183224938327
207.0 1.0399898438491813
