0 2.9204991087344028
4.0 3.05329854640328
5.0 2.6383252818035428
8.0 3.142309167625623
13.0 2.271769273433167
16.0 2.6323907455012856
18.0 1.333984693046735
26.0 1.6192923502668513
27.0 2.393921683226184
29.0 2.72975674775075
33.0 2.1118845063160605
36.0 2.6502749919120023
38.0 1.4615521855486173
46.0 1.5645530939648589
47.0 2.3352337514253136
49.0 1.3795890872347594
58.0 2.385556202679091
59.0 0.9095148218052627
59.0 3.187548638132296
63.0 1.4792343806428312
68.0 2.3499713138267353
69.0 1.625719388767613
75.0 1.5772044666923373
77.0 2.3883381924198246
79.0 1.9185011709601874
85.0 2.3897316219369897
89.0 0.706024304059295
94.0 2.140020898641588
94.0 2.318053197509904
99.0 1.9293452661328305
106.0 1.1686162624821683
108.0 2.345261952476381
109.0 3.2150706436420724
113.0 2.229722373434948
116.0 2.362849725987886
119.0 1.9758803666184275
124.0 1.3365965084026759
128.0 2.3560540696002303
129.0 1.8626648476580265
137.0 1.656287909421755
137.0 2.4786686838124052
138.0 1.3819163292847505
146.0 3.207517619420517
148.0 0.9630848812602868
151.0 2.671885192433138
153.0 3.4133333333333336
155.0 2.420088626292467
159.0 1.582078022402472
166.0 1.2009969212725407
169.0 2.4801695428398425
169.0 2.142819775045776
176.0 2.6264828470663675
178.0 0.7685523970353692
184.0 2.28890751606594
186.0 2.615581098339719
188.0 1.7066666666666668
197.0 3.094824329429543
198.0 0.7028140013726836
202.0 2.222463374932176
206.0 2.136114732724902
209.0 1.6908152734778124
