0 1.4535131298793469
4.0 1.525228076708248
11.0 1.7504273504273506
13.0 2.763832658569501
18.0 0.7487432592998812
29.0 2.0686868686868687
29.0 1.9198500117178343
40.0 2.0813008130081303
42.0 1.9421526789947843
50.0 1.6773136773136772
53.0 3.1065604854000757
58.0 1.932987258140632
63.0 3.1459293394777266
68.0 2.154088877202209
72.0 2.07444922765257
79.0 2.157492757440084
82.0 1.5594898153436132
91.0 2.0053855569155448
92.0 2.019723865877712
99.0 1.8355366345507504
103.0 1.2463106648410163
112.0 1.2677189724543487
115.0 0.7517665412498852
126.0 0.8236476975668611
128.0 1.8728852309099224
133.0 3.142309167625623
138.0 2.046976511744128
143.0 1.852555404794211
149.0 2.0728744939271255
153.0 3.029585798816568
157.0 1.9720751083293213
163.0 2.7778908104442186
167.0 2.0454431960049937
173.0 1.8871227827689472
179.0 2.0393328354493403
183.0 2.0967494241105706
188.0 2.438821077701697
192.0 2.0009770395701025
198.0 1.8823529411764706
203.0 1.1269775760077039
