0 2.1557894736842105
9.0 2.0697321879737243
19.0 1.857596371882086
30.0 1.9941577409931843
40.0 1.7538000428173837
50.0 1.957467144563919
60.0 1.3238526179702652
72.0 1.7181208053691275
80.0 1.5943947061113275
91.0 1.4954362906170136
101.0 0.7667540247098465
116.0 2.2869905080960358
129.0 1.9252643948296122
140.0 2.0515902829952415
149.0 1.2575990175007676
162.0 1.5468277945619333
171.0 1.376112884260037
181.0 1.4209887250650477
191.0 1.7485592315901815
200.0 2.5315203955500616
209.0 2.041874376869392
