0 1.8622414185042055
10.0 0.5717875340266629
17.0 0.6731859643356068
28.0 1.275217932752179
29.0 2.187449933244326
39.0 0.7304502897904592
43.0 1.9176029962546814
50.0 2.183368869936034
56.0 1.8609722853248523
60.0 2.0686868686868687
66.0 1.9663946231397023
70.0 1.9922178988326849
76.0 1.9584030600047813
80.0 0.9216921692169217
91.0 1.3664720600500415
92.0 2.931997136721546
95.0 1.527788138754196
101.0 1.6769703172978507
107.0 1.7773920590149708
110.0 1.9293452661328305
116.0 1.8613951374687572
120.0 1.9117852975495917
126.0 1.5323606434717547
131.0 1.9126780294186316
137.0 1.3756507136859781
142.0 1.9302544769085768
146.0 1.3946203609124959
152.0 1.8083885209713024
157.0 1.6463022508038585
161.0 1.747067605033056
167.0 1.1948658109684949
173.0 1.4973496618534088
178.0 2.6357786357786357
179.0 1.4968024849260004
188.0 1.346482577251808
192.0 1.41022551213634
198.0 1.3660163415040854
202.0 1.5036710719530102
208.0 1.3884745762711863
