0 1.9467680608365017
10.0 1.802023757149142
20.0 2.001955034213099
30.0 1.854232684472612
40.0 2.0217176702862787
50.0 1.9956151035322776
60.0 1.8425551057130005
70.0 1.7870855148342062
80.0 2.085539714867617
90.0 2.042892768079801
100.0 1.9922178988326849
110.0 1.998048780487805
120.0 1.72137003572179
131.0 1.7508014533019876
141.0 1.4397188049209138
152.0 1.7063111851697563
161.0 1.8609722853248523
170.0 1.896735355406344
180.0 1.902903600464576
190.0 2.0913964768955835
200.0 1.8656342518788431
210.0 2.0127764127764127
