0 0.5263766625971856
4.0 2.0262181548355183
9.0 1.4872912127814089
13.0 1.734490789752276
20.0 0.9967149288234579
26.0 1.835948005378754
30.0 2.8583391486392182
31.0 1.8767468499427262
40.0 2.6222791293213827
41.0 1.7681847614936326
50.0 1.9970745977571915
52.0 2.0956766436428755
59.0 1.2802000312548836
64.0 1.9649796114176064
70.0 2.0536475307094513
72.0 1.8123893805309736
80.0 1.9730250481695568
82.0 1.9117852975495917
90.0 1.2355957767722472
94.0 2.0004884004884005
99.0 1.4760360360360363
111.0 0.550020142339197
113.0 1.5541642952001518
121.0 1.6623376623376622
123.0 2.0
129.0 1.8040079277692136
132.0 2.072350113837592
139.0 1.6047012732615082
143.0 2.112973948929585
149.0 1.8664843928001822
152.0 2.0755003800354697
159.0 2.036291324881929
162.0 1.9682844786160498
170.0 1.8156028368794328
172.0 2.10753794700283
182.0 1.2070134079858554
182.0 2.671014020215194
188.0 1.159682899207248
195.0 1.406834964794779
201.0 2.314124293785311
201.0 1.3678410419101688
