0 2.042892768079801
2.0 1.8664843928001822
9.0 1.9117852975495917
13.0 1.9922178988326849
18.0 2.022716049382716
22.0 2.04340234472437
28.0 2.0342686863670227
32.0 2.024215468248085
38.0 2.1372293242890685
42.0 1.150561797752809
51.0 2.1189860320744955
52.0 3.2482157018239497
57.0 2.14900314795383
62.0 2.014261126137202
68.0 2.126135478847651
72.0 2.067642604745078
78.0 2.13111342351717
82.0 2.1683430386447857
88.0 2.050563204005006
92.0 1.6684317718940935
99.0 1.928890981869555
103.0 1.9579349904397705
108.0 2.0292296259598714
112.0 1.9302544769085768
119.0 1.9749276759884282
122.0 2.003913894324853
128.0 1.6075353218210362
133.0 2.112973948929585
138.0 1.2524078887020331
145.0 2.0639959687578733
148.0 1.0405182268512638
156.0 2.038825286212046
158.0 2.1798829164449174
162.0 2.0237154150197627
168.0 1.8529744401719068
173.0 2.0048947626040134
178.0 1.6250743900019835
183.0 2.007843137254902
188.0 1.19608702000292
195.0 1.8733135147495998
199.0 3.1100987091875476
201.0 1.7824194952132288
209.0 1.8845180584311017
