0 1.9927025054731209
10.0 1.8707467458323819
20.0 1.4455620257631905
31.0 1.096066363393096
43.0 2.3744927536231883
49.0 2.136114732724902
59.0 1.115620318670843
73.0 2.798770071745815
78.0 1.778163663989581
90.0 1.980178873579889
100.0 1.5925349922239502
111.0 2.2370289459311854
119.0 1.9616858237547892
130.0 1.9621556886227545
140.0 2.0526183913806064
149.0 2.079187817258883
159.0 2.088730239673636
169.0 2.041874376869392
180.0 1.8750286106660565
190.0 2.4323040380047507
199.0 2.2164502164502164
209.0 2.0172371337109087
