0 1.1466965285554311
10.0 2.4741769858048928
16.0 1.054040144107051
31.0 1.3865944482058226
39.0 1.04263713885707
51.0 2.8375476272947693
56.0 1.7835837143479207
67.0 1.7941305300043802
77.0 1.7643764807236701
88.0 0.8159362549800797
103.0 1.1438145769338173
120.0 2.957400722021661
126.0 2.0972862263184844
137.0 2.271139451067369
146.0 2.0272209849047265
157.0 1.85675430643699
167.0 1.7906010928961749
177.0 1.857596371882086
187.0 1.4276751481352388
199.0 1.6804102564102563
208.0 2.1167958656330748
