0 2.1856990394877265
0.0 1.3509234828496042
9.0 1.125429317213903
14.0 1.5401391238954691
19.0 2.8926553672316384
19.0 2.112973948929585
30.0 1.2742261627002645
30.0 1.6021904948171328
38.0 2.0639959687578733
41.0 1.514792899408284
49.0 2.064516129032258
51.0 1.3403141361256543
59.0 1.9338999055712938
61.0 1.5468277945619333
69.0 2.028224808120822
71.0 1.8111872650895424
78.0 2.100512820512821
81.0 1.7027644980253585
88.0 2.189203634420096
90.0 1.768948391276182
98.0 1.9523355576739752
101.0 2.178723404255319
107.0 2.066078184110971
111.0 2.056224899598394
117.0 2.1422594142259412
120.0 2.06503655155029
127.0 2.0459540459540464
131.0 1.83471444568869
138.0 1.8467087466185754
141.0 2.0913964768955835
147.0 2.0551931761164073
151.0 2.103209242618742
157.0 1.9883495145631067
161.0 1.7754659731252709
168.0 1.5215453194650816
172.0 1.9854580707707221
177.0 1.3531549388833828
183.0 1.8716015535755084
188.0 1.788646288209607
191.0 1.653279515640767
198.0 1.8980537534754403
201.0 1.6657177714518094
209.0 2.0892629431267533
