0 2.1506957206615906
2.0 2.12448132780083
9.0 2.1433804290947145
12.0 2.171216538563477
19.0 2.164332892998679
22.0 1.8322522925520017
29.0 1.194691556074085
35.0 2.0172371337109087
39.0 3.232833464877664
41.0 2.014261126137202
49.0 2.104830421377184
52.0 1.9830549503752117
59.0 1.8733135147495998
63.0 2.13555787278415
69.0 2.0828883803712177
72.0 2.056224899598394
79.0 1.0844585649986762
86.0 1.4924394243031518
91.0 1.932987258140632
93.0 1.332465842550423
101.0 1.3955706984667802
111.0 0.4913922380181153
115.0 1.770860354517942
120.0 1.0094886013555144
126.0 1.28643216080402
131.0 1.8897347174163783
133.0 1.28240450845335
141.0 1.1056822783101634
146.0 1.3875338753387534
151.0 1.4143646408839778
154.0 0.7718835390558748
166.0 0.623297572852469
171.0 1.0737973522086774
183.0 1.45377107364685
191.0 0.6656374421061184
191.0 0.6576222204383078
207.0 1.4908098271155594
