0 3.075075075075075
6.0 2.1620480337820003
17.0 3.005135730007337
18.0 0.6787075393537697
36.0 2.1495670427709266
47.0 1.9131247080803362
58.0 2.095140664961637
67.0 2.0531328320802005
78.0 2.007843137254902
88.0 2.064516129032258
97.0 2.990872581234027
99.0 2.156924697209057
107.0 3.331435542903619
108.0 1.44352422907489
119.0 1.7632371932845459
120.0 0.9521152952115297
132.0 0.9688941454760497
134.0 2.2493135639758375
137.0 1.4989935956084173
150.0 1.4336716835841792
160.0 1.829796738887648
169.0 2.064516129032258
179.0 2.0252163164400496
189.0 1.9162573099415203
199.0 2.1037493579866458
208.0 2.010306748466258
