0 2.4359203092476953
3.0 2.4279786603438054
5.0 1.8630884694109617
14.0 1.8281633563936621
16.0 1.9869027407227746
24.0 1.8639362912400457
26.0 2.13111342351717
33.0 1.9194001874414246
36.0 2.0202219482120842
44.0 1.932987258140632
46.0 1.8306145251396648
54.0 1.9754039064383893
56.0 1.9279830548364323
64.0 1.9773111272025103
67.0 1.9607467687888944
74.0 2.033763654419067
76.0 2.006859382655561
84.0 2.1233799896319336
86.0 1.9763570566948132
94.0 2.0172371337109087
96.0 2.0749746707193517
104.0 2.1042897508348317
106.0 2.038825286212046
114.0 1.9797003383276948
116.0 0.7431059506531206
131.0 0.796887159533074
132.0 1.1582072670719639
149.0 0.7856526325884722
150.0 1.6040728411983551
157.0 1.0030610995469573
168.0 0.8341309438957337
172.0 0.8890818319947905
179.0 0.6190584145696365
185.0 0.8238133547868061
190.0 0.8746530002135383
199.0 0.6474353908164071
205.0 0.9562273841484767
208.0 2.0053855569155448
