0 2.55600624024961
6.0 1.164628945123685
20.0 2.664931685100846
26.0 1.065418129795812
41.0 2.9425287356321843
46.0 1.8652094717668488
57.0 1.6253968253968254
68.0 2.1338890336025007
77.0 2.402346041055718
86.0 0.8130210400952759
103.0 1.369441658308258
119.0 1.1603399433427761
130.0 2.6692733789507983
136.0 1.8257187430354356
147.0 1.2583717357910906
159.0 1.9560649474689589
166.0 1.9792220343078035
176.0 1.0086185668554544
191.0 2.7920927062031358
195.0 1.8095869229070025
207.0 1.9407723288320304
