0 2.7930446641663824
9.0 2.1233799896319336
19.0 1.625719388767613
31.0 2.4115395937591995
39.0 2.089795918367347
50.0 1.7123745819397993
61.0 1.578115969947987
72.0 2.4689572031344182
79.0 2.07971566387408
90.0 1.5125553914327916
101.0 1.5714559754460005
111.0 2.0697321879737243
120.0 2.060362173038229
130.0 2.054162487462387
140.0 2.1069958847736627
150.0 1.9792220343078035
160.0 1.6325229174970108
171.0 1.9495478343645882
180.0 0.9225225225225224
195.0 3.2188605108055013
198.0 0.8846652267818574
