0 1.1484648815365204
7.0 1.695364238410596
8.0 2.3466055571469493
13.0 2.0474881279680077
17.0 1.9975615703486953
27.0 0.5899467089154544
33.0 2.1591987348444914
37.0 2.079187817258883
43.0 2.0686868686868687
47.0 1.0555340806597087
57.0 1.376112884260037
59.0 2.721594684385382
62.0 0.847682119205298
73.0 1.794523548740416
74.0 3.253375694996029
76.0 1.9649796114176064
83.0 1.8546524790581844
87.0 1.9546647578143643
93.0 1.8281633563936621
98.0 1.8630884694109617
103.0 2.1010515516799178
107.0 1.7466950959488272
114.0 1.4848649628421242
119.0 1.7134490692323783
124.0 1.7666594781108476
128.0 1.8425551057130005
134.0 1.9532665712923225
137.0 1.7159614578969418
144.0 1.556526695800874
148.0 1.3710460251046026
155.0 2.1609074122922713
157.0 2.068164604897753
163.0 2.1649048625792813
167.0 2.083948104807937
173.0 2.088197807800153
177.0 2.097823303457106
183.0 2.1501312335958005
187.0 2.1184380656839927
193.0 2.117342982682864
197.0 1.9261697625205736
203.0 1.7735440571552286
208.0 2.067642604745078
