0 1.9697042558307287
1.0 1.9162573099415203
10.0 2.078132927447996
10.0 1.5447859702055442
21.0 1.6199327664623293
22.0 3.1255246089278903
29.0 1.8711740520785747
30.0 2.12008281573499
40.0 2.1222797927461143
40.0 2.0802437785678007
50.0 2.0459540459540464
50.0 1.9917335278385604
60.0 2.06503655155029
60.0 0.9842604829989187
74.0 1.0154952274699391
75.0 1.2764100966033032
82.0 1.3484773662551441
83.0 1.3943829787234043
92.0 0.9611639094215653
95.0 1.8923538923538925
101.0 1.1642978965321207
103.0 2.2774534334167362
111.0 0.951451800232288
114.0 2.0892629431267533
121.0 0.5169106511862696
132.0 1.1076257436452135
135.0 1.8285714285714285
142.0 0.7562078833194867
148.0 0.7290850836596653
159.0 1.5750817150547973
162.0 1.819231623362203
172.0 1.4476055840254463
173.0 2.0277227722772277
181.0 0.7236749116607775
189.0 2.028224808120822
191.0 1.7066666666666668
202.0 1.3922501699524132
203.0 1.407802027839835
