0 2.2946778711484592
3.0 1.110177530830736
13.0 1.254709756471129
17.0 0.8235648939378708
26.0 1.152342101561401
27.0 1.7333897587812104
31.0 3.032950758978156
32.0 1.643989564519366
40.0 1.6393836301781068
45.0 1.5100460829493088
51.0 1.9279830548364323
54.0 1.670813787477055
60.0 1.7992532396222272
64.0 1.9495478343645882
70.0 2.018728437654017
74.0 1.8032137354171252
80.0 1.8664843928001822
84.0 1.8413126545291076
90.0 1.888427846934071
94.0 1.2788011239463004
102.0 1.3088352772008307
106.0 0.9239792465598917
114.0 1.9171542241984556
120.0 0.6023086537754576
123.0 1.9393939393939392
130.0 1.457132692991818
136.0 1.7560557341907825
140.0 1.8306145251396648
144.0 1.8044052863436122
150.0 2.174674807539156
153.0 1.5857530003871465
161.0 1.886253741653235
164.0 1.8135930927606816
170.0 1.7073780741975821
175.0 3.001832172957127
178.0 2.019723865877712
184.0 1.421235253296322
191.0 1.7466950959488272
194.0 1.8135930927606816
200.0 1.9252643948296122
204.0 2.070778564206269
209.0 2.016244154565592
