0 1.4747074707470746
6.0 2.0122819945959223
10.0 2.7930446641663824
13.0 1.994643291940589
20.0 2.058808745916059
24.0 1.8363595606366285
31.0 1.50976778474014
36.0 1.1388850271096902
43.0 1.5161947066444568
45.0 3.013980868285504
49.0 1.6620004057618178
55.0 2.106454101311391
60.0 2.0252163164400496
64.0 2.0913964768955835
70.0 2.02072027627035
74.0 2.095140664961637
80.0 2.196246648793566
84.0 2.1591987348444914
90.0 2.105371369827808
94.0 2.058808745916059
100.0 1.9490839876278847
104.0 1.5145128489554447
112.0 1.7824194952132288
115.0 1.7279055051676862
125.0 0.8058233326775526
126.0 1.7027644980253585
135.0 1.8763169949610627
141.0 1.685249948570253
145.0 1.480303577882183
156.0 0.5723468175784252
160.0 1.372424191656894
166.0 1.3849535080304312
172.0 1.3030062032766025
176.0 1.0466334483199182
184.0 1.72137003572179
185.0 2.2345881069285323
190.0 1.4005812959480253
196.0 1.763996554694229
201.0 1.2589518979560472
207.0 2.085539714867617
210.0 1.511718029156671
