0 1.9551312649164676
10.0 2.033258873169521
20.0 1.9037880548454567
30.0 1.3460400920144593
42.0 1.326210134369435
52.0 1.608166470357283
61.0 1.628628230616302
71.0 1.8139946855624447
80.0 2.0946049603681924
90.0 2.030235439900867
100.0 1.8635122838944496
110.0 1.659643435980551
121.0 1.6097465120848888
131.0 2.011787819253438
140.0 1.990281827016521
150.0 1.8571752437089097
160.0 1.4899963623135684
171.0 1.754551295780681
181.0 1.7363289529461636
191.0 1.9002551612154952
200.0 1.5392709507703872
