0 2.064516129032258
7.0 1.7949167397020158
10.0 1.5474121647147716
18.0 1.4576512455516015
21.0 2.028727092620109
27.0 2.0924648786717754
29.0 2.0844783715012722
37.0 2.0454431960049937
39.0 1.98979839689094
49.0 1.3193751006603318
49.0 1.8351254480286736
58.0 1.9449192782526117
59.0 1.4542872359311203
69.0 1.887557603686636
69.0 2.9267595569846376
76.0 1.9840155001210948
79.0 1.998048780487805
89.0 1.045564773452457
91.0 3.259848786311182
96.0 1.8285714285714285
100.0 1.8733135147495998
107.0 2.0454431960049937
109.0 2.109708987895957
119.0 1.4612914734213343
119.0 2.896746817538897
126.0 2.100512820512821
129.0 2.0029339853300736
137.0 1.7091591904861254
140.0 0.6820414619931731
155.0 0.8052688489137915
155.0 0.9946576007770761
171.0 1.0924123216428856
173.0 1.3128205128205126
179.0 1.5509276789095041
180.0 1.9830549503752117
189.0 0.8997254255903349
192.0 3.0878251036562383
196.0 3.1195734958111196
205.0 0.7689852623674082
206.0 2.022216736608245
