0 1.9749276759884282
6.0 2.1211807353702743
9.0 2.0108001963672066
16.0 1.932075471698113
20.0 1.625719388767613
27.0 2.022716049382716
30.0 0.817891373801917
43.0 0.7557195571955719
46.0 1.5061592204449348
58.0 1.7674217907227616
60.0 1.9476937708036137
67.0 2.056224899598394
70.0 1.3553937789543349
78.0 1.8871227827689472
80.0 1.334854163271957
88.0 1.1709548313321898
93.0 0.9564506713368359
101.0 1.5465357749669624
101.0 3.0228782287822877
105.0 1.6325229174970108
111.0 1.6766270978305362
117.0 1.2444174388576636
122.0 2.100512820512821
126.0 1.075912792224849
133.0 1.8958574404073134
137.0 3.0374490174267703
138.0 2.969191736136281
145.0 1.9444576311417043
150.0 2.009813542688911
156.0 2.024215468248085
160.0 2.1217301217301214
166.0 2.1938939475093733
169.0 1.6810999384362815
177.0 0.782127172045064
186.0 0.8747463961558996
192.0 1.0057704112952732
200.0 1.474442044636429
201.0 2.5393676379417234
206.0 1.565150936186473
