0 1.5384037558685446
3.0 1.0705697856769474
13.0 1.4039417309340188
14.0 1.0619652579725176
24.0 1.231324214640012
25.0 2.060880503144654
30.0 1.910002331545815
32.0 1.9046733317833062
42.0 1.1212701888858474
43.0 3.013980868285504
48.0 2.002444390124664
52.0 1.3917770981991167
62.0 2.064516129032258
62.0 1.5232428412049088
71.0 2.09353437260414
72.0 1.7002905770029058
80.0 1.7636167922497312
83.0 1.708802670004172
90.0 1.8083885209713024
92.0 1.4691535150645625
101.0 1.8055984130482698
102.0 1.4760360360360363
111.0 2.013271073973949
112.0 2.038825286212046
122.0 0.9769827072152654
124.0 1.520415738678545
131.0 1.7359610086882813
133.0 1.747067605033056
140.0 1.9467680608365017
142.0 1.3398756951259405
152.0 1.0376187460417987
156.0 2.0373041531957226
160.0 2.5584009993753902
161.0 1.3623815067354066
172.0 1.684556857906642
173.0 2.990872581234027
179.0 1.9668667466986793
182.0 1.5711545838128116
191.0 1.5306427503736921
193.0 0.9991462373460178
204.0 0.9871068803470298
206.0 2.475672408582653
209.0 2.771312584573748
