0 0.9806080919320087
5.0 2.5736726358781024
10.0 2.067642604745078
11.0 1.7070222963117314
22.0 0.8932504634172937
26.0 3.048753256419799
30.0 2.0317460317460316
31.0 1.8554926387315969
42.0 1.758317235458253
42.0 1.542168674698795
52.0 1.7478131000640067
52.0 1.56186844613918
62.0 1.2603076923076924
64.0 2.3352337514253136
71.0 1.6406969757660725
72.0 1.8836514141181881
81.0 1.837183224938327
82.0 2.064516129032258
91.0 2.0515902829952415
91.0 1.9158091674462114
101.0 2.002444390124664
101.0 2.060880503144654
111.0 1.981136638452237
111.0 1.8442143178748311
122.0 1.8622414185042055
122.0 0.8749332478906334
137.0 0.8563662973029478
137.0 1.3111395646606914
143.0 1.2225041038650948
144.0 2.619763351455069
150.0 0.8494400663625051
157.0 1.6078508341511286
162.0 1.6589712434183883
163.0 1.8293881196962931
172.0 2.0813008130081303
172.0 1.8698927185574068
182.0 2.021218850234394
182.0 1.802023757149142
192.0 1.928890981869555
192.0 2.0572576594676044
201.0 1.9389349112426038
202.0 2.0577744285355437
