0 1.149915777653004
3.0 2.6736292428198434
9.0 1.9692307692307691
9.0 1.8330722756768851
19.0 1.7697126809246058
20.0 1.1221917808219177
32.0 0.9225225225225224
35.0 1.1481429572529782
42.0 1.1994143484626647
43.0 1.7091591904861254
50.0 1.4279240020916855
52.0 0.8249748237663646
65.0 1.680755026672138
70.0 0.5275631117980422
73.0 1.146857062858743
82.0 1.1833020366892966
84.0 2.7152800795492213
88.0 0.6766333526059305
98.0 0.9511203993962615
104.0 1.9782661192948563
109.0 1.9739759036144575
110.0 1.4579106602598328
121.0 0.6755174404221983
128.0 1.2234169653524494
132.0 1.8840846366145354
139.0 1.4519673874512582
141.0 1.3882392814777156
151.0 1.1384102279043913
153.0 1.2217747949291573
162.0 0.7699971801861079
166.0 1.9467680608365017
169.0 1.8048028200044064
179.0 1.888427846934071
180.0 2.917378917378918
189.0 1.2017016282822355
203.0 1.4848649628421242
