0 2.3883381924198246
6.0 1.9311645450259312
17.0 1.8204444444444443
27.0 1.8429696287964001
37.0 1.9835351089588378
47.0 2.001955034213099
57.0 2.7315771923974657
66.0 2.0531328320802005
77.0 1.9051162790697673
87.0 1.4232105628908964
90.0 2.5744814582023885
97.0 1.9749276759884282
97.0 1.9311645450259312
107.0 2.0515902829952415
107.0 2.09353437260414
112.0 1.8588609031086907
117.0 1.8622414185042055
127.0 0.7876165753292953
128.0 1.2132701421800949
140.0 2.1535226077812832
142.0 1.235036936529474
150.0 1.8216588837002445
152.0 1.142379026635058
160.0 1.780482503803521
162.0 3.0612855007473843
166.0 1.921200750469043
172.0 1.8285714285714285
177.0 2.006859382655561
182.0 1.4573919231453476
189.0 2.060362173038229
192.0 2.018728437654017
197.0 1.9749276759884282
202.0 1.9495478343645882
207.0 0.49103878199364626
