0 2.018728437654017
3.0 1.4116836119248664
10.0 1.0693121002480095
16.0 1.617054875641532
20.0 2.960607155764366
22.0 2.109165808444902
28.0 1.4696806602081092
34.0 2.010306748466258
39.0 1.7120167189132705
43.0 1.8103867403314917
49.0 1.9407723288320304
53.0 1.8609722853248523
59.0 1.8767468499427262
63.0 1.5292141123763299
70.0 1.943534994068802
73.0 1.8517179023508137
79.0 1.9476937708036137
83.0 1.7697126809246058
89.0 1.4623348803998573
100.0 1.8703196347031965
109.0 1.5122761676204541
120.0 2.3648960739030023
128.0 2.035785288270378
138.0 2.173520827805784
148.0 2.116249031258073
158.0 2.0802437785678007
168.0 1.994643291940589
179.0 2.002444390124664
189.0 2.299831555306008
198.0 2.024715768660405
209.0 1.9616858237547892
