0 1.246121083054457
12.0 0.1265818872939104
17.0 1.1689497716894979
23.0 1.3948578239400646
27.0 1.3467039289824099
32.0 1.222686567164179
38.0 1.3161953727506428
42.0 0.7946454554272966
52.0 1.2770070148090413
52.0 1.9787439613526572
65.0 0.6219252960825994
69.0 1.7704776312945754
76.0 1.9518703836073386
80.0 1.7859167211685198
86.0 1.4478614351360906
97.0 1.8776071510428602
106.0 0.40939530234882554
106.0 1.5410082768999247
117.0 1.31072
122.0 1.5928446432043555
127.0 2.7425510545698026
129.0 1.5962587685113017
136.0 2.040857000498256
140.0 1.8720292504570382
146.0 1.8123893805309736
150.0 1.7027644980253585
156.0 1.9768339768339767
160.0 2.169491525423729
165.0 2.561601000625391
169.0 2.061917946136421
175.0 2.0383179895496393
180.0 1.8521365588966765
186.0 2.0122819945959223
190.0 1.9917335278385604
195.0 2.876404494382023
198.0 1.990281827016521
205.0 1.8232806588025816
210.0 2.0044042084658673
