0 1.5067132609895162
0.0 1.5636571864859707
10.0 1.5987509758001563
10.0 1.9555979947481499
19.0 2.021218850234394
19.0 2.0322500620193504
28.0 2.0257171117705246
29.0 2.2933930571108623
38.0 2.105371369827808
38.0 1.986420950533463
48.0 2.049537152864649
49.0 1.5775081840939726
60.0 1.7378022910479423
60.0 1.5814671814671815
70.0 1.3027989821882953
71.0 1.2970234325522483
81.0 0.8270570418980313
85.0 1.8733135147495998
89.0 1.0405182268512638
93.0 2.964893231994209
98.0 2.030235439900867
98.0 2.032754342431762
108.0 2.097823303457106
109.0 2.25054945054945
118.0 1.896735355406344
129.0 0.5914801444043322
129.0 1.5583032147612708
140.0 1.483520463600145
140.0 2.051076614922384
148.0 2.0919305413687432
149.0 2.0177339901477835
159.0 1.5355201499531397
160.0 1.7863061491495855
169.0 1.9055594324261453
169.0 2.024215468248085
178.0 2.192132726786192
179.0 2.0352795031055897
188.0 2.039840637450199
189.0 2.0352795031055897
198.0 2.009813542688911
199.0 1.3251374959560012
