0 1.1908707660997238
11.0 2.007351139426611
12.0 3.123141441097979
17.0 1.7766211234005638
29.0 1.4916241806263657
40.0 0.3067016098839386
43.0 3.217596229379419
49.0 1.6964174777386622
49.0 2.0639959687578733
58.0 2.286352218811052
60.0 1.6047012732615082
69.0 1.8711740520785747
70.0 1.8733135147495998
79.0 1.8597048808172532
81.0 1.9854580707707221
88.0 1.9692307692307691
90.0 1.8103867403314917
99.0 2.038825286212046
100.0 2.0718259989883663
108.0 1.9835351089588378
110.0 1.8858195211786373
118.0 1.643000401123145
121.0 1.5975039001560063
129.0 1.1988877506219815
133.0 2.804519000342349
139.0 0.6156158412865409
147.0 1.208437822687712
153.0 1.9504761904761905
158.0 3.0589992531740102
159.0 1.965451055662188
168.0 1.8754578754578755
170.0 2.0776058838447886
178.0 2.0526183913806064
180.0 1.990281827016521
188.0 2.0252163164400496
190.0 0.8726033233915637
205.0 3.2201257861635217
209.0 0.3303092617233176
