0 2.019723865877712
3.0 2.033763654419067
10.0 1.998048780487805
13.0 2.1195342820181113
20.0 1.8261257244761482
24.0 1.8079894063120725
31.0 1.2683077875832174
36.0 1.27224724336077
43.0 0.6917166258549354
51.0 1.273829886487327
53.0 1.6260420801905517
61.0 1.7670405522001724
64.0 1.6312226204699323
71.0 1.4309170305676857
75.0 1.9189505739048958
81.0 1.5366722941286812
84.0 2.1501312335958005
90.0 1.9104477611940296
93.0 2.042892768079801
100.0 3.3341473341473344
102.0 2.059326294620412
110.0 2.122829748639544
113.0 1.8793301215875202
121.0 2.0983606557377046
123.0 2.085539714867617
130.0 2.0444222610431746
133.0 1.9956151035322776
140.0 1.9234562103780228
143.0 1.9777885079671655
150.0 1.9216514191883651
153.0 1.9046733317833062
161.0 1.9835351089588378
163.0 2.04340234472437
170.0 2.9963423555230433
172.0 1.9297997644287395
181.0 2.090862685043389
183.0 2.1557894736842105
190.0 2.0577744285355437
193.0 2.157492757440084
200.0 2.0776058838447886
203.0 1.9598086124401917
210.0 2.0004884004884005
