0 3.240506329113924
2.0 2.1140645161290323
10.0 1.9922178988326849
14.0 1.9621556886227545
20.0 2.1411395713538948
23.0 3.3670365803534734
28.0 1.9307094037237802
34.0 1.7066666666666668
41.0 3.2417886822318955
42.0 1.9883495145631067
50.0 2.102669404517454
53.0 2.102669404517454
60.0 2.156924697209057
63.0 1.985939393939394
70.0 2.0202219482120842
74.0 2.0439121756487024
80.0 2.066078184110971
84.0 2.0292296259598714
90.0 1.8724571428571428
94.0 2.024215468248085
100.0 1.29928628072958
106.0 1.647958157312412
111.0 3.092487731219328
112.0 2.1184380656839927
120.0 2.003913894324853
124.0 3.08433734939759
129.0 1.7228180862250262
134.0 1.9302544769085768
140.0 1.8698927185574068
144.0 1.5369606003752345
152.0 2.041365561923748
154.0 3.1950078003120126
159.0 2.086070791953145
163.0 1.9645083932853717
170.0 2.1015905592611595
173.0 1.9144659967282076
180.0 2.142819775045776
183.0 1.9042305904230594
190.0 1.852555404794211
194.0 1.8771769019248397
200.0 1.4291695743196091
205.0 1.9768339768339767
210.0 1.7602062741727544
