0 2.601460781200381
2.0 1.6526124672180755
9.0 1.161491563873529
16.0 1.5067132609895162
21.0 2.7619689817936615
22.0 1.5518090547452168
31.0 1.7835837143479207
33.0 1.4589492430988422
40.0 1.9551312649164676
43.0 2.8074023303632627
47.0 0.47965337549036824
66.0 0.6489226869455006
67.0 1.665040650406504
74.0 1.8758873368445157
79.0 1.5553445984431364
84.0 0.835577315381477
94.0 0.9672924784508207
97.0 2.9111584932480454
98.0 2.9414721723518853
101.0 2.033763654419067
109.0 2.1184380656839927
112.0 1.3551695616211745
120.0 1.514792899408284
124.0 1.4309170305676857
134.0 0.473334488935113
141.0 1.1721276291314924
146.0 2.7778908104442186
147.0 3.0217631870158614
151.0 1.8622414185042055
159.0 1.0268237653547256
166.0 1.241588360109124
171.0 1.541878411443629
174.0 2.7188848323929635
177.0 0.9616152130531752
187.0 1.4773669972948602
190.0 2.360806916426513
192.0 1.447094152976506
201.0 0.7664670658682634
209.0 0.806537363394703
