0 2.1069958847736627
2.0 2.09032916560347
9.0 2.002444390124664
13.0 1.4003418803418803
21.0 1.0290164552191936
26.0 0.7166477123611233
40.0 0.46886446886446886
43.0 1.8135930927606816
50.0 1.19608702000292
55.0 1.9361852989836918
60.0 3.4005811540058115
61.0 2.016244154565592
70.0 1.941692344157383
73.0 1.903345724907063
80.0 1.8024202420242026
83.0 1.770860354517942
90.0 2.387642086855144
92.0 2.1042897508348317
100.0 2.070778564206269
102.0 1.4447971781305113
111.0 2.10753794700283
112.0 1.9153612345101705
120.0 1.6981757877280266
124.0 2.035785288270378
130.0 1.9015784586815228
132.0 2.1211807353702743
139.0 1.365560926821137
144.0 1.9816158684083212
150.0 1.6328483157265299
153.0 2.015748031496063
160.0 1.7224558452481076
163.0 1.5229596579289832
171.0 2.015748031496063
172.0 1.321503468301339
182.0 1.740386658168685
183.0 1.8888632695411578
192.0 1.066527795859914
193.0 2.697398748765229
199.0 2.25612778848802
209.0 0.40906821132527715
