0 1.371964495059454
7.0 2.094069529652352
8.0 1.8196357174589073
16.0 1.7643764807236701
19.0 1.9635666347075744
25.0 1.5621662852784135
30.0 1.7066666666666668
36.0 2.024715768660405
39.0 1.6894204990719737
46.0 1.8131916777335104
49.0 1.2497330282227308
58.0 1.6838643371017472
59.0 2.9425287356321843
64.0 1.6305732484076434
70.0 1.6609894566098944
76.0 1.9630960939372153
79.0 1.3257808706910503
87.0 1.654281098546042
89.0 1.515353311135775
100.0 0.8958880139982502
100.0 2.92885234179478
104.0 2.0439121756487024
109.0 2.028727092620109
115.0 1.9975615703486953
119.0 1.5067132609895162
127.0 1.5699501724798774
130.0 2.0112938865700953
135.0 1.9711260827718962
139.0 1.730826114515107
146.0 1.9203000468823255
149.0 2.011787819253438
155.0 1.9797003383276948
159.0 1.9975615703486953
165.0 1.9835351089588378
169.0 1.9777885079671655
175.0 1.995129079396006
179.0 2.079187817258883
185.0 1.9995118379301926
189.0 2.011787819253438
195.0 2.0252163164400496
199.0 1.9257169722614011
205.0 1.9117852975495917
209.0 1.7628577576931352
