0 2.0459540459540464
9.0 2.048512128032008
19.0 2.0983606557377046
29.0 2.0009770395701025
39.0 2.220054200542006
49.0 1.9348134152102032
59.0 2.041874376869392
69.0 1.7605845690952076
80.0 1.9588713534194164
89.0 2.024215468248085
99.0 1.903345724907063
109.0 1.9126780294186316
119.0 1.9426132321555611
129.0 1.7575627547736539
140.0 2.06503655155029
149.0 1.9171542241984556
159.0 1.7929525060188225
169.0 1.780095610604085
180.0 1.902903600464576
189.0 1.8351254480286736
199.0 1.9922178988326849
209.0 2.02072027627035
