0 1.985939393939394
6.0 1.6855967078189298
11.0 1.7964912280701755
16.0 1.1198906356801093
23.0 1.2589518979560472
28.0 3.0106578463800076
28.0 1.8421407690577916
36.0 1.5067132609895162
41.0 1.7960973470730102
50.0 0.542014026730184
57.0 2.066078184110971
60.0 2.07971566387408
70.0 0.5607502224656035
76.0 0.9858002406738868
84.0 1.3270694961930989
88.0 2.6956235603817045
89.0 1.3960463531015679
98.0 2.022716049382716
100.0 1.908667287977633
106.0 1.413632441760138
117.0 0.707487693237758
117.0 1.7579399141630903
126.0 1.5583032147612708
131.0 1.1327433628318584
139.0 1.6691116544417277
141.0 2.496039000609384
145.0 2.0262181548355183
150.0 1.9348134152102032
156.0 1.3344192865287505
162.0 1.4005812959480253
167.0 1.8512994350282486
170.0 2.727030625832224
175.0 0.9409602572938204
185.0 1.8396586570851112
186.0 1.253749617385981
192.0 1.297639790907651
198.0 1.052685684913904
204.0 1.9180519784593772
206.0 2.586675086832965
209.0 1.9936724263811147
