0 1.2677189724543487
3.0 1.9528009535160904
4.0 3.0239940937615355
9.0 2.739799331103679
13.0 1.0167556162343303
15.0 2.163189860047531
20.0 3.2125490196078434
20.0 1.8763169949610627
24.0 1.0702900444212178
34.0 0.9795527920602655
35.0 0.9153072625698324
39.0 2.8151202749140896
39.0 2.6383252818035428
43.0 1.0168818272095335
45.0 2.457108578284343
50.0 2.1810436634717787
51.0 2.156924697209057
53.0 2.384167636786962
60.0 2.100512820512821
64.0 1.1681163553400826
64.0 2.1495670427709266
70.0 2.4424567680381633
70.0 1.2107596807567247
76.0 2.22427368992669
80.0 1.6762840188254553
82.0 1.9965878625396054
84.0 2.018231091401823
90.0 1.2810007818608289
93.0 2.0252163164400496
94.0 2.23154453827295
101.0 1.5839133797370457
102.0 1.990281827016521
104.0 1.755303192629098
111.0 1.4075601374570448
113.0 1.593464306555145
115.0 1.7429787234042553
121.0 1.1906976744186046
124.0 2.440274054215073
130.0 2.3272727272727276
130.0 0.45043162698630884
138.0 1.7181208053691275
142.0 1.2736318407960199
143.0 0.6962434132245453
152.0 1.0248967846866008
154.0 0.7098171735551512
158.0 3.4726579058923273
159.0 0.9905683192261185
168.0 2.738883316616516
170.0 1.8208490775727941
171.0 0.9207598066764077
179.0 2.3378995433789957
183.0 1.245742092457421
183.0 1.02746770349931
185.0 2.326611758023289
190.0 1.9297997644287395
194.0 0.9191069224727926
196.0 2.8543554006968637
200.0 2.09353437260414
204.0 2.1456259821896277
