0 0.624152380952381
11.0 3.1483474250576484
13.0 1.9797003383276948
24.0 0.43814515697705514
36.0 1.091975473207145
38.0 2.881463243053113
41.0 3.052160953800298
43.0 2.0444222610431746
52.0 2.04340234472437
54.0 2.0252163164400496
62.0 2.0322500620193504
64.0 1.8962962962962961
72.0 1.7898186585099412
75.0 1.1018157363819772
88.0 0.6740167845976633
90.0 1.19608702000292
97.0 0.7562078833194867
108.0 0.5399775888207765
115.0 1.3958084852615438
126.0 0.862769878883623
127.0 2.0813008130081303
132.0 1.3244947453516571
136.0 1.58913676042677
145.0 1.0066355369869746
146.0 1.6647022962812437
153.0 1.5064361897756529
156.0 1.2620551532891697
167.0 0.5599453178400546
172.0 0.6002784494760753
184.0 0.9906881122263878
186.0 2.1305591677503246
194.0 1.2493518377306694
195.0 2.6357786357786357
201.0 1.9176029962546814
204.0 1.4728514922689677
