0 1.2337349397590363
2.0 1.7411264612114772
7.0 0.962406015037594
14.0 1.5633587786259542
18.0 2.7591781744695187
18.0 1.9284369114877589
27.0 1.8652094717668488
30.0 1.8265328874024525
37.0 1.8318425760286223
40.0 1.782031759843376
47.0 1.661663286004057
50.0 2.0459540459540464
59.0 1.4070766059773272
59.0 1.4200034668053387
68.0 2.0702552438716197
69.0 1.5436216318070473
78.0 1.932987258140632
80.0 1.5802469135802468
91.0 0.9669499527856469
91.0 3.2392249901146704
95.0 1.9840155001210948
100.0 2.1671957671957673
106.0 2.060880503144654
109.0 1.9239079379990605
117.0 2.007351139426611
119.0 2.8326417704011067
126.0 1.3865944482058226
131.0 1.0747835213854633
140.0 1.5603809523809522
141.0 2.728847435043305
146.0 1.9343565525383706
150.0 1.47523860976049
158.0 2.007843137254902
159.0 1.9180519784593772
170.0 1.164628945123685
170.0 1.091684434968017
180.0 1.2342926020792526
182.0 2.765698852126941
186.0 1.2001171989452095
192.0 2.9029057406094965
198.0 1.3922501699524132
199.0 1.4417458641323475
208.0 1.4623348803998573
