0 2.820936639118458
3.0 1.4795015351273253
4.0 2.4461033144222157
9.0 1.6031311154598824
14.0 1.670813787477055
21.0 2.1591987348444914
22.0 2.0526183913806064
30.0 2.022216736608245
32.0 1.8334825425246195
41.0 1.981136638452237
43.0 1.1578798586572439
53.0 1.3703579792572769
54.0 2.5544122232616155
59.0 0.9590259892296886
67.0 1.342290676716369
72.0 1.0460988379517302
76.0 3.1813592233009707
78.0 3.0476190476190474
81.0 2.0272209849047265
90.0 1.8941040462427745
93.0 1.9389349112426038
100.0 1.7370653095843933
103.0 1.1387267167083681
116.0 0.6107507641840005
119.0 3.04083147735709
121.0 2.04340234472437
130.0 2.178723404255319
132.0 0.9429097605893186
145.0 2.220054200542006
149.0 1.924812030075188
160.0 0.2839219491907254
167.0 1.5456603773584907
171.0 2.507499234771962
172.0 1.6766270978305362
181.0 2.028727092620109
183.0 1.7560557341907825
193.0 0.8354920958694544
196.0 2.5338694710794925
199.0 2.1135190918472655
202.0 1.787865560890441
210.0 1.8433843384338433
