0 2.5736726358781024
5.0 0.4489505124129994
6.0 2.6640650406504065
15.0 1.0187787588608381
16.0 2.5956907477820024
21.0 2.0029339853300736
26.0 1.2870384917517674
35.0 2.0127764127764127
36.0 1.2651737451737453
45.0 1.9311645450259312
46.0 1.2367149758454106
55.0 2.003913894324853
56.0 1.1952144733002625
65.0 1.9403126480341069
66.0 2.4395473496128646
72.0 1.9607467687888944
76.0 2.1660497091485986
82.0 1.9965878625396054
86.0 2.1211807353702743
92.0 2.0272209849047265
96.0 2.1350013031013813
102.0 2.109708987895957
105.0 2.058291457286432
112.0 1.7870855148342062
116.0 1.1952144733002625
125.0 1.4864815822899655
127.0 1.686637842289479
137.0 0.7220165697161995
140.0 1.7541755888650965
146.0 1.230954169797145
155.0 1.383082897180483
157.0 3.206262230919765
161.0 2.433749257278669
165.0 1.8521365588966765
173.0 2.024215468248085
176.0 1.8012313104661388
183.0 1.9126780294186316
186.0 2.038825286212046
193.0 2.046465151136647
196.0 1.964037401102853
202.0 1.6752556237218814
206.0 2.0956766436428755
