0 1.9744516751024344
9.0 1.8673353088671076
11.0 1.2114758947057085
21.0 1.5100460829493088
22.0 1.0317380352644836
33.0 0.6078053123608844
40.0 1.1231148889498217
42.0 2.4417287630402384
48.0 1.5888285492629945
52.0 2.0322500620193504
61.0 1.1850137422247937
62.0 3.143514965464313
68.0 1.8823529411764706
71.0 2.166622586617297
79.0 2.0439121756487024
81.0 1.9486203615604187
89.0 2.1233799896319336
91.0 2.0439121756487024
99.0 2.083948104807937
101.0 2.070778564206269
109.0 1.9711260827718962
111.0 1.755679382768967
120.0 1.8660592255125286
121.0 2.0237154150197627
129.0 2.049024512256128
131.0 1.6154604614474464
141.0 1.6999377464204193
142.0 1.7662785683484261
150.0 1.9270759821218535
151.0 1.6028174525533163
160.0 1.9616858237547892
161.0 1.5427495291902074
172.0 0.8497925311203319
175.0 1.0623784204383349
183.0 1.014112404060411
185.0 1.8954187875983342
189.0 3.06357516828721
190.0 2.0044042084658673
200.0 1.8504630675400948
201.0 1.9825750242013556
209.0 1.9189505739048958
