0 2.049537152864649
10.0 2.060362173038229
20.0 2.089795918367347
30.0 2.0342686863670227
40.0 2.0393328354493403
50.0 0.9466142824127571
65.0 2.314124293785311
69.0 1.5784200385356453
81.0 3.1975019516003127
89.0 1.9854580707707221
100.0 1.811988498119885
111.0 1.9936724263811147
120.0 1.8989337042188223
130.0 0.4753670283757906
153.0 2.4711915535444944
159.0 1.9002551612154952
170.0 2.070778564206269
180.0 1.6410256410256412
191.0 2.1222797927461143
200.0 3.263745019920319
209.0 0.008213857073673043
