0 1.085896076352068
2.0 3.0612855007473843
7.0 1.445817154959407
10.0 1.3614758185142095
20.0 1.1884520528071958
21.0 1.8322522925520017
29.0 1.3917770981991167
30.0 2.4373698304076163
38.0 1.7704776312945754
39.0 2.8102915951972554
47.0 1.5320740602206846
49.0 2.773188896411645
57.0 1.6633502538071065
59.0 1.8733135147495998
68.0 1.8771769019248397
69.0 1.144613664943412
81.0 0.9170491436247621
83.0 3.3058918482647295
87.0 2.524499229583975
87.0 1.9064463579241333
98.0 1.9077782952957616
99.0 1.9621556886227545
108.0 2.0307387208725833
108.0 1.9936724263811147
118.0 1.381683251813122
120.0 1.9162573099415203
128.0 1.9725499638815316
128.0 2.035785288270378
138.0 1.8853855005753741
139.0 1.9104477611940296
148.0 1.9095571095571096
149.0 0.7532873563218391
165.0 0.6525930056560185
167.0 1.246121083054457
181.0 0.9628584861307006
183.0 3.188789412222655
187.0 1.232064972176267
191.0 2.208086253369272
198.0 1.3073731248005105
201.0 1.6887239744382603
209.0 1.3040432983126393
210.0 3.10538286580743
