0 0.2665278500780843
3.0 1.1077755240027045
12.0 1.4867513611615246
16.0 2.1118845063160605
19.0 2.056224899598394
25.0 1.9509407001667063
29.0 1.9389349112426038
35.0 1.3920135938827527
41.0 1.7996485061511425
45.0 1.8758873368445157
49.0 1.3580901856763925
57.0 1.2091512915129152
62.0 1.5693486590038315
66.0 3.029585798816568
68.0 2.09353437260414
75.0 1.5912975912975915
80.0 1.9588713534194164
85.0 1.832662192393736
89.0 1.984976980857766
95.0 1.7957036387549319
99.0 1.9749276759884282
105.0 1.9912493923189112
109.0 2.0671208680292708
115.0 2.0444222610431746
119.0 1.8404852842057966
125.0 1.77009507346586
130.0 1.6003125610470794
136.0 3.153194765204003
138.0 0.9221071589374156
150.0 1.0231047833145999
153.0 2.877414822620302
154.0 2.9702683103698333
158.0 1.444033139432399
167.0 2.5370083617218953
168.0 1.2612779060816013
177.0 0.568375771872615
189.0 0.7748037453891988
194.0 0.6604321186713963
207.0 1.1860431446358766
208.0 1.3717347622237106
