0 1.3578650754185315
10.0 1.3669280827632238
12.0 1.3821494854057703
20.0 1.7723929035049761
21.0 1.5627623044639452
29.0 1.4214818670831164
32.0 1.8059964726631395
38.0 1.494890510948905
41.0 2.208086253369272
50.0 1.3934342575267904
50.0 1.6078508341511286
59.0 2.128898128898129
60.0 2.1758300132802124
67.0 2.0813008130081303
70.0 2.1506957206615906
77.0 2.0755003800354697
80.0 1.9504761904761905
88.0 2.4637593984962405
89.0 1.97017797017797
98.0 1.9716004813477737
100.0 2.2272974442631868
107.0 1.8055984130482698
110.0 2.1140645161290323
118.0 2.099436186570989
120.0 2.112429087158329
128.0 2.170066225165563
130.0 1.9602775783680304
139.0 1.8103867403314917
140.0 1.9060027919962772
148.0 1.849627455407541
150.0 1.9792220343078035
158.0 2.042892768079801
160.0 1.910002331545815
168.0 1.5645530939648589
171.0 1.8776071510428602
178.0 2.1135190918472655
180.0 1.8630884694109617
188.0 1.2070134079858554
193.0 2.003913894324853
198.0 3.142309167625623
199.0 1.7378022910479423
208.0 1.9883495145631067
210.0 1.9307094037237802
