0 2.0373041531957226
1.0 1.9730250481695568
11.0 1.3178893178893178
12.0 0.9643319599764568
25.0 0.7697077891571924
26.0 2.507499234771962
30.0 1.7874754527602006
40.0 1.4037011651816313
43.0 2.0108001963672066
50.0 1.7624784853700517
51.0 1.9528009535160904
61.0 1.2917060864080732
62.0 1.5612731084429197
71.0 2.028727092620109
71.0 2.018728437654017
81.0 1.5243766282098996
81.0 1.7113014414038021
90.0 1.9108933986470726
91.0 1.8797613584212942
101.0 0.8163428001993025
105.0 1.9176029962546814
111.0 2.0257171117705246
120.0 2.0172371337109087
121.0 1.8355366345507504
130.0 1.6344772545889865
132.0 2.05005005005005
139.0 1.4935278030993617
142.0 2.1184380656839927
149.0 1.7643764807236701
151.0 0.9719981015662078
164.0 2.060362173038229
169.0 0.6414030692139053
170.0 1.8806244260789715
181.0 1.0231047833145999
183.0 2.927805575411008
188.0 1.9990239141044412
191.0 2.0624370594159114
199.0 1.9830549503752117
201.0 2.0718259989883663
209.0 2.0665993945509586
