0 1.8184239733629302
2.0 1.9678116742733605
10.0 1.9117852975495917
11.0 1.5201336054926702
21.0 1.7396474835421534
22.0 1.5156336725254393
31.0 1.5523971953761606
32.0 1.5990630489947295
41.0 2.073399139458365
41.0 1.6253968253968254
51.0 1.9011371547922953
51.0 2.1793030061186487
61.0 1.8040079277692136
61.0 2.0818297331639135
70.0 2.1637612255678818
71.0 2.1439413766029833
81.0 0.6694998365478914
88.0 2.078132927447996
91.0 1.8396586570851112
100.0 1.2412121212121212
103.0 1.8888632695411578
110.0 1.2006448776198153
114.0 0.7481961822997535
128.0 0.5307418205377389
132.0 3.158057054741712
138.0 0.8789699570815451
146.0 0.9518940274227283
156.0 2.6762495916367204
160.0 2.3499713138267353
170.0 2.108080288214102
181.0 2.0551931761164073
191.0 1.1262029144899643
204.0 3.0796992481203005
210.0 1.159682899207248
