0 2.3601267646211466
1.0 2.0373041531957226
8.0 1.9207502930832359
11.0 2.5568039950062422
17.0 2.916340334638661
20.0 1.2524078887020331
31.0 1.1107796610169491
35.0 3.076229815996996
40.0 0.813182449870955
44.0 2.009813542688911
51.0 1.2925213000946671
60.0 1.887557603686636
61.0 1.21255180580225
71.0 1.886688162137264
71.0 0.9871068803470298
83.0 1.3320325203252033
83.0 2.771312584573748
87.0 1.4399718755493056
93.0 1.4056280027453671
100.0 1.7797088855094505
102.0 1.3795890872347594
110.0 1.984976980857766
111.0 1.381683251813122
120.0 2.016740521910389
121.0 1.6410256410256412
129.0 1.4306671323786238
133.0 1.9104477611940296
138.0 1.080168776371308
145.0 1.4592091200570003
150.0 2.4431852072770655
151.0 0.9523366658916531
163.0 1.1245024021962937
164.0 1.6103793984666799
169.0 1.8375953342305966
172.0 1.1374618161621772
181.0 1.0353892821031345
185.0 3.915869980879541
186.0 1.738171016337789
192.0 2.2793544796883696
198.0 0.8160988244670253
207.0 0.6252957789481718
