0 0.5566730089698287
2.0 1.3405334642448046
11.0 1.3119795003203076
13.0 1.0340823024488766
22.0 1.0399898438491813
25.0 2.1211807353702743
28.0 1.4478614351360906
33.0 1.990281827016521
38.0 1.9481569560047562
41.0 1.8609722853248523
51.0 1.1147094842835759
52.0 2.015748031496063
58.0 1.7704776312945754
62.0 1.8698927185574068
69.0 1.0705697856769474
75.0 1.0154952274699391
82.0 1.2503052503052503
84.0 2.4482964734010757
88.0 0.8687168610816544
97.0 1.5965698694211654
99.0 3.044221479004088
100.0 1.902903600464576
111.0 1.1246567819879187
112.0 3.0206489675516224
117.0 1.4599893067189451
123.0 1.8273477581976356
129.0 1.0260521042084167
135.0 1.8533936651583711
139.0 1.2054149499705709
144.0 2.024715768660405
148.0 2.2486961295635464
151.0 1.6192923502668513
159.0 1.8160053203280868
162.0 1.3504780745136828
171.0 1.8971746178786477
172.0 1.7116590054325116
182.0 1.0380131779016726
182.0 2.46006006006006
188.0 1.7571857571857572
192.0 1.7013499480789198
199.0 1.5022923161562443
203.0 1.9149135109864424
209.0 1.8980537534754403
