0 1.6009380496384602
10.0 1.2041746288402175
15.0 3.253375694996029
17.0 3.3450387913434056
20.0 2.288268156424581
24.0 2.008335376317725
29.0 2.2074912422527624
31.0 3.5023514322359985
31.0 2.088730239673636
38.0 2.2394751230180425
41.0 2.445373134328358
42.0 2.079187817258883
48.0 2.3239716312056737
51.0 2.238251366120218
52.0 2.0272209849047265
59.0 2.415094339622642
61.0 2.2698808534220007
62.0 2.108080288214102
68.0 2.5121128488193802
71.0 2.2230664857530527
72.0 2.3279340721795965
78.0 4.322955145118733
79.0 2.109708987895957
83.0 0.6219725153746869
98.0 0.6920672467686069
99.0 0.6548884802941882
101.0 1.3145057766367139
111.0 1.878468241229076
113.0 0.76119680356811
118.0 1.0621029430831066
122.0 1.8971746178786477
123.0 1.9108933986470726
131.0 2.109708987895957
133.0 1.3717347622237106
133.0 1.8879926250288084
143.0 0.7590808005930318
145.0 0.83788483174798
147.0 2.264860381531656
151.0 2.3017701601573477
152.0 1.818827708703375
159.0 2.223669923995657
162.0 0.9767497317276738
166.0 1.3009369541051294
171.0 2.3213374893737604
172.0 0.9207598066764077
176.0 2.8824771287825475
182.0 0.781455690165029
185.0 0.6854082998661312
189.0 2.4301394245031145
192.0 2.0850089081191143
198.0 2.208681585332974
203.0 0.8720459868000852
207.0 2.7882913546630363
210.0 1.4022595001711744
210.0 2.209873212840572
