0 1.7148838182960016
4.0 1.4819102749638207
15.0 0.3940735039445834
27.0 0.8520020800832033
29.0 2.1217301217301214
33.0 0.9336676544335538
48.0 0.5149286567351813
52.0 1.9555979947481499
60.0 0.5743129556926528
64.0 1.8285714285714285
70.0 1.0388029419223943
77.0 1.4087704213241616
82.0 2.9404163675520456
82.0 1.5283582089552237
91.0 2.0531328320802005
93.0 1.4704720875964818
102.0 1.7746967071057194
104.0 1.557118418551606
111.0 2.061917946136421
113.0 1.7422373458102935
121.0 0.8891783349614676
129.0 1.4829833454018826
132.0 3.1987504880905897
132.0 1.9297997644287395
140.0 2.1683430386447857
143.0 2.1506957206615906
150.0 2.019723865877712
153.0 1.1138001359619307
163.0 1.3558424362793777
165.0 1.8355366345507504
170.0 1.5562310030395134
175.0 1.4739114789492624
182.0 1.346482577251808
186.0 1.189487440104545
193.0 0.9764004767580452
198.0 2.8573421695151726
199.0 3.138697318007663
202.0 1.1936470931079703
