0 2.09032916560347
0.0 1.6762840188254553
11.0 1.2071912761567936
13.0 2.826777087646653
19.0 1.9257169722614011
20.0 2.0474881279680077
30.0 1.2626387176325522
32.0 1.6047012732615082
41.0 1.1289966923925026
43.0 2.9080582179623713
49.0 1.7662785683484261
51.0 2.178723404255319
60.0 2.086070791953145
60.0 1.9430740037950665
70.0 1.3212903225806452
72.0 0.7462197121515759
87.0 0.6319037334156125
89.0 2.060362173038229
100.0 1.2444174388576636
102.0 2.07444922765257
110.0 1.363288400732235
112.0 3.30989898989899
118.0 1.0061409972979611
124.0 1.447349823321555
132.0 1.1208099603228896
133.0 1.6522791448164582
141.0 1.1015194298776387
144.0 2.8543554006968637
149.0 1.9697042558307287
150.0 1.9917335278385604
160.0 1.8927911275415894
160.0 1.9024616813748256
170.0 1.9706519124368536
170.0 1.9495478343645882
180.0 1.92435987784825
180.0 1.9467680608365017
190.0 2.036291324881929
190.0 1.996101364522417
200.0 2.0818297331639135
200.0 2.0029339853300736
210.0 1.8656342518788431
210.0 2.054162487462387
