0 1.546243865609664
0.0 3.2226593233674277
6.0 1.8597048808172532
9.0 1.9230046948356807
17.0 2.018231091401823
19.0 1.802023757149142
28.0 1.9621556886227545
29.0 1.8355366345507504
37.0 1.9965878625396054
39.0 1.8302055406613047
48.0 1.9518703836073386
49.0 1.7992532396222272
58.0 1.9659227261819054
59.0 1.8980537534754403
67.0 1.8334825425246195
69.0 1.8131916777335104
78.0 2.095140664961637
79.0 1.7681847614936326
89.0 1.3034208432776453
89.0 1.8910433979686059
99.0 1.278003120124805
99.0 0.7912682314305033
113.0 0.8997254255903349
116.0 1.8216588837002445
119.0 2.188034188034188
127.0 3.1171993911719937
127.0 2.05674114988702
137.0 1.7678031937850667
139.0 1.7289995778809624
148.0 1.8437992347512944
149.0 1.9922178988326849
157.0 1.9598086124401917
159.0 1.8504630675400948
167.0 1.9682844786160498
169.0 1.481106490688845
179.0 2.028224808120822
179.0 3.257256461232604
185.0 2.102669404517454
189.0 1.9878670225673376
197.0 2.0639959687578733
199.0 2.0728744939271255
207.0 1.965451055662188
209.0 1.4399718755493056
