0 1.4787003610108305
1.0 1.5292141123763299
8.0 1.7077340004169272
11.0 1.1702857142857142
19.0 1.9504761904761905
20.0 2.058291457286432
26.0 1.995129079396006
30.0 2.0004884004884005
40.0 0.5861476817401259
46.0 1.3460400920144593
52.0 2.183368869936034
56.0 1.3303020461188697
62.0 1.282003129890454
69.0 0.9323924425221944
75.0 1.3285760622770029
78.0 2.386946386946387
79.0 3.253375694996029
85.0 2.1677692511246365
96.0 0.811812506193638
96.0 2.0444222610431746
106.0 2.3911266783420895
109.0 1.8993739856248553
117.0 2.1389033942558746
120.0 2.061917946136421
126.0 2.199785177228786
130.0 2.6562905317769134
135.0 0.9370853351635781
145.0 1.980178873579889
146.0 3.1314984709480123
148.0 1.8989337042188223
157.0 3.2
158.0 1.9626257786296117
167.0 1.4200034668053387
172.0 1.12157721796276
180.0 1.5442035815268615
181.0 3.029585798816568
185.0 1.4034606818571185
192.0 1.0577146546158813
200.0 1.6390556222488994
201.0 1.0879150066401062
