0 2.106454101311391
5.0 1.3974752644148756
10.0 2.090862685043389
15.0 2.040857000498256
18.0 2.1283450246817357
25.0 2.111340206185567
28.0 1.8012313104661388
36.0 1.9840155001210948
39.0 2.0828883803712177
45.0 1.9844961240310077
49.0 2.1366718831507563
55.0 2.0202219482120842
58.0 2.088197807800153
65.0 2.078132927447996
69.0 2.06503655155029
75.0 1.777777777777778
79.0 1.8028169014084507
86.0 2.035785288270378
88.0 1.9230046948356807
96.0 1.8707467458323819
99.0 1.903345724907063
106.0 1.5657492354740061
110.0 2.0058765915768855
115.0 1.6838643371017472
119.0 2.060880503144654
125.0 1.9046733317833062
129.0 1.84920993227991
136.0 2.152956636005256
138.0 1.9073341094295693
147.0 1.336378466557912
151.0 2.8713634770417102
154.0 2.748071117074807
158.0 1.9907654921020654
165.0 1.7743123240199263
169.0 1.7123745819397993
176.0 0.9780324737344794
183.0 1.3475900641552887
187.0 2.4115395937591995
188.0 1.3784284031633856
199.0 1.5699501724798774
200.0 3.0831765148663908
204.0 1.7743123240199263
209.0 1.9380175065057959
