0 2.05674114988702
2.0 2.0850089081191143
10.0 1.7960973470730102
13.0 1.8936662043458161
21.0 2.4301394245031145
22.0 1.6250743900019835
33.0 1.0057704112952732
34.0 3.032950758978156
39.0 1.928890981869555
42.0 1.8504630675400948
51.0 0.8547579298831386
58.0 3.390728476821192
61.0 1.2400847714199212
63.0 1.4414921696287173
74.0 1.0181456624409646
74.0 3.171506000774293
79.0 0.8600524934383202
88.0 1.295587537561284
95.0 0.8664198836594393
96.0 2.443914081145585
100.0 0.8783102819770559
108.0 1.230214746959003
113.0 1.7123745819397993
113.0 1.0143635463100544
126.0 0.7290850836596653
128.0 1.3287915652879156
134.0 1.2782025276954285
145.0 0.7652498832321345
147.0 0.8164241578632649
158.0 1.222686567164179
163.0 2.0108001963672066
172.0 1.3544973544973546
172.0 1.98209533026857
180.0 2.392523364485981
182.0 2.2869905080960358
192.0 2.3378995433789957
202.0 0.4359069866439632
205.0 2.8151202749140896
209.0 2.588309636650869
