0 1.7866957470010905
0.0 2.34257935373177
9.0 1.0088669950738918
10.0 2.5221674876847286
19.0 0.3204255652037863
38.0 1.2380232733867313
62.0 2.7694388100067613
66.0 1.4133885438233265
71.0 1.2165132165132166
80.0 0.856276784781018
85.0 2.978909090909091
85.0 0.8965743679544708
95.0 1.3726541554959786
99.0 1.2665429808286952
102.0 1.7257215083210449
107.0 1.4837891686288716
118.0 0.582977512097922
119.0 1.3212903225806452
129.0 0.6531132902814318
145.0 1.3381247958183602
159.0 1.473381294964029
168.0 0.15430691857070203
179.0 1.0911028236547682
180.0 1.8711740520785747
190.0 0.8190361927614477
193.0 1.3411918795022921
201.0 1.6072199332940946
208.0 1.7246315789473683
210.0 1.1950401167031364
