0 2.07444922765257
3.0 2.086070791953145
10.0 1.9453811446212301
14.0 1.1701185544922152
23.0 0.9175627240143368
28.0 1.0701502286087525
34.0 0.8203484878830363
40.0 2.0755003800354697
40.0 1.1638016763744852
47.0 0.772611525040083
57.0 0.7405532453444225
61.0 0.6798340248962655
79.0 0.5764954257565095
84.0 0.9900894367899445
98.0 0.5900316911552866
100.0 1.1272877390945368
114.0 0.4580118528458012
117.0 1.6103793984666799
121.0 1.3960463531015679
126.0 1.1697843781236614
133.0 1.4856728327892637
142.0 0.4354667233680629
148.0 1.8504630675400948
154.0 0.7868600518682164
157.0 1.4463276836158192
165.0 1.207547169811321
173.0 1.6224995048524458
175.0 2.049024512256128
183.0 1.0928495197438632
184.0 2.050563204005006
193.0 0.6793829822524465
198.0 1.6103793984666799
205.0 1.1302428256070638
