0 1.3257808706910503
6.0 2.100512820512821
10.0 1.4442877291960508
15.0 2.109708987895957
20.0 0.8133439237490072
30.0 1.7960973470730102
31.0 2.083418107833164
40.0 1.8793301215875202
44.0 2.0929994890137964
50.0 1.9598086124401917
54.0 1.85675430643699
61.0 1.0863280731998408
67.0 3.052160953800298
72.0 1.2050603118564285
73.0 1.6270109235352532
81.0 1.946305535756712
84.0 1.294973126778375
92.0 1.8941040462427745
94.0 1.7666594781108476
101.0 1.857596371882086
104.0 1.9068901303538173
110.0 1.4800361336946704
115.0 2.1178903826266806
120.0 1.3098816757275344
126.0 2.5834121728161463
129.0 1.0346046981561001
137.0 1.93755912961211
140.0 1.5922254616132168
145.0 2.048512128032008
150.0 1.4217285664699757
155.0 1.2597262801783793
163.0 1.3134519801186468
166.0 1.4491420484698392
175.0 0.8137478891427435
176.0 1.8888632695411578
184.0 1.0735159218975232
194.0 2.0474881279680077
194.0 1.8504630675400948
204.0 0.8749332478906334
206.0 2.5456805469235553
209.0 1.9060027919962772
