0 1.7123745819397993
3.0 1.8196357174589073
8.0 1.8355366345507504
12.0 1.9673390970220943
18.0 1.6838643371017472
23.0 1.4757701315078364
29.0 1.5292141123763299
33.0 1.6406969757660725
39.0 2.0697321879737243
42.0 1.8797613584212942
48.0 1.9965878625396054
52.0 1.7674217907227616
58.0 2.0347739692001987
62.0 2.033258873169521
72.0 0.7169613162961667
75.0 1.9725499638815316
82.0 1.8592827961870178
92.0 0.8923747276688454
93.0 3.0262282970077576
97.0 1.6025039123630673
104.0 1.9011371547922953
108.0 2.846421125781793
111.0 2.72975674775075
117.0 1.9490839876278847
122.0 1.0079980312538452
132.0 1.3644237175216525
134.0 1.903345724907063
138.0 1.8285714285714285
148.0 0.7935677613096968
149.0 1.44352422907489
159.0 2.2462297778996434
162.0 1.5912975912975915
169.0 1.7643764807236701
173.0 1.582078022402472
179.0 2.6231187960294586
181.0 1.6486214530086536
189.0 1.5249441548771407
199.0 0.719164252480028
199.0 1.2760124610591899
210.0 1.7224558452481076
