0 2.036291324881929
9.0 2.006859382655561
10.0 2.1591987348444914
20.0 1.8630884694109617
20.0 1.6302487562189054
30.0 1.798463227222832
30.0 0.778263347900437
46.0 0.6581505583674782
48.0 1.6053301979227905
60.0 1.5723608445297506
61.0 1.9234562103780228
70.0 1.7651368239603535
70.0 2.0988982833717653
79.0 1.9509407001667063
80.0 1.567246986799311
91.0 1.346482577251808
92.0 2.1816245006657793
99.0 1.38448538110529
102.0 1.74557852120179
111.0 1.56186844613918
111.0 1.770860354517942
120.0 1.8111872650895424
120.0 2.015748031496063
130.0 1.8580176910864143
130.0 1.764756570443774
140.0 1.9922178988326849
140.0 2.0728744939271255
150.0 1.12157721796276
153.0 3.0374490174267703
158.0 1.1013713363807476
163.0 3.159274971075974
169.0 2.1333333333333333
169.0 2.097823303457106
179.0 2.1637612255678818
180.0 2.550435865504358
189.0 1.990281827016521
190.0 2.0983606557377046
199.0 2.1118845063160605
200.0 2.0876656472986745
209.0 1.984976980857766
210.0 1.5854461002515967
