0 1.4239527203198332
9.0 1.5633587786259542
19.0 2.751763520322472
26.0 1.7902097902097902
38.0 1.1221917808219177
51.0 1.6250743900019835
58.0 1.593464306555145
69.0 1.2884554891475306
80.0 0.9748899202665714
92.0 2.768502872592092
96.0 1.927529411764706
108.0 1.4204959250910352
119.0 2.0956766436428755
127.0 1.832662192393736
138.0 1.1382520494650548
151.0 1.9230046948356807
158.0 2.105371369827808
168.0 2.077079107505071
178.0 2.154088877202209
188.0 2.1758300132802124
198.0 2.145064152919612
208.0 2.001955034213099
