0 1.304874163746416
9.0 1.6492852828669218
18.0 1.4929834153453616
28.0 1.3210772456055477
39.0 1.045564773452457
51.0 1.1850137422247937
60.0 1.2704714640198511
70.0 2.6247997436719
76.0 1.0060174382905562
91.0 3.0889894419306185
96.0 1.6463022508038585
108.0 1.9598086124401917
117.0 2.064516129032258
127.0 3.2846832397754606
136.0 2.095140664961637
147.0 1.8421407690577916
157.0 1.7105867613280437
168.0 1.7750812567713976
178.0 2.019723865877712
187.0 1.65762849048968
198.0 2.0577744285355437
207.0 1.8487925976077633
