0 2.038825286212046
3.0 1.9565321232385955
13.0 0.9304861426624261
14.0 3.0007326007326007
18.0 1.9171542241984556
24.0 2.0322500620193504
29.0 1.8139946855624447
34.0 1.8711740520785747
40.0 1.9869027407227746
43.0 1.8656342518788431
50.0 1.4532552776299452
55.0 1.542168674698795
61.0 1.0567595459236327
67.0 1.295382669196711
72.0 2.550435865504358
72.0 1.6780008193363376
80.0 1.754551295780681
84.0 1.932987258140632
89.0 1.9393939393939392
93.0 1.9020199674947758
100.0 1.9758803666184275
103.0 1.9602775783680304
113.0 2.23154453827295
