0 2.49908480780964
4.0 1.8613951374687572
10.0 0.6815307820299502
11.0 2.5021380574221133
14.0 1.1862148856067187
23.0 2.1614775725593667
25.0 1.1358846367165836
26.0 3.1801242236024847
29.0 2.3932223196026876
35.0 1.2518337408312958
35.0 1.759828141783029
41.0 1.7988581466842335
46.0 1.0844585649986762
47.0 2.6055979643765905
52.0 1.410468319559229
52.0 2.2876291538676345
55.0 1.793737683380775
61.0 1.7300950369588173
64.0 1.9389349112426038
65.0 1.932987258140632
70.0 1.887557603686636
73.0 2.3259511641113004
75.0 1.8269402319357717
80.0 2.51365449524394
82.0 2.3526708788052844
85.0 1.8626648476580265
90.0 1.5289287047405749
95.0 2.3017701601573477
95.0 1.9541984732824427
100.0 1.6119637937819757
104.0 2.4193738924985233
105.0 1.0976818973603109
114.0 1.0908122503328896
117.0 1.3908319185059423
117.0 1.3784284031633856
122.0 1.446583083171464
125.0 1.3249231764515608
127.0 1.8351254480286736
133.0 0.5505006383979572
141.0 1.8421407690577916
143.0 1.3934342575267904
152.0 2.5144260282381827
152.0 0.6134950947352655
153.0 0.7303851640513552
156.0 0.895790049207217
165.0 1.3676126878130217
165.0 2.042383445524807
166.0 1.9995118379301926
170.0 2.55361596009975
174.0 1.6755982818572304
174.0 1.6218570580083151
181.0 1.5817725429619618
184.0 1.2626387176325522
188.0 1.5823836198570602
191.0 1.114861186717474
196.0 2.5291756715035505
202.0 0.6346943519020687
204.0 0.9424758398527381
205.0 2.9985358711566614
209.0 2.365578977764944
