0 1.9528009535160904
10.0 3.311236863379143
18.0 1.9015784586815228
30.0 1.9797003383276948
40.0 2.021218850234394
50.0 1.9051162790697673
60.0 2.0828883803712177
70.0 2.5440993788819872
79.0 3.166602241979126
89.0 1.9777885079671655
100.0 1.788646288209607
111.0 2.007843137254902
120.0 1.9361852989836918
130.0 2.0137659783677484
140.0 1.9584030600047813
150.0 1.9730250481695568
160.0 2.001955034213099
170.0 1.9840155001210948
180.0 1.9398531849396166
190.0 2.0048947626040134
200.0 2.035785288270378
210.0 1.9758803666184275
