0 3.073921200750469
9.0 1.618332674832082
21.0 1.8554926387315969
30.0 1.4731163459809387
42.0 2.024215468248085
50.0 1.8504630675400948
60.0 3.1411042944785277
69.0 1.9626257786296117
80.0 1.9678116742733605
90.0 1.8471251409244647
100.0 0.7519045433685176
117.0 1.8945420906567993
130.0 1.98979839689094
140.0 1.8694659972615246
150.0 2.041365561923748
160.0 1.9293452661328305
170.0 2.403755868544601
179.0 2.0526183913806064
190.0 1.9389349112426038
200.0 2.0297324083250747
210.0 1.9412322274881517
