0 1.4886425586043976
6.0 2.0629564341475697
10.0 1.8871227827689472
15.0 1.9225533912227177
21.0 1.8533936651583711
25.0 1.520415738678545
32.0 1.6880280239027405
35.0 1.0886378737541527
44.0 2.154088877202209
44.0 3.2251968503937003
49.0 2.0999743655472956
54.0 1.3427306998852648
63.0 1.2066578288407719
67.0 3.0773854244928627
69.0 3.2430720506730006
73.0 2.1118845063160605
80.0 2.1140645161290323
84.0 1.8647848850443889
91.0 2.154088877202209
94.0 1.927529411764706
100.0 1.5845261121856868
105.0 2.0655572365103376
110.0 2.028727092620109
114.0 1.5039471268588214
122.0 1.465998568360773
126.0 2.586675086832965
129.0 1.2489708797072725
137.0 2.0713021491782553
140.0 0.9667217370781213
149.0 3.2290106424911316
153.0 1.0922666666666667
154.0 3.035198221563542
159.0 3.231558185404339
163.0 1.9189505739048958
170.0 2.1764080765143468
174.0 2.449760765550239
180.0 2.120631633445509
184.0 2.09032916560347
190.0 1.9523355576739752
194.0 1.5289287047405749
202.0 2.1283450246817357
204.0 1.511160302527209
