0 1.5086556169429097
8.0 2.05005005005005
10.0 1.3703579792572769
19.0 2.042383445524807
20.0 1.3809844908968307
29.0 1.9389349112426038
31.0 1.5022923161562443
38.0 1.9162573099415203
41.0 1.531787584143605
48.0 2.007351139426611
50.0 1.7188417960553923
58.0 1.8923538923538925
61.0 1.2013491714327615
70.0 1.9398531849396166
70.0 3.1018553578190082
76.0 2.009320578857003
80.0 1.7929525060188225
88.0 1.9532665712923225
90.0 1.730826114515107
98.0 1.3206512977591487
102.0 2.7379679144385025
106.0 1.2318796992481202
113.0 1.5323606434717547
118.0 2.127792207792208
120.0 1.6620004057618178
128.0 2.073924050632911
131.0 1.3425106522451653
139.0 1.9922178988326849
140.0 1.3877689310520074
149.0 1.5229596579289832
158.0 1.8273477581976356
167.0 2.0347739692001987
177.0 0.2244814073931987
183.0 3.005135730007337
186.0 2.0029339853300736
187.0 2.577721837633732
190.0 1.9995118379301926
197.0 1.2263473053892218
203.0 2.4258217352679896
206.0 2.3499713138267353
210.0 1.9551312649164676
