0 1.780482503803521
8.0 1.7549271636675234
10.0 0.9190038142248149
24.0 0.6723571897570585
25.0 2.8998230088495576
28.0 1.759450171821306
38.0 1.9108933986470726
39.0 1.9593398708442955
47.0 2.0403486924034873
49.0 1.3705872511293289
59.0 1.9569995222169136
59.0 1.4631184140025004
69.0 1.9523355576739752
69.0 1.9598086124401917
77.0 1.868613138686131
80.0 1.9754039064383893
87.0 1.8517179023508137
90.0 1.9565321232385955
97.0 1.9149135109864424
99.0 0.9468331021729081
114.0 0.6930039759749599
115.0 2.422235363690124
119.0 0.7254693588381155
135.0 0.7982849347105827
135.0 1.583301120989563
148.0 0.8925691871867508
154.0 3.0959939531368104
158.0 1.1138001359619307
160.0 3.048753256419799
166.0 1.7127325946058956
170.0 1.9024616813748256
177.0 1.6180130357495557
180.0 1.5089335052495856
188.0 1.7246315789473683
190.0 1.9883495145631067
197.0 1.8733135147495998
199.0 1.9773111272025103
207.0 2.12668743509865
209.0 2.0048947626040134
