0 2.1037493579866458
1.0 2.0237154150197627
11.0 2.0352795031055897
11.0 2.1118845063160605
21.0 2.0697321879737243
21.0 1.9302544769085768
31.0 1.9716004813477737
31.0 1.6925619834710743
42.0 1.4602495543672014
43.0 1.1160762942779292
55.0 1.0921210505265966
55.0 2.8258020006898934
61.0 1.1109302956333063
65.0 1.566048556681323
73.0 1.1068774489933795
75.0 2.0813008130081303
81.0 1.8588609031086907
82.0 2.1102524471921686
91.0 1.8123893805309736
92.0 1.9541984732824427
101.0 0.7194800632355525
109.0 1.984976980857766
111.0 1.9593398708442955
121.0 0.9767497317276738
126.0 2.7027383701748593
130.0 1.303628262253342
134.0 1.0810240168910001
145.0 0.6343503174849001
150.0 1.5286434036200782
153.0 1.9763570566948132
161.0 1.0594930160372478
165.0 0.8154489348994626
177.0 0.790199672036269
178.0 2.2511679032701295
191.0 1.446583083171464
193.0 1.8941040462427745
201.0 1.6059596157616154
202.0 0.9216921692169217
