0 2.0383179895496393
3.0 2.049537152864649
10.0 2.13555787278415
13.0 1.4623348803998573
22.0 1.5404287326062431
24.0 1.6496173983084979
31.0 1.677657177964366
34.0 1.9316199009667532
41.0 1.4725867337767393
45.0 1.9768339768339767
50.0 1.7152428810720268
54.0 1.9869027407227746
60.0 2.0112938865700953
63.0 1.6613263029811396
71.0 2.0237154150197627
73.0 1.998048780487805
80.0 2.0352795031055897
83.0 2.058291457286432
90.0 1.9777885079671655
93.0 2.067642604745078
100.0 1.6593072716224426
104.0 2.061399094111726
110.0 1.8801927932063345
113.0 1.9975615703486953
120.0 1.3687552213868002
125.0 1.3389996730957827
132.0 2.1597679936725545
133.0 1.6657177714518094
141.0 2.0177339901477835
143.0 1.965451055662188
151.0 2.06503655155029
153.0 1.9095571095571096
161.0 1.9108933986470726
163.0 2.063476070528967
170.0 1.9302544769085768
173.0 1.9444576311417043
183.0 1.160175612519473
183.0 3.0889894419306185
189.0 2.039840637450199
193.0 2.061399094111726
200.0 1.9297997644287395
203.0 2.0823589222165735
210.0 1.8508811568007228
