0 1.2444174388576636
7.0 1.4432699083861873
13.0 2.7188848323929635
13.0 1.7370653095843933
22.0 1.8269402319357717
25.0 2.312817617165443
31.0 1.2267145852051513
37.0 2.272399445214979
41.0 1.2296607625337737
47.0 2.271139451067369
51.0 1.4535131298793469
56.0 2.64856126737795
60.0 0.758448291824831
71.0 1.6995850622406639
72.0 2.2230664857530527
81.0 1.9528009535160904
84.0 0.83302826926988
97.0 0.8702857749920323
100.0 1.9706519124368536
101.0 2.5940468651044966
103.0 1.122960932145305
114.0 1.5802469135802468
115.0 2.770375380453162
120.0 1.591916051301982
125.0 2.8703573931324455
130.0 2.0551931761164073
134.0 2.571249215317012
140.0 2.083948104807937
144.0 2.3213374893737604
151.0 1.8980537534754403
154.0 2.3807032839290905
160.0 1.9393939393939392
164.0 2.444643390032826
170.0 1.9739759036144575
174.0 1.538114907998498
182.0 1.2412121212121212
187.0 2.0217176702862787
191.0 1.272642535342551
196.0 2.548848786558805
200.0 0.9264872200859534
209.0 2.0755003800354697
