0 2.0546777025332332
5.0 0.7873894655901577
17.0 0.8949093292549706
20.0 2.3918248175182484
24.0 1.66605653853976
36.0 0.8980486735365051
36.0 1.6859436097962543
41.0 1.2792004996876951
47.0 1.7459505541346974
51.0 1.2116550806093773
57.0 1.8823529411764706
61.0 2.9257142857142857
64.0 2.577721837633732
70.0 1.5011911306578707
76.0 1.519287833827893
82.0 1.6224995048524458
86.0 2.7610380856083583
90.0 3.099508134695422
93.0 1.151532190047793
104.0 1.377964676198486
107.0 1.3772696704774714
113.0 1.7851383743735016
115.0 2.8016415868673055
119.0 1.6810999384362815
126.0 1.990281827016521
131.0 1.4872912127814089
136.0 1.8139946855624447
141.0 2.7591781744695187
144.0 1.655953102890641
151.0 1.6964174777386622
161.0 0.6642880311385014
163.0 1.8652094717668488
171.0 2.024215468248085
175.0 1.9216514191883651
181.0 1.9579349904397705
185.0 1.9495478343645882
191.0 1.8932285648255143
195.0 1.8647848850443889
201.0 1.476568132660418
206.0 1.4998169168802638
