0 1.7260851243152127
6.0 1.6157790927021696
9.0 1.9523355576739752
16.0 1.8533936651583711
19.0 2.046465151136647
26.0 2.0322500620193504
28.0 2.0373041531957226
36.0 2.0776058838447886
38.0 1.1327433628318584
49.0 1.6380723855228954
49.0 2.272399445214979
55.0 0.9432354634427172
63.0 1.483520463600145
70.0 0.9102222222222222
71.0 2.916340334638661
74.0 1.9773111272025103
79.0 2.198604401502952
86.0 2.09032916560347
89.0 2.1535226077812832
96.0 2.127792207792208
99.0 2.07971566387408
107.0 2.006367866764634
109.0 1.8504630675400948
117.0 2.127239678005713
119.0 2.039840637450199
127.0 2.0383179895496393
129.0 2.1178903826266806
137.0 1.8630884694109617
140.0 1.8483754512635377
147.0 2.0403486924034873
149.0 2.0439121756487024
157.0 2.1195342820181113
159.0 1.5975039001560063
168.0 1.8601271571298819
169.0 2.042892768079801
179.0 1.3030062032766025
179.0 1.430417321459752
191.0 0.8570830717723373
192.0 0.795958025650991
203.0 0.7405532453444225
206.0 2.1211807353702743
