0 1.9797003383276948
11.0 1.4795015351273253
22.0 2.0322500620193504
31.0 2.0515902829952415
41.0 2.059326294620412
51.0 1.7098726779377997
62.0 1.9844961240310077
71.0 1.9990239141044412
81.0 2.0172371337109087
91.0 2.0262181548355183
101.0 2.0058765915768855
111.0 1.9922178988326849
121.0 2.0439121756487024
131.0 2.0373041531957226
144.0 2.2598620689655173
151.0 2.0307387208725833
161.0 1.188279663475486
174.0 3.1267175572519084
180.0 1.9840155001210948
191.0 2.0053855569155448
201.0 1.9252643948296122
