0 2.0624370594159114
3.0 2.0277227722772277
10.0 1.9015784586815228
12.0 1.9171542241984556
20.0 2.085539714867617
22.0 1.9002551612154952
30.0 2.1233799896319336
32.0 2.1394620005223297
40.0 2.1591987348444914
42.0 1.9792220343078035
50.0 2.104830421377184
52.0 2.044932601098352
60.0 2.0665993945509586
62.0 2.0352795031055897
70.0 2.016244154565592
72.0 2.1021298434693354
80.0 2.1506957206615906
82.0 2.09353437260414
90.0 2.1102524471921686
92.0 1.1987123207491952
105.0 0.7852008051375443
106.0 3.2833667334669334
111.0 0.8588802684000839
126.0 0.9430183032116958
127.0 0.9626321974148061
135.0 0.5592572364827963
143.0 0.9114374721851358
145.0 3.1544089333846745
149.0 1.8962962962962961
152.0 1.8724571428571428
160.0 1.951405431157694
162.0 1.5711545838128116
171.0 1.531787584143605
173.0 1.7422373458102935
181.0 1.094017094017094
186.0 2.400937866354045
189.0 3.013980868285504
191.0 1.9975615703486953
200.0 1.6486214530086536
203.0 1.8919168591224018
210.0 2.068164604897753
