0 2.203927898843153
8.0 1.9403126480341069
18.0 1.902903600464576
28.0 1.9518703836073386
38.0 1.5427495291902074
49.0 1.9659227261819054
58.0 1.6006252442360296
69.0 1.656957928802589
71.0 1.8204444444444443
79.0 0.8584302630200148
83.0 3.0453531598513015
87.0 1.3849535080304312
90.0 1.7666594781108476
99.0 0.9251270468661772
103.0 3.01620029455081
107.0 1.964037401102853
108.0 2.1102524471921686
118.0 2.127792207792208
118.0 2.147313237221494
128.0 2.09353437260414
128.0 2.1021298434693354
138.0 1.9588713534194164
138.0 3.2417886822318955
147.0 1.8758873368445157
148.0 1.793737683380775
158.0 1.93755912961211
159.0 2.05005005005005
168.0 1.8228749443702716
169.0 1.9878670225673376
178.0 2.0053855569155448
178.0 1.8643604915794265
188.0 1.8375953342305966
189.0 2.018231091401823
198.0 1.9162573099415203
198.0 2.1654771345492994
208.0 2.008335376317725
208.0 2.0217176702862787
