0 2.0521042084168335
10.0 1.9941577409931843
20.0 1.6876802637000412
31.0 1.7613416469576437
41.0 1.9158091674462114
51.0 1.9985362283483776
61.0 1.6218570580083151
71.0 1.6482897384305837
81.0 1.9907654921020654
90.0 1.3480335691953267
102.0 0.8623157894736841
116.0 3.301894397420395
119.0 1.3287915652879156
133.0 1.2393343419062026
143.0 0.8995278357307566
156.0 2.822880771881461
159.0 2.048512128032008
170.0 1.6985278872071323
181.0 1.2541334966319657
193.0 0.669117046475537
209.0 0.3502650932101932
