0 0.7347085201793722
8.0 1.2667388278954692
10.0 1.2892666037141958
20.0 1.8780375974323704
21.0 1.8083885209713024
31.0 0.7129677980852915
35.0 1.1611622962437986
51.0 2.8444444444444446
56.0 0.348195690058231
60.0 1.8989337042188223
68.0 1.8220640569395017
71.0 1.921200750469043
81.0 0.9107281823235132
82.0 1.8261257244761482
88.0 1.032258064516129
95.0 2.3897316219369897
100.0 1.007130563068601
102.0 1.9266227657572907
108.0 1.8508811568007228
111.0 0.953112274578243
122.0 2.5948685460880583
