0 0.8160988244670253
0.0 1.2552865461231995
10.0 1.1967859751643537
17.0 1.0777529272464148
21.0 2.765698852126941
23.0 2.351320321469575
27.0 1.536096006000375
36.0 1.8471251409244647
38.0 3.4048212801330004
43.0 1.97017797017797
48.0 2.0807721615443233
54.0 2.099436186570989
57.0 2.097823303457106
64.0 1.9486203615604187
68.0 2.07971566387408
74.0 1.7130907570054372
78.0 2.0828883803712177
84.0 1.987384764677341
88.0 2.0671208680292708
94.0 2.085539714867617
97.0 2.051076614922384
104.0 2.007843137254902
108.0 2.0307387208725833
114.0 1.932987258140632
118.0 2.001955034213099
124.0 2.0776058838447886
128.0 2.2831661092530657
134.0 1.9825750242013556
138.0 2.0232156087922943
144.0 2.315432447710571
147.0 2.067642604745078
154.0 2.046465151136647
158.0 1.6526124672180755
165.0 1.9883495145631067
168.0 1.74334964886146
178.0 0.7542583555842003
181.0 1.6100628930817609
189.0 1.6075353218210362
195.0 1.6018771998435668
199.0 1.8724571428571428
205.0 2.8102915951972554
207.0 2.0988982833717653
