0 1.5580068467097756
2.0 2.671014020215194
6.0 1.673202614379085
12.0 1.091975473207145
20.0 2.038825286212046
21.0 2.1804631354804362
26.0 2.030235439900867
31.0 2.0536475307094513
36.0 2.060880503144654
41.0 2.006367866764634
47.0 1.9060027919962772
51.0 2.0112938865700953
61.0 0.627835683629675
66.0 1.725358045492839
71.0 1.8635122838944496
77.0 1.6728609352664896
82.0 1.3705872511293289
88.0 2.007351139426611
91.0 1.2029368575624082
99.0 1.985939393939394
101.0 2.2812587023113338
106.0 1.1544532130777903
114.0 1.2904851921865155
119.0 3.099508134695422
119.0 1.0507952796305797
130.0 1.9073341094295693
131.0 2.299831555306008
136.0 2.0029339853300736
141.0 1.2742261627002645
149.0 1.9936724263811147
151.0 1.5491679273827532
158.0 2.042892768079801
161.0 1.1360421578144502
170.0 3.0150901729849098
175.0 0.9504582898248056
175.0 2.9425287356321843
180.0 2.0053855569155448
187.0 1.9697042558307287
191.0 2.083418107833164
196.0 1.9840155001210948
201.0 2.0551931761164073
206.0 2.058808745916059
