0 2.111340206185567
1.0 1.4097401479951817
6.0 1.7452066467831273
9.0 1.7568089212953035
12.0 1.9158091674462114
14.0 1.6828266228430566
19.0 1.7712432432432434
22.0 1.197835940927036
27.0 2.1250324254215305
28.0 2.314124293785311
34.0 1.3042509154593218
34.0 1.7773920590149708
39.0 1.1759977031294861
47.0 2.881463243053113
47.0 0.6988568503668317
49.0 1.1376197750312458
57.0 1.9773111272025103
59.0 1.2063024591370932
64.0 1.271654765600745
66.0 2.209277238403452
71.0 1.0623784204383349
72.0 1.5326473339569693
75.0 3.0601419499439673
77.0 1.4227162209100381
83.0 1.7746967071057194
84.0 1.3847194050033806
90.0 2.1637612255678818
94.0 1.8479584931197834
99.0 0.6108873974645787
101.0 2.2074912422527624
104.0 1.4146088758418234
110.0 1.5479969765684052
113.0 3.025110782865583
117.0 1.0277255049554634
118.0 1.912231559290383
122.0 2.7315771923974657
123.0 2.0444222610431746
128.0 3.144721689059501
130.0 1.9907654921020654
134.0 1.994643291940589
138.0 2.1461881058422847
144.0 1.0286288297338022
145.0 1.051604621309371
155.0 0.8076505964704722
155.0 0.8392582727179593
161.0 1.4989935956084173
163.0 1.4747074707470746
170.0 2.6366269713550046
171.0 2.0342686863670227
178.0 0.4380514410994064
179.0 2.3459335624284074
181.0 1.593464306555145
185.0 2.0999743655472956
188.0 2.486945962355798
191.0 1.1293079680176454
192.0 2.058808745916059
198.0 2.3419096626643796
201.0 2.3793203601510307
208.0 0.6423586607072845
