0 2.1010515516799178
1.0 3.0228782287822877
6.0 2.040857000498256
11.0 2.105371369827808
17.0 1.9883495145631067
21.0 2.1535226077812832
27.0 2.0317460317460316
31.0 1.856333559936551
38.0 1.1104785143012066
44.0 3.0658682634730536
46.0 2.384167636786962
50.0 1.5468277945619333
59.0 1.5568225009502092
62.0 2.010306748466258
71.0 0.5801288860562284
78.0 1.9537324111614598
81.0 1.4274263809025962
89.0 0.8373709496064603
96.0 1.48325185587543
99.0 3.2456418383518226
99.0 1.4407316215265564
109.0 1.9024616813748256
111.0 1.7260851243152127
118.0 1.9663946231397023
121.0 1.281802534814583
130.0 0.8932504634172937
136.0 1.2029368575624082
140.0 1.5337951694439242
142.0 0.7499084584401319
154.0 0.8139095876800796
157.0 1.1560824160316114
171.0 1.886253741653235
171.0 0.6239622210373982
187.0 0.4814292430653503
194.0 1.7217318200924758
201.0 1.0121077341240425
202.0 2.947822957898525
206.0 0.9878210539008803
