0 2.0515902829952415
0.0 2.0373041531957226
10.0 1.9297997644287395
13.0 1.908667287977633
20.0 2.095140664961637
23.0 1.1931255461695311
33.0 1.7797088855094505
34.0 1.5900621118012424
41.0 1.0708496732026145
47.0 2.224877783813145
53.0 0.5020530734816449
62.0 1.8413126545291076
64.0 0.6763540290620872
78.0 0.9488070419272643
78.0 2.953136265320836
82.0 2.54252017380509
89.0 1.9844961240310077
94.0 2.006367866764634
100.0 1.8793301215875202
104.0 1.8827855665364284
110.0 1.9060027919962772
114.0 2.0217176702862787
120.0 1.7519247219846021
124.0 2.0802437785678007
129.0 1.6110127826941987
135.0 1.9439962031324156
140.0 2.024715768660405
144.0 2.0531328320802005
149.0 1.7181208053691275
160.0 0.732737030411449
161.0 2.021218850234394
170.0 1.4116836119248664
175.0 1.9835351089588378
180.0 2.060362173038229
184.0 2.0439121756487024
189.0 2.0531328320802005
194.0 1.502016868353502
201.0 1.9673390970220943
204.0 1.987384764677341
210.0 1.8095869229070025
