0 1.488372093023256
8.0 2.141699346405229
9.0 1.9697042558307287
16.0 1.9316199009667532
20.0 1.9198500117178343
27.0 1.9537324111614598
30.0 1.8538130798823265
37.0 1.886688162137264
40.0 1.8630884694109617
47.0 2.1389033942558746
49.0 2.166622586617297
56.0 2.099436186570989
60.0 2.058291457286432
66.0 2.127792207792208
69.0 1.8396586570851112
77.0 2.0444222610431746
80.0 2.018728437654017
86.0 2.0232156087922943
90.0 1.9716004813477737
96.0 2.054162487462387
100.0 2.0629564341475697
106.0 1.9917335278385604
110.0 2.102669404517454
116.0 2.0844783715012722
120.0 1.9917335278385604
126.0 2.006859382655561
130.0 1.9673390970220943
136.0 2.0459540459540464
140.0 1.173975351103468
149.0 1.654615229246617
151.0 3.025110782865583
155.0 2.06503655155029
160.0 1.3805190428041791
168.0 1.9777885079671655
170.0 1.9412322274881517
176.0 2.0557089084065248
180.0 1.8989337042188223
187.0 1.6876802637000412
191.0 1.9565321232385955
196.0 1.8771769019248397
200.0 2.015252152521525
206.0 1.9593398708442955
210.0 1.9682844786160498
