0 2.1377870563674324
8.0 1.6028174525533163
11.0 1.9621556886227545
18.0 1.6599797365754814
21.0 1.8244988864142537
31.0 0.9176655091296069
33.0 2.2462297778996434
38.0 2.0217176702862787
40.0 1.6797211400451098
49.0 1.6393836301781068
51.0 0.64276186739898
67.0 0.724891602513052
68.0 1.8184239733629302
79.0 1.3195876288659791
82.0 1.9584030600047813
88.0 0.866145062381053
96.0 3.3491414554374486
99.0 1.0019569471624266
102.0 1.4631184140025004
110.0 1.0870488322717622
114.0 3.191273860537592
119.0 1.4981711777615216
120.0 1.5209803193464537
129.0 1.6387277455491098
131.0 2.0297324083250747
138.0 1.262444136230544
143.0 1.8845180584311017
148.0 2.4504935686509124
149.0 2.127792207792208
160.0 0.9594752869524479
163.0 2.529956763434219
168.0 2.038825286212046
170.0 3.193762183235868
177.0 2.0393328354493403
180.0 1.9956151035322776
188.0 1.9616858237547892
190.0 2.0655572365103376
198.0 2.1501312335958005
200.0 2.0749746707193517
208.0 1.6745707277187243
