0 2.0515902829952415
5.0 1.9739759036144575
7.0 2.3219954648526078
10.0 1.8036107441655658
16.0 1.9490839876278847
17.0 2.4158065467413743
20.0 2.820936639118458
24.0 1.4867513611615246
29.0 2.226086956521739
30.0 1.781256794955425
36.0 1.445817154959407
39.0 2.3445907269605035
40.0 1.9931873479318734
45.0 2.3102086858432034
47.0 1.7894276976845784
51.0 1.7662785683484261
56.0 1.7091591904861254
58.0 2.265486725663717
60.0 2.028727092620109
65.0 2.975662913185616
66.0 2.5858585858585856
69.0 2.6692733789507983
76.0 1.5329341317365268
77.0 2.173520827805784
80.0 2.3279340721795965
87.0 1.5404287326062431
91.0 0.817564870259481
91.0 2.3717429067747537
97.0 3.253375694996029
99.0 2.5761006289308175
109.0 1.4450520373963665
109.0 0.9418257070590941
110.0 1.4190195738783995
117.0 2.3601267646211466
120.0 1.0334300491989403
121.0 1.8152005317970308
126.0 2.3724297712134375
130.0 0.9116403294012908
132.0 1.1770114942528735
138.0 2.315432447710571
140.0 0.8137478891427435
143.0 1.5283582089552237
147.0 2.2021505376344086
150.0 2.7675675675675673
154.0 1.8635122838944496
158.0 2.2921096810296584
160.0 1.9068901303538173
166.0 1.7326565143824026
168.0 2.331910048391688
170.0 2.5051987767584096
174.0 2.3392347230154202
177.0 2.129451520665454
185.0 1.7925601750547047
188.0 1.921200750469043
195.0 2.089795918367347
197.0 2.006367866764634
205.0 2.046465151136647
207.0 2.169491525423729
