0 2.0526183913806064
4.0 1.9389349112426038
10.0 1.845460689344447
14.0 1.8156028368794328
20.0 1.5882124854594803
25.0 2.046976511744128
30.0 1.9616858237547892
34.0 1.1884520528071958
43.0 1.8989337042188223
44.0 1.7059558517284465
51.0 2.145064152919612
54.0 2.0655572365103376
60.0 2.0755003800354697
64.0 1.8601271571298819
70.0 2.1394620005223297
74.0 1.98209533026857
80.0 2.1535226077812832
84.0 1.8550724637681157
90.0 2.1042897508348317
94.0 1.794523548740416
100.0 2.0639959687578733
104.0 1.7957036387549319
110.0 1.8052005288673425
114.0 1.7723929035049761
121.0 1.9171542241984556
124.0 2.064516129032258
130.0 1.9412322274881517
134.0 2.0252163164400496
140.0 1.1971357591699547
153.0 0.6024858424652497
154.0 2.9832483612527314
159.0 1.8711740520785747
164.0 1.831023692445239
170.0 1.1074760037853184
177.0 0.7213172492735759
187.0 0.8263895894280238
190.0 2.016244154565592
194.0 1.7613416469576437
202.0 0.8815237275368557
210.0 2.058291457286432
