0 2.07971566387408
1.0 1.9584030600047813
11.0 1.0127333415749784
13.0 1.1560824160316114
22.0 1.4517100832890308
23.0 1.5594898153436132
31.0 0.64
40.0 0.8629516485831665
45.0 1.2925213000946671
51.0 0.4287658327227049
66.0 0.6210765731614859
69.0 1.3164068777117148
81.0 0.52971225347559
83.0 1.030310652748082
93.0 0.8153677714740718
105.0 1.3731143144485418
121.0 0.23705075525204006
122.0 1.515353311135775
131.0 1.0265664160401002
135.0 1.6253968253968254
142.0 0.9300635785649409
144.0 1.1015194298776387
155.0 1.2564417177914111
164.0 0.38300060778905043
167.0 0.8971635089256379
176.0 1.7264488935721813
180.0 2.285076708507671
181.0 1.8932285648255143
191.0 1.223782491783687
194.0 1.2669347355397462
202.0 1.5297852474323062
203.0 1.0679181332290444
