0 2.2407002188183807
7.0 2.3226538134391834
9.0 0.6283172265684921
13.0 1.835948005378754
18.0 2.206896551724138
20.0 1.2395218641246784
27.0 2.2370289459311854
30.0 0.8383993450005116
33.0 1.2402725208175622
37.0 3.052160953800298
37.0 2.1495670427709266
40.0 2.6468497576736674
43.0 2.127239678005713
47.0 2.3200226564712545
49.0 2.1769864469837894
54.0 2.3988286969253294
57.0 2.263608731693838
60.0 1.8694659972615246
65.0 1.8004395604395604
68.0 2.3392347230154202
69.0 1.8471251409244647
75.0 2.0755003800354697
77.0 2.291468531468531
79.0 1.40949759119064
86.0 1.6387277455491098
88.0 1.6406969757660725
91.0 1.4129010003449467
96.0 2.230936819172113
100.0 0.7079156584860008
105.0 1.4995423759838915
106.0 2.2673678383614724
110.0 1.376112884260037
116.0 2.3017701601573477
119.0 1.1228070175438596
121.0 1.4897254046190216
126.0 1.3161953727506428
130.0 1.8099867432611578
130.0 1.8135930927606816
135.0 1.8437992347512944
140.0 1.0438328236493373
141.0 2.0444222610431746
144.0 3.2559618441971385
146.0 2.318053197509904
149.0 1.9835351089588378
155.0 2.0919305413687432
157.0 2.064516129032258
160.0 2.0029339853300736
164.0 1.9352704937396648
168.0 2.3259511641113004
169.0 1.8971746178786477
175.0 1.9398531849396166
178.0 2.266740453790814
179.0 1.9883495145631067
184.0 2.0983606557377046
187.0 2.406580493537015
189.0 1.7579399141630903
195.0 2.0252163164400496
198.0 2.562402252111354
199.0 2.279988867241859
204.0 1.932075471698113
208.0 2.4824242424242424
209.0 1.4041823791566679
