0 0.30281299671016154
6.0 1.0278544542032624
13.0 1.5762940157783336
14.0 2.7009561490273657
18.0 1.038144721835002
26.0 1.356066876344976
31.0 1.523526129812163
35.0 1.665040650406504
40.0 0.7467639015496809
50.0 1.4022595001711744
51.0 1.3903598099117447
61.0 3.1568400770712906
68.0 0.5574685267097652
73.0 1.7348581109699277
80.0 0.5952623165237612
87.0 1.3969986357435198
91.0 0.8530667499739665
97.0 1.9739759036144575
99.0 1.2318796992481202
104.0 1.9046733317833062
109.0 2.6383252818035428
118.0 0.6002784494760753
122.0 1.9495478343645882
133.0 0.8127790455402322
135.0 1.0941632162414854
146.0 1.9956151035322776
149.0 1.1162283689876003
156.0 1.8771769019248397
159.0 2.8784258608573436
161.0 1.3292227811130943
171.0 2.0352795031055897
172.0 1.9754039064383893
179.0 2.1042897508348317
182.0 1.9334434741562425
189.0 1.6006252442360296
193.0 1.9490839876278847
199.0 2.05674114988702
202.0 1.8728852309099224
209.0 2.0373041531957226
