0 2.05005005005005
10.0 2.028727092620109
20.0 2.068164604897753
30.0 1.9792220343078035
40.0 0.6727436971339411
58.0 0.6004984606362703
80.0 1.8733135147495998
91.0 3.386523356758991
94.0 2.088197807800153
100.0 2.1327779224160373
104.0 2.1683430386447857
110.0 1.9348134152102032
114.0 2.111340206185567
120.0 2.0127764127764127
124.0 2.1461881058422847
130.0 1.3396565821749795
136.0 2.0728744939271255
140.0 1.8819205145876408
144.0 1.9917335278385604
150.0 2.019723865877712
154.0 2.048
160.0 2.120631633445509
164.0 1.9398531849396166
171.0 2.0728744939271255
174.0 2.109708987895957
180.0 1.4341736694677873
186.0 2.015252152521525
190.0 1.643000401123145
195.0 2.014261126137202
200.0 1.9149135109864424
204.0 1.1425383542538354
