0 1.9523355576739752
0.0 2.0988982833717653
10.0 2.060880503144654
10.0 2.049024512256128
20.0 2.0232156087922943
20.0 1.8135930927606816
30.0 1.5636571864859707
31.0 2.049024512256128
40.0 2.036291324881929
40.0 3.206262230919765
48.0 1.908667287977633
50.0 2.164332892998679
59.0 2.0347739692001987
60.0 2.0572576594676044
70.0 2.041365561923748
70.0 1.8993739856248553
80.0 1.9198500117178343
80.0 0.7162717495846813
97.0 0.710124826629681
98.0 1.7279055051676862
111.0 1.5842196867143685
111.0 3.011764705882353
119.0 2.173520827805784
120.0 2.3226538134391834
130.0 1.659643435980551
131.0 2.049024512256128
140.0 1.8180204172214824
141.0 2.162618796198522
150.0 2.028224808120822
150.0 2.09032916560347
160.0 2.0629564341475697
160.0 1.9975615703486953
170.0 1.0984178063824082
174.0 3.0476190476190474
179.0 1.9773111272025103
180.0 1.9149135109864424
190.0 2.0342686863670227
190.0 2.019723865877712
200.0 1.8901707429626213
201.0 0.8733475479744136
