0 2.2339787292064357
2.0 0.7068772111485029
5.0 2.7197875166002654
8.0 2.1222797927461143
12.0 1.7913842116772358
18.0 1.2197736748064323
22.0 1.4070766059773272
25.0 3.965150048402711
27.0 1.1578798586572439
30.0 2.2333696837513632
32.0 2.8102915951972554
36.0 2.839514731369151
38.0 2.429418742586002
41.0 2.8987968860580327
48.0 1.2858264008789828
50.0 2.5608002500781493
51.0 2.357410071942446
59.0 1.1422197434467374
60.0 2.4158065467413743
62.0 3.1219512195121952
66.0 2.6850213044903306
68.0 2.564006259780908
71.0 2.866340097970609
78.0 1.458689458689459
79.0 1.818827708703375
83.0 1.9645083932853717
87.0 2.0237154150197627
89.0 3.1519815313582145
91.0 2.0983606557377046
97.0 2.3206798866855523
99.0 2.3419096626643796
102.0 2.0237154150197627
107.0 2.138345079613678
109.0 3.3532541956610724
111.0 1.8592827961870178
118.0 2.1851160309415847
119.0 2.2876291538676345
122.0 1.9869027407227746
127.0 2.2074912422527624
129.0 2.387642086855144
132.0 1.326424870466321
139.0 1.6915135246747883
143.0 0.9577925873962352
144.0 2.9745824255628177
148.0 1.547119924457035
149.0 2.0347739692001987
152.0 1.8425551057130005
158.0 2.2212581344902387
159.0 2.0122819945959223
162.0 2.048
167.0 1.8853855005753741
170.0 2.1021298434693354
172.0 1.9284369114877589
177.0 1.6028174525533163
180.0 2.4519604908709964
181.0 2.0267194458189017
187.0 2.39672322995904
189.0 2.3813953488372093
192.0 2.3703703703703702
199.0 1.0729535036018338
201.0 1.9768339768339767
202.0 2.916340334638661
206.0 2.2212581344902387
209.0 2.335899629312803
