0 1.3407528641571194
4.0 0.31997500195297246
30.0 0.3392272971965713
32.0 1.5950155763239875
39.0 2.8723702664796633
41.0 1.2109386548410939
51.0 2.1433804290947145
51.0 3.2807368842611138
57.0 1.9965878625396054
62.0 1.5401391238954691
70.0 1.596881091617934
73.0 2.07444922765257
78.0 2.0108001963672066
82.0 2.0172371337109087
88.0 2.0988982833717653
92.0 2.036291324881929
98.0 1.793737683380775
102.0 1.985939393939394
108.0 1.5765973826020014
113.0 1.5512213595909865
120.0 1.684556857906642
123.0 1.8780375974323704
129.0 1.5491679273827532
133.0 1.9334434741562425
138.0 1.9261697625205736
143.0 1.9011371547922953
149.0 1.943534994068802
152.0 1.233920771200482
161.0 1.8660592255125286
162.0 1.3458189584360112
170.0 1.2419648271679804
174.0 1.5257962376606444
180.0 1.1528285955530537
185.0 1.832662192393736
189.0 3.1678267594740914
190.0 2.3252909452171444
198.0 1.4143646408839778
203.0 1.211296761792104
