0 3.3273761169780665
3.0 2.04340234472437
7.0 1.980178873579889
15.0 2.1102524471921686
17.0 2.1255838090295796
25.0 1.8512994350282486
28.0 2.144502617801047
35.0 1.7785497177594443
38.0 2.0919305413687432
47.0 0.6455476753349094
54.0 1.9936724263811147
57.0 1.0564869744647924
69.0 0.7345767575322812
74.0 0.49747980810105064
87.0 1.631547500497909
88.0 2.390428946600525
94.0 1.4271777003484318
99.0 1.9095571095571096
105.0 3.0796992481203005
106.0 2.0929994890137964
115.0 1.229476211916554
120.0 2.0755003800354697
125.0 3.171506000774293
126.0 1.9126780294186316
135.0 2.083948104807937
137.0 2.042892768079801
145.0 2.042383445524807
147.0 2.0639959687578733
155.0 1.7917760279965005
158.0 2.036797613127797
165.0 1.8318425760286223
168.0 1.9560649474689589
175.0 1.9180519784593772
177.0 1.264783078585765
187.0 1.8429696287964001
188.0 1.8720292504570382
198.0 0.9878210539008803
199.0 2.2548857693366364
205.0 1.995129079396006
207.0 1.5039471268588214
