0 2.070778564206269
7.0 1.7148838182960016
7.0 2.1377870563674324
11.0 1.2132701421800949
20.0 1.217055415242906
20.0 1.9490839876278847
21.0 3.5509319462505418
25.0 3.2251968503937003
26.0 1.9773111272025103
31.0 2.581783800819414
36.0 1.259338970023059
40.0 2.105912596401028
41.0 2.1167958656330748
47.0 1.664364079642422
48.0 2.0572576594676044
57.0 1.4039417309340188
59.0 0.6372617658498638
60.0 2.914265385983636
66.0 0.8551148225469728
77.0 3.226467113036628
80.0 0.8681644764730818
83.0 0.41306978620411455
83.0 3.3273761169780665
86.0 2.2358078602620086
87.0 1.164463397299218
94.0 1.9569995222169136
97.0 1.7538000428173837
98.0 3.0808574652124863
100.0 1.4504249291784703
108.0 1.117598908594816
110.0 1.9162573099415203
111.0 1.1701185544922152
120.0 1.671154630762954
122.0 0.839344262295082
123.0 1.8597048808172532
128.0 1.5407184502539026
128.0 1.835948005378754
138.0 1.2136296296296296
140.0 0.5722668529514495
141.0 3.1950078003120126
145.0 1.801627446668133
148.0 1.0791727045185087
155.0 2.3200226564712545
156.0 1.924812030075188
157.0 3.0239940937615355
160.0 2.412960235640648
166.0 1.215791035915702
170.0 2.1344450234497137
171.0 2.278086763070078
176.0 2.8503827418232426
176.0 1.2002930402930403
184.0 1.9649796114176064
187.0 2.188034188034188
187.0 3.336863543788187
189.0 2.462278328824767
196.0 1.8845180584311017
197.0 2.104830421377184
201.0 2.196246648793566
207.0 1.1783659378596087
210.0 1.7370653095843933
