0 1.5529857819905213
2.0 1.2589518979560472
13.0 2.526835286859963
20.0 2.2358078602620086
30.0 2.675375571521881
40.0 1.673544433094995
52.0 2.8306841741534208
60.0 2.8454324418200763
70.0 2.7619689817936615
80.0 3.1411042944785277
89.0 3.34094616639478
99.0 3.2251968503937003
109.0 3.2768
119.0 1.073656618610747
134.0 1.2710628394103956
143.0 1.5654500286642463
152.0 3.3058918482647295
159.0 2.3445907269605035
170.0 2.4179456906729633
180.0 1.8388327721661055
191.0 2.002444390124664
201.0 1.9668667466986793
