0 1.9593398708442955
10.0 1.9749276759884282
20.0 2.085539714867617
30.0 2.0172371337109087
40.0 2.0823589222165735
50.0 2.965966690803765
59.0 2.0009770395701025
70.0 1.8677610579115367
80.0 1.9239079379990605
90.0 2.0297324083250747
100.0 1.8630884694109617
110.0 3.0681647940074908
119.0 1.8626648476580265
130.0 2.016244154565592
140.0 2.028224808120822
150.0 2.0307387208725833
160.0 1.996101364522417
170.0 2.389034703995334
179.0 1.9334434741562425
190.0 1.9835351089588378
200.0 1.9773111272025103
210.0 2.0237154150197627
