0 1.5657492354740061
14.0 2.9404163675520456
20.0 0.3442740071443581
28.0 1.2591454042422379
33.0 1.1361997226074896
44.0 0.6827804634105685
46.0 1.2192290519422533
54.0 1.459729151817534
60.0 1.281802534814583
63.0 1.5787242243206783
70.0 1.3147167388862142
74.0 1.0143635463100544
82.0 0.9695821990768139
85.0 3.0567164179104473
87.0 3.237944664031621
89.0 1.9697042558307287
99.0 2.0029339853300736
101.0 2.0718259989883663
108.0 1.3451559934318555
113.0 2.0546777025332332
118.0 1.5888285492629945
122.0 2.030235439900867
128.0 1.8853855005753741
131.0 2.109165808444902
138.0 1.725358045492839
142.0 1.8318425760286223
149.0 1.6999377464204193
152.0 2.1250324254215305
158.0 1.8115877930119415
161.0 2.042383445524807
168.0 1.7210084033613446
172.0 2.0312422514257373
178.0 1.014112404060411
185.0 2.0122819945959223
189.0 0.7967321532775725
197.0 1.8716015535755084
199.0 1.750053407391583
209.0 1.9912493923189112
