0 2.0014659174199854
3.0 1.9064463579241333
10.0 2.09353437260414
13.0 2.1586297760210806
19.0 1.980657640232108
23.0 1.8720292504570382
30.0 1.9668667466986793
33.0 1.8630884694109617
40.0 2.0177339901477835
43.0 2.018728437654017
49.0 1.946305535756712
53.0 2.0292296259598714
59.0 2.0967494241105706
63.0 1.3735747820254862
71.0 2.0112938865700953
73.0 1.4553206608633862
81.0 1.8707467458323819
83.0 1.595636930268796
90.0 2.0312422514257373
93.0 2.2825299526330456
102.0 1.2041746288402175
102.0 1.9380175065057959
109.0 1.674913105704355
114.0 1.6141871921182265
120.0 1.4073183301838172
124.0 1.8910433979686059
130.0 2.003913894324853
139.0 0.7790775083214455
139.0 1.768948391276182
150.0 1.1006314658067984
156.0 1.3682979789544012
161.0 2.8583391486392182
162.0 2.0828883803712177
173.0 1.0310887350534927
173.0 2.960607155764366
178.0 2.117342982682864
182.0 2.035785288270378
189.0 2.1372293242890685
192.0 1.850045167118338
200.0 2.1456259821896277
202.0 1.7264488935721813
210.0 2.151825584449698
