0 1.2205005959475566
7.0 2.178723404255319
10.0 1.3664720600500415
16.0 2.5456805469235553
20.0 1.4289202860631434
26.0 2.4786686838124052
30.0 1.9763570566948132
34.0 1.7366970532117874
42.0 3.0589992531740102
43.0 2.032754342431762
54.0 0.963424673644596
55.0 3.951760733236855
59.0 1.5474121647147716
65.0 1.6663954434499593
72.0 3.0971644612476372
73.0 1.628628230616302
85.0 0.9454125793421813
86.0 1.8107869142351902
92.0 1.8618181818181818
95.0 1.2939504027799715
103.0 1.4584297667794197
106.0 1.4195113498527119
116.0 0.7125337044446377
118.0 1.5529857819905213
125.0 1.6456408196062677
132.0 1.845460689344447
135.0 2.25054945054945
140.0 1.900696055684455
145.0 2.658014276443868
150.0 1.6516129032258067
155.0 1.7617204301075267
161.0 1.5215453194650816
168.0 2.229722373434948
170.0 3.1207619047619044
173.0 3.01953556948028
179.0 2.059844103595675
191.0 1.7174004192872119
201.0 1.7743123240199263
