0 2.129451520665454
9.0 2.039840637450199
20.0 1.7013499480789198
30.0 2.022716049382716
40.0 2.0988982833717653
49.0 0.6470263012400285
68.0 1.547119924457035
81.0 2.007843137254902
90.0 2.0624370594159114
100.0 1.849627455407541
110.0 1.9893152015541522
120.0 2.0828883803712177
130.0 1.9490839876278847
140.0 2.9029057406094965
149.0 2.0813008130081303
160.0 2.0686868686868687
170.0 2.0252163164400496
180.0 2.1903743315508017
190.0 1.8888632695411578
200.0 1.9682844786160498
210.0 2.028224808120822
