0 2.0850089081191143
15.0 2.094069529652352
24.0 2.3567318757192175
34.0 2.0342686863670227
44.0 2.05674114988702
54.0 2.02072027627035
64.0 2.0393328354493403
74.0 2.1178903826266806
84.0 1.6835182901767367
95.0 1.9352704937396648
105.0 1.778163663989581
115.0 1.9523355576739752
125.0 2.042383445524807
134.0 2.0551931761164073
144.0 1.8504630675400948
155.0 2.0962128966223132
164.0 2.02072027627035
174.0 1.407802027839835
186.0 1.468100358422939
196.0 1.7452066467831273
205.0 1.631547500497909
