0 2.061917946136421
8.0 2.0536475307094513
10.0 2.1146102219927725
18.0 0.8535111481558657
25.0 1.850045167118338
28.0 2.6701434159061277
29.0 1.410468319559229
40.0 1.9692307692307691
40.0 1.0077500307540903
54.0 0.5765359983109297
58.0 2.9952468007312616
59.0 1.8716015535755084
68.0 1.2205005959475566
73.0 1.8584392014519056
80.0 1.279000780640125
80.0 1.9965878625396054
90.0 1.8103867403314917
100.0 0.3684115848174132
106.0 2.001955034213099
110.0 2.0749746707193517
118.0 2.035785288270378
120.0 3.217596229379419
128.0 1.9131247080803362
128.0 2.011787819253438
138.0 2.0728744939271255
140.0 2.170066225165563
147.0 2.0536475307094513
150.0 1.7866957470010905
158.0 2.0802437785678007
160.0 1.5882124854594803
169.0 2.02072027627035
170.0 2.901877435352462
177.0 1.8664843928001822
180.0 1.6466331658291458
189.0 1.9565321232385955
190.0 1.3733445096395642
202.0 0.8725103844924913
203.0 2.6571521245540057
207.0 1.4646880028607188
