0 1.7459505541346974
2.0 1.8643604915794265
10.0 1.9135715954216306
11.0 1.8767468499427262
21.0 0.9670641010506433
24.0 1.438960126471105
32.0 0.6865571572242709
37.0 1.5971924351725484
42.0 1.6835182901767367
52.0 0.9647862442586268
54.0 3.2520841603811035
58.0 1.8932285648255143
61.0 1.9739759036144575
70.0 2.039840637450199
71.0 2.183368869936034
80.0 1.8989337042188223
81.0 2.064516129032258
90.0 2.1845333333333334
90.0 2.038825286212046
100.0 1.9046733317833062
101.0 0.8118929633300297
117.0 0.762756052141527
117.0 1.9458432304038007
131.0 1.065002600104004
133.0 3.171506000774293
138.0 1.981136638452237
141.0 2.064516129032258
149.0 1.9153612345101705
151.0 2.099436186570989
159.0 1.9941577409931843
161.0 2.255506607929515
169.0 1.8605496252555078
171.0 2.105912596401028
179.0 2.0322500620193504
181.0 1.9117852975495917
189.0 2.1856990394877265
190.0 2.0919305413687432
199.0 2.162618796198522
200.0 2.1660497091485986
209.0 2.1781441106088804
210.0 2.109165808444902
