0 2.086070791953145
6.0 2.024215468248085
10.0 2.022716049382716
16.0 1.0820235107647602
23.0 1.7785497177594443
31.0 0.5227156712608473
38.0 0.627547111996323
51.0 1.006759247880054
51.0 1.309672262190248
59.0 0.6227290003800837
69.0 0.7730489761253185
73.0 1.8216588837002445
80.0 1.3433912758281403
88.0 1.8421407690577916
90.0 0.8363450740173558
102.0 0.9502377914395082
105.0 1.9476937708036137
107.0 2.9930580928023383
109.0 1.29928628072958
119.0 1.4354301734711759
122.0 0.9191069224727926
131.0 1.4594690896133973
131.0 2.384167636786962
135.0 1.2482096602163644
142.0 1.4003418803418803
148.0 2.954201226108907
155.0 0.811812506193638
156.0 1.9403126480341069
166.0 2.72521623419827
169.0 2.016244154565592
176.0 2.0454431960049937
180.0 2.016740521910389
186.0 1.9584030600047813
190.0 1.7727764553127026
196.0 2.64856126737795
199.0 1.8458765209553853
206.0 2.295964125560538
209.0 1.8910433979686059
