0 2.0913964768955835
7.0 2.0765525982256023
9.0 2.056224899598394
17.0 2.009320578857003
19.0 2.024715768660405
27.0 1.2610837438423643
31.0 2.8845070422535213
38.0 1.2814015329266386
39.0 1.7624784853700517
48.0 1.7906010928961749
49.0 1.8343036274070754
57.0 2.049537152864649
59.0 1.8212538906180522
70.0 0.5188750950088674
79.0 1.6929117586278155
80.0 1.8147984049623391
87.0 1.465474060822898
90.0 1.5990630489947295
98.0 0.8182998701428429
105.0 1.0704298967725077
111.0 1.0172606482056374
123.0 2.5377942998760843
128.0 0.31134083307996346
139.0 1.6387277455491098
140.0 0.9962300863431837
151.0 0.7559985234403839
156.0 2.0312422514257373
157.0 0.7302549474059546
176.0 0.42460996216244234
182.0 1.6519459568461383
188.0 0.8751201794680055
194.0 0.914387766491796
205.0 0.6756845925437148
206.0 2.384167636786962
208.0 0.9836695485110472
