0 1.0915389740173218
4.0 1.528073120686439
8.0 0.49942083765164913
23.0 0.7299946533594726
24.0 2.326611758023289
36.0 0.49213024149945933
43.0 2.1338890336025007
46.0 1.7949167397020158
51.0 2.1938939475093733
56.0 2.0383179895496393
61.0 1.9153612345101705
67.0 2.1660497091485986
71.0 2.0546777025332332
76.0 1.994643291940589
81.0 2.021218850234394
86.0 1.9532665712923225
91.0 1.998048780487805
96.0 1.827755466309683
101.0 1.8314330427006484
107.0 1.7366970532117874
112.0 1.5518090547452168
118.0 2.072350113837592
121.0 1.8487925976077633
127.0 1.768948391276182
131.0 1.8580176910864143
137.0 2.117342982682864
141.0 2.5385807251317014
146.0 1.8597048808172532
151.0 1.9149135109864424
157.0 2.0297324083250747
161.0 1.9149135109864424
167.0 2.0521042084168335
171.0 2.54330953120149
176.0 2.042383445524807
181.0 1.8059964726631395
187.0 1.7678031937850667
192.0 2.046465151136647
196.0 1.8698927185574068
201.0 1.680755026672138
207.0 1.9203000468823255
