0 1.612915928332349
8.0 1.902903600464576
10.0 1.8639362912400457
18.0 1.890606969766905
20.0 1.7341236240474174
28.0 2.0004884004884005
30.0 1.6141871921182265
38.0 1.9398531849396166
40.0 1.9361852989836918
48.0 1.202230701496918
53.0 3.2251968503937003
59.0 0.8983441166794605
62.0 1.468100358422939
69.0 1.9907654921020654
70.0 1.8091872791519437
81.0 0.6407508799374267
86.0 2.0924648786717754
90.0 2.049024512256128
97.0 2.067642604745078
100.0 2.006859382655561
107.0 1.758317235458253
111.0 1.857596371882086
120.0 1.2756150731859235
120.0 2.044932601098352
127.0 1.4592091200570003
132.0 2.0713021491782553
137.0 0.8189543137058882
147.0 2.117342982682864
147.0 2.0515902829952415
157.0 1.9216514191883651
160.0 1.9692307692307691
167.0 1.98979839689094
170.0 2.061917946136421
177.0 2.2493135639758375
180.0 2.0252163164400496
187.0 2.3932223196026876
190.0 3.271565495207668
196.0 2.2698808534220007
200.0 1.8858195211786373
208.0 2.0728744939271255
210.0 1.927529411764706
