0 2.141699346405229
9.0 1.0275965880582036
13.0 2.720690800398539
18.0 1.9975615703486953
19.0 1.9221022993899581
29.0 1.2186849152038082
31.0 1.3637423006492426
41.0 0.8730683150378346
44.0 3.0128723795513057
47.0 1.311769415532426
52.0 1.9621556886227545
59.0 1.5028435149513852
61.0 1.667412985955628
70.0 1.2539415276289605
71.0 1.9607467687888944
79.0 0.6689531275518537
87.0 1.9167056621431913
89.0 1.7704776312945754
100.0 1.1382520494650548
102.0 2.7170812603648424
108.0 1.4667860340196954
111.0 2.2742920599666854
118.0 1.941692344157383
119.0 1.199063231850117
132.0 1.9189505739048958
139.0 0.5024842053609765
141.0 1.8529744401719068
150.0 1.3489214556232503
151.0 1.4170558726863864
160.0 1.0978290002680247
163.0 0.937407025975512
174.0 0.7819778541428026
175.0 1.005523505584878
183.0 2.13555787278415
189.0 1.1834729846865069
192.0 1.9180519784593772
199.0 0.9711914641375222
204.0 1.259920024607813
