0 2.0177339901477835
2.0 1.528073120686439
11.0 2.0347739692001987
12.0 1.25567136725935
23.0 1.7077340004169272
24.0 1.7452066467831273
33.0 1.1285301005648158
33.0 3.0397031539888686
39.0 2.083948104807937
42.0 1.8538130798823265
51.0 1.9458432304038007
52.0 1.7130907570054372
61.0 1.4998169168802638
64.0 2.021218850234394
70.0 1.7418668934722517
73.0 2.011787819253438
80.0 1.1302428256070638
85.0 1.9965878625396054
90.0 2.219452722839339
92.0 2.1010515516799178
100.0 1.9716004813477737
102.0 2.05674114988702
110.0 2.2057081313947227
112.0 2.048512128032008
120.0 2.0686868686868687
122.0 1.8750286106660565
130.0 2.0307387208725833
132.0 1.6667344862665312
141.0 1.995129079396006
142.0 1.264783078585765
153.0 1.5538694992412745
153.0 1.3352893235533823
162.0 1.7300950369588173
163.0 1.7949167397020158
171.0 1.511718029156671
173.0 2.129451520665454
180.0 2.0844783715012722
182.0 1.881488286632981
190.0 2.0913964768955835
192.0 1.9216514191883651
200.0 1.9011371547922953
202.0 1.9927025054731209
210.0 2.0277227722772277
