0 0.6163569332631104
5.0 1.4319174969410942
10.0 1.772009517629245
16.0 1.6466331658291458
19.0 2.0557089084065248
25.0 2.105912596401028
28.0 1.9730250481695568
35.0 2.033763654419067
38.0 1.310510318349064
48.0 0.9573448638541545
52.0 2.430860534124629
55.0 1.3453769091804892
60.0 1.5150730534492325
67.0 0.8136670639650377
74.0 2.883491728264695
74.0 1.9518703836073386
86.0 1.8998144712430425
88.0 1.3965223320831912
97.0 1.1293079680176454
101.0 1.9077782952957616
106.0 3.1112799088492213
106.0 1.7478131000640067
116.0 1.5014662756598238
119.0 1.6653791421020534
129.0 1.4843268708099293
129.0 3.0262282970077576
134.0 1.1726309762381906
141.0 1.965451055662188
146.0 1.0959197324414716
151.0 1.6873326467559215
156.0 2.127239678005713
158.0 1.7925601750547047
168.0 0.9228342908640306
170.0 2.4115395937591995
175.0 0.9257543225223188
183.0 2.160337552742616
188.0 1.2357821692562982
188.0 2.8306841741534208
194.0 2.0526183913806064
198.0 1.8741706703271561
206.0 1.5033951183703431
209.0 1.088348611664674
