0 2.022216736608245
5.0 2.06503655155029
9.0 2.0474881279680077
15.0 1.9185011709601874
19.0 3.071616047994001
24.0 2.0252163164400496
29.0 1.7662785683484261
36.0 1.663012586276898
40.0 3.1678267594740914
48.0 1.0676397758373517
49.0 2.949945984875765
54.0 2.13111342351717
59.0 1.8597048808172532
66.0 2.162618796198522
69.0 2.13555787278415
79.0 1.0139868795643023
80.0 3.190031152647975
84.0 2.0697321879737243
89.0 1.8212538906180522
96.0 2.136114732724902
99.0 2.12448132780083
109.0 1.011358024691358
110.0 3.2754898040783686
114.0 2.1456259821896277
119.0 1.9239079379990605
126.0 1.8024202420242026
130.0 1.0263091956903032
140.0 1.6582995951417003
140.0 2.2749236323243545
145.0 2.010306748466258
149.0 1.9352704937396648
160.0 0.6347927160015499
164.0 2.1552223099184427
169.0 2.140020898641588
175.0 1.157389092964114
182.0 2.0526183913806064
185.0 2.8006837606837607
188.0 1.754551295780681
196.0 2.061399094111726
199.0 1.5384037558685446
207.0 2.127792207792208
209.0 1.6279809220985693
