0 2.5377942998760843
5.0 1.7095158597662772
12.0 0.4050232374171858
15.0 1.4702081837760228
17.0 2.1637612255678818
21.0 1.231509320505111
28.0 0.6979637045241545
36.0 1.4394658232296609
37.0 1.338343407939879
47.0 1.8888632695411578
49.0 0.34039724092080115
51.0 1.3571901921802518
57.0 1.5814671814671815
60.0 2.235197817189632
61.0 1.3877689310520074
67.0 1.6810999384362815
72.0 0.7468319810374693
75.0 1.3837837837837836
77.0 2.2857142857142856
80.0 1.621215119730853
86.0 2.265486725663717
88.0 2.3246311010215663
90.0 1.5238095238095237
97.0 2.2321525885558584
98.0 2.4072876873347044
100.0 1.8724571428571428
106.0 2.147313237221494
108.0 2.32925789024737
110.0 1.7859167211685198
116.0 2.166622586617297
118.0 2.288268156424581
120.0 0.9503480278422275
130.0 1.2412121212121212
131.0 1.7712432432432434
131.0 2.2021505376344086
135.0 1.8063947078280043
141.0 2.0127764127764127
145.0 0.5655115283722214
149.0 2.220054200542006
151.0 3.2807368842611138
160.0 0.9891330596474281
160.0 1.57326675628961
160.0 3.0062385321100913
164.0 2.300477393990452
170.0 2.8238538435022407
174.0 0.8503217770396513
174.0 2.382780686445608
178.0 1.7609630266552019
181.0 1.783195472355246
186.0 1.7839721254355403
189.0 1.612915928332349
192.0 2.0639959687578733
195.0 1.77009507346586
199.0 2.171216538563477
201.0 2.002444390124664
205.0 2.0053855569155448
209.0 1.9230046948356807
