0 0.5759280089988752
8.0 0.6707057475028655
16.0 0.5454424395765364
29.0 1.3927235634138049
40.0 1.4599893067189451
50.0 0.8456694539072985
64.0 3.013980868285504
67.0 1.8139946855624447
79.0 1.4781667268134246
80.0 3.1975019516003127
85.0 2.0577744285355437
88.0 1.8099867432611578
97.0 1.772009517629245
99.0 1.9893152015541522
107.0 1.5384037558685446
109.0 1.831023692445239
117.0 1.4412385643912737
120.0 1.9467680608365017
127.0 1.8681870011402508
128.0 1.8609722853248523
137.0 1.990281827016521
138.0 1.8208490775727941
147.0 1.9659227261819054
148.0 1.921200750469043
157.0 1.9912493923189112
158.0 1.4712643678160922
168.0 1.414853195164076
170.0 1.8823529411764706
177.0 1.6328483157265299
179.0 1.8334825425246195
187.0 1.9678116742733605
188.0 2.040857000498256
197.0 1.5532802427000378
199.0 2.014261126137202
207.0 1.5053289231900038
210.0 2.0322500620193504
