0 2.0267194458189017
6.0 1.9252643948296122
9.0 2.170641229464759
16.0 2.028224808120822
19.0 1.9439962031324156
26.0 2.07444922765257
29.0 2.024715768660405
36.0 1.498445216755076
41.0 2.0572576594676044
46.0 1.996101364522417
49.0 2.111340206185567
56.0 2.02072027627035
59.0 2.0629564341475697
66.0 1.9649796114176064
69.0 2.099436186570989
76.0 1.932531257372022
79.0 1.587596899224806
90.0 2.085539714867617
99.0 0.32774554910982195
107.0 2.162618796198522
109.0 1.3374693877551018
118.0 1.8677610579115367
119.0 1.3671562082777036
128.0 1.957467144563919
129.0 1.4602495543672014
138.0 2.0292296259598714
139.0 1.5226765799256508
148.0 1.9011371547922953
149.0 2.095140664961637
156.0 2.0749746707193517
159.0 1.8698927185574068
167.0 1.9645083932853717
169.0 2.106454101311391
176.0 2.0112938865700953
179.0 2.028224808120822
186.0 2.054162487462387
189.0 2.1233799896319336
196.0 1.9555979947481499
199.0 2.086070791953145
206.0 1.9297997644287395
209.0 2.0347739692001987
