0 1.5212627669452183
0.0 1.9198500117178343
6.0 1.9476937708036137
9.0 1.6426709444555845
13.0 0.8138287303794952
21.0 0.9938129321848841
23.0 0.8102868447082098
27.0 1.7643764807236701
29.0 1.8232806588025816
37.0 2.978909090909091
40.0 1.6725193956717028
40.0 2.040857000498256
46.0 2.486945962355798
48.0 2.3459335624284074
51.0 1.9565321232385955
56.0 2.3642135642135647
59.0 2.568830354343054
60.0 2.1389033942558746
66.0 2.441001191895113
68.0 2.335899629312803
71.0 2.116249031258073
76.0 2.7036303630363037
78.0 2.5338694710794925
80.0 2.0252163164400496
86.0 2.016740521910389
89.0 2.492242166108914
90.0 2.049537152864649
96.0 2.2774534334167362
99.0 2.483176720218248
100.0 1.9893152015541522
106.0 1.928890981869555
109.0 1.7976739082729865
112.0 1.9444576311417043
116.0 1.6883759274525967
120.0 1.6859436097962543
127.0 0.8986397542781922
127.0 1.656287909421755
130.0 1.5159141376757956
133.0 3.1350937619594337
135.0 2.1649048625792813
139.0 2.0262181548355183
141.0 4.435300487276665
147.0 1.165955024195844
149.0 2.2673678383614724
151.0 2.4945188794153474
155.0 1.986420950533463
159.0 2.1350013031013813
161.0 1.7522994652406416
168.0 2.263608731693838
171.0 1.244039483675019
173.0 0.9547785547785548
181.0 1.7120167189132705
182.0 3.0681647940074908
185.0 2.2486961295635464
191.0 2.095140664961637
196.0 1.7348581109699277
202.0 0.29614633793651945
203.0 2.12448132780083
206.0 3.54019014693172
207.0 2.4016417472881852
