0 1.2982567353407293
6.0 1.6609894566098944
10.0 2.976744186046512
12.0 1.0057704112952732
23.0 1.2354094405067109
26.0 2.797814207650273
28.0 2.214652608813193
33.0 1.8462925400045074
40.0 0.9585771120992278
49.0 1.9593398708442955
50.0 0.9609384164222873
58.0 1.806793118659021
60.0 1.4138764238867796
66.0 2.05674114988702
70.0 1.528073120686439
81.0 1.5512213595909865
91.0 0.38809929884404015
91.0 1.7762359063313096
100.0 2.010306748466258
104.0 1.5083778309703553
111.0 2.607256524506684
113.0 1.9565321232385955
124.0 0.6321475422486303
128.0 1.9777885079671655
134.0 2.2857142857142856
139.0 2.0029339853300736
144.0 0.9403122130394858
154.0 1.222321695016413
156.0 2.5998095842589657
158.0 1.5206979766103583
171.0 0.5442827719088433
175.0 0.8173201636236657
185.0 0.5473374757800494
195.0 2.171216538563477
200.0 1.3178893178893178
206.0 1.5243766282098996
