0 1.9773111272025103
6.0 1.9393939393939392
10.0 2.064516129032258
15.0 2.1338890336025007
20.0 2.036797613127797
26.0 2.0383179895496393
30.0 1.946305535756712
36.0 1.9869027407227746
40.0 1.8529744401719068
46.0 1.9787439613526572
50.0 2.0439121756487024
55.0 1.9830549503752117
60.0 1.9927025054731209
66.0 1.9840155001210948
70.0 2.008335376317725
76.0 1.9936724263811147
80.0 1.8910433979686059
86.0 1.9297997644287395
90.0 1.8450450450450449
96.0 2.070778564206269
100.0 2.0347739692001987
105.0 1.7246315789473683
110.0 2.018231091401823
116.0 2.054162487462387
120.0 1.973500361358709
126.0 1.8806244260789715
130.0 2.0929994890137964
135.0 2.09032916560347
140.0 2.1903743315508017
145.0 2.0267194458189017
150.0 2.0058765915768855
156.0 2.0572576594676044
160.0 1.9343565525383706
166.0 2.021218850234394
170.0 2.417232221894364
175.0 2.030235439900867
180.0 2.050563204005006
185.0 2.006859382655561
190.0 1.9284369114877589
196.0 2.0557089084065248
200.0 2.0122819945959223
206.0 2.030235439900867
210.0 1.7038269550748752
