0 1.4321678321678324
11.0 0.8884068972996421
12.0 1.58913676042677
21.0 2.4771696401572423
29.0 0.41252895558465097
33.0 2.059326294620412
37.0 1.1676168757126568
42.0 3.1568400770712906
48.0 0.9040944708089614
52.0 3.0959939531368104
55.0 1.793737683380775
60.0 1.8741706703271561
67.0 1.7355932203389832
70.0 1.980657640232108
77.0 2.109165808444902
79.0 1.49135263062079
88.0 1.7031185031185032
90.0 3.171506000774293
95.0 1.7906010928961749
100.0 2.015252152521525
107.0 1.7933450087565674
110.0 1.994643291940589
117.0 2.0813008130081303
119.0 2.0686868686868687
127.0 2.028224808120822
129.0 1.3515921465104768
139.0 2.0202219482120842
139.0 1.171289676865885
150.0 1.5756876322369688
151.0 2.2661134163208847
157.0 1.780482503803521
160.0 2.073924050632911
167.0 1.7988581466842335
170.0 1.260695598645737
179.0 1.6509471987101976
180.0 0.8233165829145729
193.0 0.8340460191407046
195.0 1.487831456592808
199.0 2.2285092491838956
199.0 1.4763020364029553
