0 1.7957036387549319
9.0 1.8958574404073134
10.0 2.0454431960049937
18.0 1.9816158684083212
20.0 1.9338999055712938
29.0 1.9002551612154952
30.0 1.8958574404073134
40.0 1.1775190455656175
41.0 2.751763520322472
47.0 1.4463276836158192
52.0 1.3183134856775023
61.0 1.284415177171527
62.0 3.0808574652124863
67.0 1.3651058156973837
72.0 1.515353311135775
80.0 1.3040432983126393
82.0 1.9104477611940296
89.0 1.4935278030993617
91.0 1.6318725099601594
99.0 1.4605098948119093
101.0 1.690117598514545
109.0 1.3208642373427926
112.0 1.3868291857118673
120.0 1.535232383808096
121.0 1.6231424608678424
129.0 1.187590605972746
133.0 3.266347687400319
138.0 2.015252152521525
139.0 2.079187817258883
148.0 2.076026355803345
150.0 1.8941040462427745
159.0 2.0713021491782553
160.0 1.9621556886227545
169.0 1.8467087466185754
170.0 1.7739281074058033
179.0 1.8853855005753741
180.0 1.932075471698113
190.0 1.5603809523809522
190.0 2.099436186570989
198.0 2.1135190918472655
200.0 2.035785288270378
209.0 2.0
210.0 1.9458432304038007
