0 2.0029339853300736
0.0 1.9293452661328305
10.0 1.8840846366145354
10.0 1.9528009535160904
20.0 1.9537324111614598
20.0 1.7006435540793026
31.0 1.7319238900634248
31.0 1.9051162790697673
40.0 1.8989337042188223
40.0 1.6423416198877303
51.0 1.4524822695035462
52.0 2.34324942791762
59.0 1.9239079379990605
60.0 1.7515501389779775
71.0 1.489183784766406
71.0 1.8823529411764706
80.0 1.3044585987261146
83.0 1.998048780487805
90.0 0.904393905939501
95.0 2.671014020215194
99.0 1.9546647578143643
100.0 2.0147565174618793
110.0 1.5450773293096944
111.0 2.064516129032258
120.0 1.25682724762197
122.0 1.924812030075188
130.0 0.7822765469824294
136.0 1.9398531849396166
140.0 2.0112938865700953
150.0 1.4715286509789833
151.0 1.8180204172214824
160.0 1.5456603773584907
161.0 1.910002331545815
170.0 1.6459714687562788
171.0 1.7996485061511425
180.0 1.908667287977633
183.0 1.191390343222804
193.0 0.9385884509624198
195.0 3.2100313479623823
198.0 2.8743859649122805
199.0 2.103209242618742
210.0 1.8208490775727941
210.0 2.400937866354045
