0 0.47811369207423837
23.0 0.7686245074122725
36.0 0.5691655665948725
60.0 1.2814015329266386
72.0 0.9144898414824737
84.0 2.220054200542006
89.0 1.6971203646157031
100.0 0.9958667639192802
114.0 1.3079993613284369
122.0 0.4819390516531356
142.0 2.105912596401028
142.0 3.236665349664164
145.0 1.0589451913133403
153.0 1.5882124854594803
161.0 1.4959824689554417
165.0 1.74334964886146
170.0 1.8711740520785747
173.0 1.7073780741975821
180.0 2.0454431960049937
182.0 1.2994923857868022
192.0 1.8971746178786477
193.0 2.003423820004891
202.0 0.7138375740676194
207.0 1.379124579124579
