0 1.9854580707707221
3.0 1.2378362042913265
12.0 1.4607703281027105
14.0 1.1547786862137015
23.0 1.1044896858568154
26.0 2.0531328320802005
29.0 2.230936819172113
32.0 1.8954187875983342
40.0 1.5829951690821256
44.0 1.401539777587682
51.0 1.0791727045185087
63.0 0.5423728813559322
64.0 2.0962128966223132
68.0 3.360131255127153
68.0 3.071616047994001
71.0 1.9158091674462114
80.0 1.9754039064383893
83.0 2.1167958656330748
89.0 2.001955034213099
93.0 2.12448132780083
99.0 1.9835351089588378
103.0 2.0972862263184844
109.0 2.0459540459540464
113.0 2.030235439900867
119.0 1.98209533026857
123.0 2.088730239673636
129.0 2.085539714867617
133.0 2.094069529652352
139.0 2.0765525982256023
143.0 2.1140645161290323
149.0 1.8771769019248397
153.0 1.8771769019248397
160.0 1.253557765876052
165.0 1.4776334776334776
171.0 1.2466900015218385
175.0 1.8819205145876408
180.0 3.0658682634730536
181.0 2.0029339853300736
190.0 1.7980684811237928
193.0 1.2352231604342583
202.0 1.5717574827321565
204.0 3.175193798449612
208.0 1.5975039001560063
