0 1.83471444568869
4.0 2.033258873169521
11.0 1.9523355576739752
14.0 1.311769415532426
23.0 1.7341236240474174
24.0 1.2006448776198153
33.0 1.854232684472612
34.0 2.9039347749025164
39.0 1.1520180002812543
47.0 1.9189505739048958
51.0 3.1136450019004185
52.0 1.8351254480286736
61.0 1.887557603686636
64.0 1.855913004077934
74.0 0.912757660167131
76.0 2.9552669552669553
79.0 1.7418668934722517
91.0 1.2746226855453555
103.0 1.2020542920029347
113.0 0.23870854944926861
114.0 1.8613951374687572
119.0 2.398126463700234
120.0 2.1327779224160373
123.0 1.7843607057285995
127.0 2.120631633445509
130.0 2.0177339901477835
141.0 0.499816961561928
146.0 1.8741706703271561
151.0 2.976744186046512
153.0 1.7617204301075267
161.0 1.874599542334096
164.0 1.6069046684974502
172.0 1.968757510213891
174.0 2.254265272427078
180.0 1.9403126480341069
184.0 3.1042061386888977
189.0 2.568025078369906
193.0 1.831023692445239
201.0 1.9523355576739752
204.0 1.351146297212601
