0 1.0418415363092965
5.0 1.3090444231383829
11.0 2.0823589222165735
11.0 1.5209803193464537
21.0 1.4837891686288716
23.0 1.8776071510428602
29.0 1.5906796116504853
32.0 1.3726541554959786
41.0 1.7575627547736539
42.0 1.4607703281027105
51.0 1.401060372840773
53.0 1.492167577413479
61.0 1.0429026098026735
65.0 0.9658099504833766
74.0 0.8834249973040008
76.0 1.3132414235331837
81.0 1.980178873579889
81.0 1.7260851243152127
90.0 1.6855967078189298
92.0 1.3917770981991167
103.0 0.9448673587081892
104.0 3.124332570556827
108.0 1.5726626991745059
112.0 2.063476070528967
119.0 1.8664843928001822
121.0 1.144933612858141
132.0 1.2063024591370932
134.0 2.6222791293213827
138.0 2.98978102189781
140.0 3.075075075075075
148.0 2.030235439900867
151.0 2.7769491525423726
158.0 1.9398531849396166
161.0 1.3731143144485418
171.0 1.990281827016521
171.0 1.932531257372022
181.0 1.0448979591836736
183.0 2.1677692511246365
189.0 2.088197807800153
191.0 1.9995118379301926
199.0 1.1266675835510935
204.0 3.05329854640328
208.0 2.816088002750086
210.0 1.414853195164076
