0 2.0515902829952415
0.0 3.364271047227926
5.0 1.9835351089588378
10.0 2.1184380656839927
16.0 3.193762183235868
18.0 2.1411395713538948
26.0 2.068164604897753
30.0 2.1344450234497137
36.0 1.9598086124401917
40.0 1.9825750242013556
47.0 2.077079107505071
50.0 2.0373041531957226
56.0 2.1394620005223297
59.0 2.030235439900867
66.0 1.9398531849396166
70.0 2.1344450234497137
76.0 2.104830421377184
80.0 2.145064152919612
86.0 1.9171542241984556
90.0 1.6446496687412167
97.0 1.8980537534754403
100.0 1.8212538906180522
107.0 1.4090127278981768
111.0 0.6723571897570585
125.0 0.9018053720827829
125.0 3.1195734958111196
128.0 2.1069958847736627
136.0 2.0232156087922943
140.0 2.1377870563674324
146.0 1.9844961240310077
150.0 2.0202219482120842
157.0 2.019226029085531
160.0 2.164332892998679
166.0 2.0262181548355183
170.0 2.1211807353702743
176.0 1.9020199674947758
180.0 1.9234562103780228
187.0 1.8984936268829662
190.0 1.995129079396006
197.0 1.835948005378754
200.0 2.0029339853300736
207.0 1.8643604915794265
210.0 1.902903600464576
