0 1.0483747120552853
11.0 3.01953556948028
16.0 1.1083750507373833
31.0 0.7266920961589639
35.0 2.9832483612527314
36.0 0.6577278201525492
55.0 0.35566361307688965
66.0 1.4126573547163301
68.0 2.9121933878421613
69.0 1.7739281074058033
77.0 1.4954362906170136
79.0 1.6783446015160828
87.0 1.2183224271267101
91.0 2.2661134163208847
97.0 1.2259802454354982
99.0 2.9111584932480454
105.0 2.0577744285355437
107.0 1.9844961240310077
116.0 1.9912493923189112
117.0 2.0755003800354697
126.0 1.4816422499547839
129.0 2.010306748466258
136.0 1.4657362676686347
139.0 2.033763654419067
146.0 1.517599110781771
149.0 1.8673353088671076
157.0 1.8605496252555078
158.0 1.301557038449317
169.0 1.2274498052142642
179.0 0.35997714988794655
186.0 0.8384851586489254
192.0 2.7750677506775068
195.0 2.0217176702862787
197.0 2.0454431960049937
207.0 0.9389111747851003
