0 1.0237440639840039
8.0 2.896746817538897
13.0 0.5788581119276428
21.0 1.4819102749638207
25.0 1.6113296616837138
32.0 1.9481569560047562
34.0 1.5888285492629945
42.0 0.9968362131905574
48.0 1.845460689344447
51.0 2.8865398167723746
53.0 2.1010515516799178
60.0 1.704890738813736
65.0 1.5039471268588214
72.0 1.8236865538735532
74.0 1.8306145251396648
81.0 1.7980684811237928
84.0 2.4016417472881852
90.0 1.9893152015541522
94.0 2.7143803843605037
99.0 1.8343036274070754
104.0 2.965966690803765
109.0 1.9749276759884282
114.0 2.7816638370118847
119.0 1.8208490775727941
124.0 2.4726833685481435
130.0 1.927529411764706
134.0 0.8860047588146225
146.0 1.3320325203252033
146.0 1.7697126809246058
151.0 1.326424870466321
156.0 0.9906881122263878
166.0 3.51286449399657
169.0 0.5893949204978776
174.0 2.431582071831404
181.0 1.85675430643699
185.0 2.726123128119801
190.0 2.136114732724902
194.0 2.1903743315508017
201.0 2.0004884004884005
204.0 2.008335376317725
