0 2.3683145417750793
6.0 2.2921096810296584
9.0 2.8151202749140896
15.0 2.063476070528967
19.0 2.5464718682001863
25.0 2.1660497091485986
29.0 2.2003760408272903
36.0 2.035785288270378
39.0 2.2358078602620086
46.0 1.8741706703271561
49.0 1.4374451658185647
58.0 2.058808745916059
59.0 1.9985362283483776
66.0 0.7404193781634129
76.0 1.980657640232108
76.0 1.8404852842057966
86.0 1.2832080200501252
92.0 1.881488286632981
96.0 2.018231091401823
99.0 2.038825286212046
106.0 1.100040284678394
113.0 2.037810945273632
116.0 2.8180254557963536
118.0 1.4382022471910114
128.0 1.1518560179977504
132.0 1.8071917052724464
140.0 0.9997559189650963
140.0 1.878468241229076
149.0 0.7913446676970634
153.0 1.4636412363766302
161.0 1.5459520664276276
167.0 1.3662441627751833
171.0 1.8168108227988466
176.0 0.8115712304339212
185.0 1.5912975912975915
187.0 1.7045359966708282
197.0 1.4496549283312687
201.0 1.8630884694109617
206.0 0.7697077891571924
