0 3.1314984709480123
4.0 2.0322500620193504
6.0 1.837183224938327
16.0 1.7571857571857572
17.0 2.073399139458365
25.0 1.994643291940589
26.0 1.8597048808172532
36.0 1.8228749443702716
37.0 1.9990239141044412
45.0 1.900696055684455
47.0 1.9055594324261453
56.0 1.9316199009667532
57.0 2.06503655155029
65.0 2.1411395713538948
66.0 2.032754342431762
75.0 1.9302544769085768
77.0 1.7571857571857572
87.0 1.9149135109864424
87.0 1.5863671572424478
97.0 0.9648998822143697
101.0 0.9719981015662078
111.0 0.7801161794114846
112.0 2.9039347749025164
115.0 2.6400257815017723
125.0 3.1801242236024847
125.0 2.279988867241859
136.0 1.9176029962546814
136.0 2.066078184110971
145.0 1.932075471698113
147.0 2.0444222610431746
155.0 2.046465151136647
157.0 1.9607467687888944
166.0 1.9198500117178343
167.0 2.042383445524807
175.0 1.9792220343078035
177.0 1.941692344157383
186.0 1.787865560890441
187.0 1.3455978975032852
199.0 1.094894413258487
199.0 1.7906010928961749
206.0 0.5816529395058222
