0 2.05005005005005
4.0 2.0262181548355183
10.0 1.9869027407227746
14.0 2.0352795031055897
20.0 2.019723865877712
24.0 1.7116590054325116
31.0 2.0108001963672066
34.0 1.8095869229070025
40.0 3.3753605274000824
42.0 1.8200399911130858
50.0 2.3744927536231883
53.0 2.0551931761164073
60.0 3.2150706436420724
62.0 2.8875572788156503
69.0 2.048512128032008
74.0 1.5355201499531397
81.0 2.049024512256128
84.0 3.3753605274000824
88.0 1.9144659967282076
94.0 1.9787439613526572
100.0 2.0713021491782553
104.0 2.2617338487023746
109.0 2.0807721615443233
114.0 1.8467087466185754
120.0 1.2964076594397849
126.0 1.8413126545291076
130.0 1.2581784672093381
136.0 1.995129079396006
140.0 1.7843607057285995
144.0 2.0813008130081303
150.0 1.9449192782526117
154.0 1.932987258140632
160.0 2.1512605042016806
164.0 1.6
171.0 1.9692307692307691
175.0 1.8200399911130858
180.0 1.8147984049623391
184.0 1.7560557341907825
190.0 1.5442035815268615
195.0 1.3132414235331837
202.0 1.6985278872071323
205.0 1.3374693877551018
