0 1.363288400732235
13.0 2.0112938865700953
21.0 2.0232156087922943
31.0 3.0374490174267703
37.0 1.9523355576739752
41.0 2.2321525885558584
47.0 2.0515902829952415
50.0 1.9537324111614598
57.0 2.033763654419067
61.0 1.8806244260789715
67.0 2.0444222610431746
70.0 1.6341512068621584
78.0 1.9472308057998575
81.0 1.8923538923538925
87.0 2.0122819945959223
91.0 2.0004884004884005
97.0 1.943534994068802
101.0 1.951405431157694
107.0 2.036291324881929
111.0 1.9541984732824427
117.0 2.02072027627035
121.0 1.4180370434481566
129.0 1.9927025054731209
131.0 1.9144659967282076
137.0 2.008335376317725
141.0 1.9476937708036137
147.0 1.617693522906793
151.0 2.02072027627035
157.0 1.9189505739048958
160.0 1.9840155001210948
167.0 1.8063947078280043
170.0 1.8669097538742023
180.0 1.1074760037853184
180.0 2.9008498583569406
186.0 1.9555979947481499
190.0 1.9407723288320304
197.0 1.8681870011402508
200.0 1.8079894063120725
208.0 1.9393939393939392
210.0 1.9042305904230594
