0 1.2541334966319657
4.0 2.0572576594676044
11.0 2.0924648786717754
11.0 1.9198500117178343
21.0 2.0665993945509586
21.0 2.016740521910389
31.0 1.8998144712430425
31.0 1.8164079822616408
42.0 1.587596899224806
42.0 1.1103280021686093
54.0 0.8280602446174061
57.0 3.1255246089278903
59.0 2.8414845646895595
60.0 2.013271073973949
71.0 1.2792004996876951
73.0 2.1586297760210806
81.0 1.082595480375314
84.0 2.0526183913806064
91.0 2.1107961865498583
91.0 2.037810945273632
101.0 1.5621662852784135
102.0 2.0813008130081303
111.0 1.7515501389779775
111.0 2.235197817189632
120.0 2.1804631354804362
121.0 1.9931873479318734
131.0 1.9678116742733605
131.0 1.4951633509764557
142.0 1.4535131298793469
143.0 1.9380175065057959
151.0 1.8508811568007228
151.0 1.5404287326062431
162.0 1.7127325946058956
162.0 1.2130904783059382
174.0 1.104340792666487
174.0 2.2015587207739853
181.0 1.2892666037141958
183.0 1.9162573099415203
191.0 1.5744762636940226
192.0 1.7052456286427975
202.0 0.7855772919064058
207.0 2.3466055571469493
210.0 1.9490839876278847
