0 1.4200034668053387
0.0 1.7758508562757422
8.0 1.9449192782526117
8.0 2.0572576594676044
17.0 2.061399094111726
18.0 2.1102524471921686
28.0 1.396284302028294
29.0 1.849627455407541
38.0 1.9668667466986793
38.0 1.5769008662175168
49.0 1.1744802867383515
51.0 2.953136265320836
57.0 1.7522994652406416
58.0 2.0728744939271255
67.0 1.7655172413793105
69.0 1.9888322408351544
77.0 2.0444222610431746
78.0 1.7526743688489514
88.0 1.2828061384278107
90.0 1.601250977326036
98.0 0.9767497317276738
102.0 2.5752907890600443
107.0 1.1142546245919478
111.0 2.5021380574221133
117.0 1.4291695743196091
120.0 1.8172138420585624
128.0 1.7392781316348196
129.0 1.3740355585374036
139.0 1.372424191656894
140.0 1.6589712434183883
148.0 1.5263648220607415
149.0 0.9656960980785099
162.0 2.7573207674183777
166.0 0.4881420569657967
171.0 1.6633502538071065
178.0 1.8669097538742023
188.0 1.2766090073242948
200.0 0.5084724722239463
210.0 0.8702857749920323
