0 0.917974002689377
15.0 2.9996338337605275
19.0 1.8521365588966765
31.0 1.8147984049623391
41.0 1.9621556886227545
51.0 1.9840155001210948
61.0 1.8998144712430425
71.0 1.0463660748499168
84.0 2.822880771881461
89.0 1.832662192393736
101.0 2.0686868686868687
110.0 1.9532665712923225
121.0 1.9135715954216306
131.0 2.1222797927461143
140.0 1.911339244050397
151.0 2.0257171117705246
161.0 1.4309170305676857
172.0 1.6205736894164195
182.0 1.6199327664623293
192.0 1.7816441931274467
201.0 2.105912596401028
