0 1.9158091674462114
4.0 2.0237154150197627
10.0 2.0352795031055897
14.0 2.0665993945509586
20.0 2.083948104807937
23.0 2.05674114988702
30.0 2.083418107833164
33.0 2.033258873169521
40.0 2.039840637450199
44.0 1.8028169014084507
51.0 2.003913894324853
54.0 1.9630960939372153
60.0 2.1140645161290323
63.0 1.9380175065057959
70.0 1.9616858237547892
74.0 2.1217301217301214
80.0 2.0439121756487024
84.0 1.9754039064383893
90.0 1.8512994350282486
94.0 1.8208490775727941
101.0 1.8550724637681157
104.0 1.4620738889880422
112.0 1.9037880548454567
114.0 2.0718259989883663
120.0 1.9239079379990605
124.0 1.7116590054325116
131.0 1.9203000468823255
134.0 2.063476070528967
140.0 2.099436186570989
143.0 1.8249053241256403
151.0 1.9797003383276948
154.0 1.8208490775727941
161.0 2.4704463208685166
163.0 1.9117852975495917
170.0 1.9941577409931843
174.0 1.9569995222169136
180.0 1.1759977031294861
186.0 1.430417321459752
192.0 1.4289202860631434
195.0 1.4675743461125046
202.0 3.2443564356435646
202.0 2.011787819253438
210.0 1.7894276976845784
