0 2.8414845646895595
4.0 0.5228824918618753
10.0 0.8956921058386179
21.0 1.191390343222804
28.0 0.3304558289632917
39.0 0.773121932804832
42.0 1.9844961240310077
48.0 2.3279340721795965
55.0 2.0728744939271255
58.0 2.189788826516974
65.0 2.1422594142259412
68.0 2.171216538563477
75.0 1.665040650406504
79.0 1.6721779955092877
86.0 1.7960973470730102
89.0 1.5212627669452183
97.0 1.793737683380775
99.0 1.6964174777386622
106.0 2.727030625832224
107.0 2.9510086455331415
114.0 2.019723865877712
118.0 1.890606969766905
126.0 1.8750286106660565
128.0 2.083418107833164
135.0 2.0474881279680077
138.0 1.7953101030024108
146.0 1.8681870011402508
148.0 1.935727788279773
156.0 2.009813542688911
158.0 1.2134498592801066
168.0 1.1422197434467374
171.0 3.313915857605178
174.0 3.173963580007749
177.0 2.0755003800354697
185.0 2.0807721615443233
188.0 2.007351139426611
195.0 1.981136638452237
198.0 2.138345079613678
205.0 2.1239305159450352
208.0 2.0202219482120842
