0 0.9888942539835828
1.0 1.9302544769085768
7.0 1.3742660627411507
11.0 0.7427690633783661
26.0 0.6516585792697479
26.0 2.100512820512821
39.0 1.329438493995456
39.0 1.3489214556232503
50.0 1.6180130357495557
50.0 2.2057081313947227
57.0 1.6623376623376622
60.0 1.8265328874024525
68.0 1.6283045120254425
70.0 1.7091591904861254
78.0 1.798463227222832
80.0 1.8932285648255143
87.0 1.7866957470010905
90.0 1.2057697968795997
100.0 1.2852212111703798
102.0 1.542168674698795
108.0 0.7362271951109912
116.0 0.6164960866947622
126.0 2.0137659783677484
129.0 2.8434571329399514
136.0 0.7121001390820585
147.0 1.5559354226020894
148.0 2.1118845063160605
157.0 1.986420950533463
159.0 2.1845333333333334
167.0 2.0665993945509586
169.0 2.0257171117705246
177.0 1.9343565525383706
179.0 1.9162573099415203
187.0 1.625719388767613
190.0 2.1478762454116413
197.0 2.083948104807937
199.0 2.088730239673636
209.0 0.939234120614538
