0 3.067016098839386
1.0 1.8630884694109617
10.0 2.183368869936034
12.0 3.250793650793651
18.0 2.048
22.0 2.044932601098352
30.0 1.8044052863436122
32.0 1.7828073993471165
40.0 1.5028435149513852
43.0 1.8008353484282258
50.0 1.6276574607589904
53.0 1.6433299899699096
61.0 1.8853855005753741
62.0 1.9302544769085768
70.0 1.8630884694109617
72.0 1.9073341094295693
82.0 0.6689531275518537
88.0 1.8000439463854097
92.0 2.170066225165563
99.0 2.0262181548355183
102.0 1.7870855148342062
110.0 2.035785288270378
112.0 1.9055594324261453
120.0 1.9153612345101705
122.0 1.7925601750547047
130.0 2.104830421377184
132.0 2.002444390124664
140.0 1.9720751083293213
142.0 2.927805575411008
151.0 1.4683635060046605
151.0 1.5645530939648589
161.0 1.9706519124368536
162.0 1.7052456286427975
171.0 2.018728437654017
172.0 2.0342686863670227
180.0 2.0786602385181427
182.0 1.85675430643699
190.0 1.3204384268214056
194.0 1.9878670225673376
200.0 1.6241078509119748
203.0 2.015748031496063
210.0 1.8083885209713024
