0 2.048512128032008
1.0 2.0277227722772277
10.0 2.104830421377184
11.0 1.5198515769944343
21.0 1.5025678650036685
22.0 2.916340334638661
30.0 2.019226029085531
30.0 1.755303192629098
41.0 1.8404852842057966
41.0 1.9140186915887851
50.0 1.9754039064383893
51.0 1.886688162137264
60.0 1.9476937708036137
61.0 2.002444390124664
70.0 2.079187817258883
71.0 1.7519247219846021
81.0 1.016377171215881
85.0 1.9956151035322776
90.0 2.130005200208008
91.0 2.0217176702862787
100.0 1.93755912961211
101.0 2.024715768660405
110.0 1.6804102564102563
112.0 1.8172138420585624
121.0 1.5003663003663004
121.0 1.6426709444555845
131.0 1.6880280239027405
132.0 1.9635666347075744
140.0 1.985939393939394
141.0 2.049537152864649
150.0 2.0718259989883663
151.0 1.8363595606366285
161.0 1.7681847614936326
161.0 1.9225533912227177
170.0 1.9426132321555611
171.0 1.7152428810720268
181.0 1.8618181818181818
181.0 1.9546647578143643
190.0 2.0307387208725833
191.0 1.5823836198570602
201.0 1.8550724637681157
201.0 1.563060484640336
