0 3.1136450019004185
4.0 2.068164604897753
10.0 1.9523355576739752
16.0 1.8780375974323704
20.0 1.9720751083293213
26.0 2.049537152864649
30.0 1.9975615703486953
36.0 2.0177339901477835
40.0 2.1222797927461143
45.0 2.3703703703703702
49.0 2.0697321879737243
55.0 1.654949494949495
61.0 1.6208943411159478
67.0 3.1291061879297177
68.0 1.941692344157383
76.0 1.8367713004484305
80.0 2.046465151136647
85.0 2.024215468248085
90.0 1.9768339768339767
96.0 2.0044042084658673
100.0 1.511160302527209
107.0 1.9754039064383893
110.0 1.6218570580083151
117.0 2.063476070528967
120.0 2.0702552438716197
125.0 2.1021298434693354
130.0 2.1102524471921686
135.0 2.041874376869392
140.0 2.0702552438716197
145.0 2.1591987348444914
149.0 2.1167958656330748
155.0 1.9104477611940296
160.0 2.028727092620109
166.0 2.0871337579617832
170.0 2.041365561923748
175.0 2.103209242618742
180.0 2.0272209849047265
186.0 1.8529744401719068
190.0 2.0876656472986745
195.0 1.8919168591224018
200.0 2.1327779224160373
205.0 2.0871337579617832
210.0 2.142819775045776
