0 1.1744802867383515
13.0 3.186308829249319
18.0 0.7726843991699679
36.0 3.004033736707004
49.0 1.4442877291960508
52.0 2.2480790340285397
58.0 1.957467144563919
60.0 1.8479584931197834
69.0 2.0956766436428755
70.0 1.6138691883372736
80.0 1.9108933986470726
80.0 1.8024202420242026
90.0 1.3475900641552887
91.0 1.8580176910864143
100.0 1.3030062032766025
101.0 1.3429508196721314
112.0 1.104638619201726
112.0 2.9080582179623713
118.0 2.049537152864649
129.0 2.720690800398539
130.0 2.92885234179478
139.0 2.0127764127764127
139.0 0.589564591579705
159.0 2.4548996104285283
160.0 1.85675430643699
169.0 1.210580759568494
173.0 3.1089184060721062
177.0 2.1021298434693354
179.0 1.8681870011402508
189.0 1.3427306998852648
190.0 1.8609722853248523
198.0 2.033763654419067
199.0 1.994643291940589
208.0 1.92435987784825
209.0 1.9706519124368536
