0 1.8289796829649474
1.0 1.6443195503813728
12.0 0.5990931695187949
17.0 1.4610308542892811
22.0 2.0946049603681924
27.0 3.2430720506730006
29.0 2.1689171299973524
37.0 2.0983606557377046
41.0 2.1037493579866458
47.0 2.021218850234394
51.0 1.9673390970220943
57.0 1.9975615703486953
61.0 1.3934342575267904
69.0 1.8771769019248397
71.0 1.742607955754095
78.0 2.001955034213099
81.0 1.9444576311417043
87.0 1.1860431446358766
94.0 1.9970745977571915
97.0 2.111340206185567
101.0 1.4379497981393716
109.0 2.001955034213099
111.0 1.3249231764515608
119.0 1.6241078509119748
122.0 1.3451559934318555
129.0 1.4987193560190266
132.0 1.6556184316895715
138.0 1.8767468499427262
141.0 1.8936662043458161
148.0 1.765897822806639
151.0 1.9555979947481499
161.0 2.0557089084065248
171.0 0.41611215522933914
173.0 3.2899598393574294
176.0 2.1461881058422847
181.0 2.05005005005005
187.0 2.0172371337109087
191.0 1.9588713534194164
197.0 1.754551295780681
201.0 1.0402539682539682
