0 1.5190061190432043
7.0 0.5792264724598741
19.0 1.02592360676268
19.0 1.3958084852615438
31.0 0.7643217018100391
32.0 0.7518355359765051
46.0 1.8888632695411578
46.0 0.8177280894390098
61.0 1.024256064016004
63.0 1.9990239141044412
69.0 1.2574059861857254
81.0 0.7743643066452405
82.0 0.5886749065823512
99.0 1.1088251218191663
99.0 1.0990072444325194
112.0 0.7681200187529301
112.0 1.6842105263157896
120.0 1.8845180584311017
126.0 1.023488255872064
133.0 2.039840637450199
135.0 2.8583391486392182
137.0 1.3920135938827527
147.0 1.678688524590164
150.0 1.5036710719530102
157.0 1.075912792224849
162.0 2.39672322995904
165.0 2.7526881720430105
168.0 2.266740453790814
175.0 1.7579399141630903
179.0 1.474442044636429
187.0 1.4886425586043976
190.0 1.4417458641323475
197.0 1.387298899237934
201.0 1.3337675024422013
207.0 1.5765973826020014
210.0 1.4976234003656308
