0 1.341631182443498
6.0 1.8763169949610627
11.0 1.896735355406344
21.0 0.7165850244926523
21.0 2.054162487462387
30.0 0.9726905723106151
38.0 1.9158091674462114
41.0 1.3989071038251366
46.0 1.218866240142836
56.0 0.6439745303042214
59.0 2.229115646258504
63.0 1.669451803545955
71.0 2.0807721615443233
74.0 1.9279830548364323
81.0 2.105371369827808
84.0 1.8318425760286223
91.0 1.9825750242013556
94.0 1.8580176910864143
101.0 1.3986682602014682
106.0 2.1660497091485986
110.0 1.6446496687412167
115.0 1.4029799623223154
125.0 0.7825007164008024
127.0 1.3993850358729074
135.0 1.15461592670895
143.0 2.009320578857003
144.0 2.1851160309415847
150.0 1.9584030600047813
154.0 2.1586297760210806
160.0 1.8788990825688072
164.0 1.8408988764044942
171.0 1.9927025054731209
174.0 1.6725193956717028
181.0 1.9692307692307691
184.0 1.908222688096902
191.0 1.8647848850443889
194.0 2.0322500620193504
200.0 1.9584030600047813
204.0 1.9985362283483776
210.0 2.0983606557377046
