0 2.883491728264695
3.0 1.5201336054926702
15.0 0.5241873560276427
19.0 1.8224694104560621
24.0 1.1726309762381906
32.0 1.5684472525368562
34.0 3.048753256419799
36.0 1.801627446668133
45.0 1.7002905770029058
48.0 2.901877435352462
52.0 1.536096006000375
59.0 1.9176029962546814
68.0 1.3069559668155712
80.0 2.7854471268276098
88.0 0.9991462373460178
92.0 1.7723929035049761
98.0 1.1322736696613682
101.0 1.8079894063120725
108.0 1.2778037747621276
110.0 2.6502749919120023
116.0 1.4131447300327757
119.0 1.0701502286087525
131.0 0.9953827460510327
131.0 0.5320862561704339
150.0 0.33199594731509624
159.0 0.9641049782276098
162.0 2.6298555377207062
166.0 1.421235253296322
170.0 2.532302936630603
176.0 1.7123745819397993
179.0 1.6244299028356135
189.0 1.1376197750312458
190.0 1.1924308588064045
200.0 0.8244766505636071
203.0 2.8733777621887056
206.0 2.5456805469235553
207.0 1.9407723288320304
