0 1.6270109235352532
10.0 1.380053908355795
22.0 0.5634112792297112
40.0 1.4445424087462526
51.0 1.656957928802589
60.0 2.0962128966223132
69.0 0.9897305787120938
84.0 2.34324942791762
89.0 1.677657177964366
100.0 2.144502617801047
109.0 2.0257171117705246
119.0 2.1377870563674324
129.0 1.9472308057998575
139.0 1.9234562103780228
150.0 1.7268128161888703
160.0 1.3168300916251405
172.0 1.6145053212455658
180.0 2.0850089081191143
189.0 1.8993739856248553
200.0 1.8330722756768851
210.0 1.9878670225673376
