0 1.6773136773136772
1.0 2.0322500620193504
10.0 1.5178803038725217
11.0 1.3619285120532003
22.0 1.222139340593764
22.0 1.5103244837758112
32.0 0.9221071589374156
35.0 3.011764705882353
38.0 1.464949928469242
41.0 1.932531257372022
50.0 1.4321678321678324
51.0 2.0053855569155448
60.0 1.4859423181570832
61.0 1.985939393939394
70.0 1.5678468899521532
71.0 1.964037401102853
80.0 1.9777885079671655
80.0 1.8184239733629302
90.0 2.022716049382716
90.0 2.116249031258073
99.0 1.987384764677341
100.0 2.0342686863670227
109.0 2.10753794700283
110.0 1.868613138686131
120.0 2.0307387208725833
120.0 2.04340234472437
129.0 2.059844103595675
130.0 1.6755982818572304
140.0 1.6855967078189298
141.0 2.019723865877712
149.0 1.8980537534754403
150.0 2.0317460317460316
159.0 1.9922178988326849
160.0 1.9835351089588378
169.0 2.0147565174618793
170.0 1.84920993227991
180.0 1.9730250481695568
180.0 1.9077782952957616
190.0 1.5003663003663004
191.0 1.6446496687412167
201.0 1.5067132609895162
201.0 1.498445216755076
