0 2.05005005005005
10.0 1.9965878625396054
20.0 1.806793118659021
31.0 1.3475900641552887
42.0 1.734490789752276
51.0 2.0686868686868687
60.0 2.0122819945959223
70.0 1.5535748150957711
81.0 1.9239079379990605
90.0 2.068164604897753
100.0 2.0307387208725833
110.0 2.037810945273632
120.0 1.8976140838545286
130.0 1.5562310030395134
141.0 2.058291457286432
150.0 1.9046733317833062
160.0 2.018231091401823
170.0 2.044932601098352
180.0 2.0029339853300736
190.0 1.9453811446212301
200.0 1.9011371547922953
210.0 1.8910433979686059
