0 2.127792207792208
5.0 2.4846830451925994
15.0 0.7224622982626333
16.0 1.900696055684455
26.0 1.9091120950827312
29.0 1.9476937708036137
36.0 1.0882040382571734
42.0 2.0237154150197627
45.0 2.2548857693366364
48.0 2.19330655957162
55.0 2.048
59.0 2.0807721615443233
65.0 1.908222688096902
69.0 1.3094629156010231
78.0 2.1102524471921686
78.0 1.1973107278573518
88.0 1.9302544769085768
89.0 3.01953556948028
94.0 1.8099867432611578
99.0 1.987384764677341
106.0 1.986420950533463
109.0 2.0546777025332332
115.0 1.9975615703486953
119.0 2.0048947626040134
126.0 2.1723680721294087
128.0 1.7613416469576437
139.0 1.0575781048282984
139.0 3.2290106424911316
144.0 1.0869046039538277
153.0 2.5664160401002505
158.0 1.094601817210048
159.0 2.523721503388786
165.0 1.7264488935721813
170.0 2.0551931761164073
176.0 2.0454431960049937
179.0 1.724268575036834
187.0 1.9384761003312827
189.0 1.8853855005753741
199.0 0.579513299377476
206.0 2.016740521910389
209.0 1.2291072768192048
