0 2.2176502436383325
8.0 0.3742519073507241
14.0 1.1061301647312989
22.0 1.5232428412049088
30.0 0.7324094769780957
33.0 0.7804878048780488
45.0 0.6913080168776371
53.0 2.0813008130081303
58.0 1.8733135147495998
69.0 0.9877019532191946
70.0 2.9595375722543356
74.0 1.4090127278981768
80.0 1.4090127278981768
88.0 1.8554926387315969
89.0 1.5808568120416826
97.0 1.911339244050397
98.0 2.048
106.0 1.7515501389779775
109.0 1.9091120950827312
116.0 2.09353437260414
118.0 1.8941040462427745
126.0 2.0317460317460316
128.0 1.8265328874024525
136.0 2.0551931761164073
138.0 2.059844103595675
146.0 1.4987193560190266
150.0 2.038825286212046
156.0 1.8380076284496298
159.0 1.7400169923534408
166.0 2.0312422514257373
168.0 2.0252163164400496
176.0 2.054162487462387
178.0 2.024215468248085
186.0 1.9970745977571915
188.0 2.0521042084168335
196.0 2.0697321879737243
198.0 2.083948104807937
