0 1.9716004813477737
10.0 1.927529411764706
20.0 1.9458432304038007
30.0 1.6890721649484537
41.0 1.8322522925520017
50.0 1.9927025054731209
60.0 2.008335376317725
70.0 2.032754342431762
80.0 1.6037588097102584
91.0 2.024715768660405
100.0 1.9403126480341069
110.0 2.022216736608245
120.0 1.9593398708442955
130.0 1.9840155001210948
140.0 1.8512994350282486
150.0 1.995129079396006
160.0 1.9426132321555611
170.0 1.9825750242013556
180.0 0.7032363292986523
198.0 1.9257169722614011
210.0 2.106454101311391
