0 1.4187738136473846
7.0 1.375881760161236
7.0 1.4594690896133973
11.0 2.2895472330911124
14.0 1.5028435149513852
17.0 1.6413544379883793
20.0 2.365578977764944
24.0 1.7964912280701755
26.0 2.061399094111726
29.0 2.120631633445509
35.0 1.6486214530086536
36.0 1.946305535756712
39.0 1.7070222963117314
45.0 1.3646510078294187
47.0 1.7202855942881146
50.0 1.772009517629245
55.0 1.2742261627002645
58.0 1.921200750469043
59.0 2.160337552742616
64.0 1.4652119477732068
67.0 2.1042897508348317
69.0 2.1255838090295796
75.0 1.8517179023508137
76.0 1.354945418458485
81.0 2.3200226564712545
84.0 1.2878478226693917
87.0 1.44352422907489
91.0 2.3239716312056737
94.0 1.6205736894164195
100.0 0.602929270626334
105.0 2.109165808444902
105.0 1.9352704937396648
109.0 2.5948685460880583
114.0 1.9630960939372153
119.0 2.3102086858432034
124.0 0.9477093937991671
134.0 1.64004004004004
136.0 1.372424191656894
141.0 2.1021298434693354
145.0 1.3376877857609406
151.0 1.2910953506698188
162.0 0.16106010262862985
162.0 0.760137329498005
162.0 3.075075075075075
164.0 2.3252909452171444
169.0 2.0383179895496393
175.0 1.759828141783029
180.0 2.497560975609756
184.0 0.5181202959964581
187.0 1.9476937708036137
189.0 2.3472779369627506
194.0 3.103030303030303
198.0 2.3392347230154202
204.0 1.9495478343645882
209.0 0.3927698134918733
