0 1.1185144729655927
3.0 2.8355832467982003
9.0 2.079187817258883
10.0 0.7529411764705882
27.0 0.7451337092959797
27.0 1.8111872650895424
40.0 0.9922480620155039
54.0 0.4388257981572745
54.0 2.2755555555555556
59.0 2.431582071831404
59.0 1.749679624092268
71.0 1.5456603773584907
71.0 1.4244479221005042
82.0 1.3931972789115645
82.0 1.4899963623135684
91.0 1.4924394243031518
91.0 1.2732359341000932
102.0 1.2575990175007676
102.0 2.3115124153498874
109.0 1.0817377525419252
114.0 1.9763570566948132
120.0 1.5404287326062431
121.0 1.0818806127839409
133.0 1.0452979456424654
134.0 1.9825750242013556
140.0 1.647958157312412
141.0 1.6849033319621556
151.0 0.8551148225469728
155.0 2.120631633445509
160.0 1.7020569291502183
161.0 1.6328483157265299
171.0 1.6047012732615082
171.0 2.014261126137202
180.0 2.0252163164400496
180.0 1.7474402730375427
190.0 1.7882558393363892
190.0 2.116249031258073
200.0 1.9739759036144575
200.0 2.018728437654017
210.0 2.042383445524807
210.0 1.9922178988326849
