0	22	1941.512
0	234	4350.278
0	02	1251.594
0	03	1831.34
0	01	887.936
0	04	2645.914
0	05	3829.942
0	44	4370.362
0	45	5385.598
0	1	751.246
0	0	298.35
0	3	1871.194
0	2	1201.172
0	5	4216.532
0	4	2829.888
0	3HD	2839.548
0	4HD	4296.526
0	24	3138.032
0	345	6417.528
0	25	4354.044
0	123	2878.35
0	2HD	1873.294
0	13	2056.354
0	12	1501.276
0	15	4063.746
0	14	2863.248
0	33	2946.414
0	23	2414.68
0	35	4841.138
0	34	3527.318
1	22	1992.468
1	234	5009.91
1	02	1375.64
1	03	1941.318
1	01	887.936
1	04	2963.912
1	05	4054.408
1	44	4909.218
1	45	5702.276
1	1	734.626
1	0	299.48
1	3	1810.466
1	2	1238.192
1	5	4183.488
1	4	2901.8
1	3HD	2807.804
1	4HD	4327.39
1	24	3605.664
1	345	7000.406
1	25	4730.292
1	123	3221.722
1	2HD	1856.01
1	13	2237.068
1	12	1691.398
1	15	4402.004
1	14	3270.38
1	33	3103.18
1	23	2671.148
1	35	5157.226
1	34	3964.588
2	22	2009.254
2	234	4367.532
2	02	1295.424
2	03	1918.582
2	01	859.346
2	04	2696.556
2	05	4068.814
2	44	4876.746
2	45	5321.28
2	1	733.914
2	0	292.708
2	3	1876.286
2	2	1204.1
2	5	4379.922
2	4	2771.506
2	3HD	2826.474
2	4HD	4369.378
2	24	3189.916
2	345	6371.912
2	25	4593.686
2	123	2980.41
2	2HD	1848.276
2	13	2168.754
2	12	1563.642
2	15	4358.56
2	14	2963.674
2	33	3141.412
2	23	2518.394
2	35	4989.29
2	34	3519.414
3	22	2100.402
3	234	4544.892
3	02	1318.07
3	03	1952.826
3	01	891.078
3	04	2959.302
3	05	4277.904
3	44	4856.04
3	45	5298.732
3	1	733.67
3	0	285.418
3	3	1816.384
3	2	1164.396
3	5	4359.554
3	4	2906.744
3	3HD	2891.348
3	4HD	4327.048
3	24	3382.034
3	345	6395.876
3	25	4755.81
3	123	2970.12
3	2HD	1874.604
3	13	2207.046
3	12	1581.144
3	15	4599.486
3	14	3266.288
3	33	3248.934
3	23	2503.096
3	35	5042.234
3	34	3746.194
4	22	2071.524
4	234	4547.67
4	02	1355.794
4	03	1989.75
4	01	953.816
4	04	2826.694
4	05	4153.708
4	44	4782.94
4	45	5141.89
4	1	758.294
4	0	302.926
4	3	1872.754
4	2	1190.652
4	5	4379.494
4	4	2851.816
4	3HD	2833.218
4	4HD	4372.228
4	24	3267.682
4	345	6304.11
4	25	4583.8
4	123	3061.222
4	2HD	1863.12
4	13	2224.598
4	12	1618.834
4	15	4426.016
4	14	3134.822
4	33	3151.016
4	23	2545.884
4	35	4944.622
4	34	3667.426
5	22	1990.052
5	234	4364.852
5	02	1298.58
5	03	1912.88
5	01	897.472
5	04	2811.364
5	05	4070.034
5	44	4449.558
5	45	5272.73
5	1	757.764
5	0	294.194
5	3	1860.414
5	2	1194.444
5	5	4351.352
5	4	2894.72
5	3HD	2840.434
5	4HD	4219.362
5	24	3217.222
5	345	6270.992
5	25	4464.274
5	123	2908.37
5	2HD	1883.02
5	13	2142.54
5	12	1550.964
5	15	4312.346
5	14	3070.872
5	33	3022.928
5	23	2451.008
5	35	4861.38
5	34	3569.592
6	22	2098.612
6	234	4467.692
6	02	1284.008
6	03	1832.276
6	01	905.486
6	04	2824.754
6	05	4171.23
6	44	4819.004
6	45	5457.854
6	1	760.896
6	0	292.356
6	3	1765.608
6	2	1176.908
6	5	4362.992
6	4	2859.532
6	3HD	2885.412
6	4HD	4225.344
6	24	3312.696
6	345	6529.382
6	25	4619.988
6	123	2924.088
6	2HD	1885.678
6	13	2123.134
6	12	1593.888
6	15	4466.044
6	14	3131.338
6	33	3230.242
6	23	2415.47
6	35	4957.19
6	34	3653.384
7	22	2023.578
7	234	4256.874
7	02	1306.346
7	03	1878.002
7	01	866.224
7	04	2636.892
7	05	3858.884
7	44	4645.306
7	45	4993.894
7	1	729.426
7	0	297.184
7	3	1873.134
7	2	1231.692
7	5	4196.278
7	4	2786.382
7	3HD	2918.996
7	4HD	4128.254
7	24	3118.932
7	345	6003.63
7	25	4291.482
7	123	2912.202
7	2HD	1835.432
7	13	2113.306
7	12	1573.008
7	15	4095.092
7	14	2893.864
7	33	3249.834
7	23	2466.904
7	35	4646.28
7	34	3466.134
8	22	2000.172
8	234	4165.288
8	02	1272.912
8	03	1824.964
8	01	842.862
8	04	2722.612
8	05	3961.07
8	44	4808.818
8	45	4773.054
8	1	707.232
8	0	295.21
8	3	1805.222
8	2	1193.96
8	5	4296.774
8	4	2849.83
8	3HD	2787.33
8	4HD	4355.664
8	24	3132.022
8	345	5746.224
8	25	4375.766
8	123	2758.164
8	2HD	1814.732
8	13	2012.596
8	12	1500.684
8	15	4212.036
8	14	2957.6
8	33	3052.184
8	23	2342.324
8	35	4616.466
8	34	3413.834
9	22	2021.578
9	234	4839.162
9	02	1353.006
9	03	1967.534
9	01	872.036
9	04	2838.212
9	05	4261.346
9	44	5005.544
9	45	5708.242
9	1	726.564
9	0	289.642
9	3	1878.794
9	2	1229.706
9	5	4377.348
9	4	2813.34
9	3HD	2891.706
9	4HD	4347.898
9	24	3473.814
9	345	7050.022
9	25	4963.654
9	123	3212.374
9	2HD	1835.156
9	13	2271.438
9	12	1673.458
9	15	4634.914
9	14	3176.342
9	33	3274.542
9	23	2666.554
9	35	5337.088
9	34	3892.526
10	22	2035.32
10	234	4714.16
10	02	1309.336
10	03	1915.682
10	01	916.418
10	04	2812.61
10	05	4001.04
10	44	4848.036
10	45	5421.346
10	1	758.984
10	0	296.168
10	3	1803.194
10	2	1174.294
10	5	4112.292
10	4	2777.578
10	3HD	2772.406
10	4HD	4177.338
10	24	3395.404
10	345	6713.052
10	25	4634.02
10	123	3123.744
10	2HD	1812.114
10	13	2230.96
10	12	1647.994
10	15	4388.052
10	14	3169.19
10	33	3122.616
10	23	2551.478
10	35	5010.86
10	34	3823.314
11	22	2109.326
11	234	4339.666
11	02	1315.912
11	03	1917.928
11	01	903.24
11	04	2829.0
11	05	4173.408
11	44	4742.512
11	45	5068.518
11	1	745.37
11	0	304.13
11	3	1812.294
11	2	1181.856
11	5	4369.25
11	4	2843.178
11	3HD	2890.608
11	4HD	4221.876
11	24	3224.174
11	345	6076.986
11	25	4580.548
11	123	2908.934
11	2HD	1881.034
11	13	2131.694
11	12	1565.664
11	15	4443.77
11	14	3097.392
11	33	3230.524
11	23	2441.236
11	35	4843.49
11	34	3549.41
12	22	2056.874
12	234	4330.892
12	02	1316.884
12	03	1939.124
12	01	914.26
12	04	2736.152
12	05	4080.742
12	44	4876.24
12	45	5036.582
12	1	754.752
12	0	303.246
12	3	1858.058
12	2	1190.108
12	5	4337.79
12	4	2776.904
12	3HD	2884.208
12	4HD	4404.566
12	24	3144.646
12	345	6121.428
12	25	4527.204
12	123	2960.918
12	2HD	1871.05
12	13	2172.474
12	12	1585.188
12	15	4367.986
12	14	3018.698
12	33	3194.726
12	23	2468.932
12	35	4869.358
12	34	3526.444
13	22	2021.074
13	234	4179.546
13	02	1255.906
13	03	1878.91
13	01	889.356
13	04	2711.406
13	05	3703.034
13	44	4586.676
13	45	4576.826
13	1	747.34
13	0	304.586
13	3	1864.144
13	2	1173.192
13	5	4153.59
13	4	2895.846
13	3HD	2885.314
13	4HD	4173.984
13	24	3074.01
13	345	5521.078
13	25	4093.306
13	123	2799.512
13	2HD	1821.054
13	13	2060.354
13	12	1496.302
13	15	3967.43
13	14	2972.112
13	33	3201.694
13	23	2382.134
13	35	4421.164
13	34	3451.746
14	22	2058.984
14	234	4654.656
14	02	1368.988
14	03	2035.91
14	01	944.012
14	04	2868.8
14	05	4263.36
14	44	4752.942
14	45	5356.586
14	1	736.822
14	0	291.408
14	3	1857.694
14	2	1179.076
14	5	4306.028
14	4	2788.388
14	3HD	2810.58
14	4HD	4374.708
14	24	3305.232
14	345	6550.706
14	25	4777.194
14	123	3164.41
14	2HD	1851.63
14	13	2265.716
14	12	1645.41
14	15	4592.07
14	14	3163.896
14	33	3045.022
14	23	2632.07
14	35	5136.548
14	34	3720.224
15	22	2072.206
15	234	4363.88
15	02	1353.268
15	03	1909.118
15	01	911.18
15	04	2804.996
15	05	4128.372
15	44	4690.348
15	45	4951.446
15	1	744.454
15	0	300.28
15	3	1823.834
15	2	1221.46
15	5	4358.226
15	4	2862.314
15	3HD	2891.698
15	4HD	4239.242
15	24	3166.84
15	345	5926.424
15	25	4432.034
15	123	2937.276
15	2HD	1845.694
15	13	2094.52
15	12	1592.134
15	15	4283.988
15	14	3042.352
15	33	3240.76
15	23	2478.08
15	35	4703.552
15	34	3505.626
16	22	2027.732
16	234	3871.992
16	02	1257.294
16	03	1821.966
16	01	860.224
16	04	2554.264
16	05	3839.916
16	44	4632.722
16	45	4407.316
16	1	728.07
16	0	296.148
16	3	1816.188
16	2	1183.596
16	5	4293.536
16	4	2758.604
16	3HD	2805.898
16	4HD	4232.568
16	24	2748.022
16	345	5234.038
16	25	3930.232
16	123	2680.142
16	2HD	1867.208
16	13	1910.246
16	12	1455.616
16	15	3912.12
16	14	2725.64
16	33	3095.282
16	23	2291.754
16	35	4234.468
16	34	3132.638
17	22	1967.688
17	234	3901.768
17	02	1252.138
17	03	1841.344
17	01	843.948
17	04	2588.276
17	05	3816.502
17	44	4620.514
17	45	4466.802
17	1	728.396
17	0	295.72
17	3	1847.892
17	2	1191.444
17	5	4200.926
17	4	2778.852
17	3HD	2821.624
17	4HD	4313.73
17	24	2774.488
17	345	5232.624
17	25	3939.398
17	123	2675.408
17	2HD	1794.044
17	13	1915.558
17	12	1439.988
17	15	3875.904
17	14	2757.256
17	33	3061.974
17	23	2330.2
17	35	4246.676
17	34	3173.718
18	22	2008.748
18	234	3782.298
18	02	1254.598
18	03	1765.792
18	01	862.618
18	04	2621.836
18	05	3775.358
18	44	4650.062
18	45	4333.618
18	1	762.904
18	0	302.264
18	3	1813.39
18	2	1223.592
18	5	4284.332
18	4	2904.044
18	3HD	2788.722
18	4HD	4373.388
18	24	2762.868
18	345	4980.166
18	25	3801.494
18	123	2539.782
18	2HD	1878.084
18	13	1823.218
18	12	1431.286
18	15	3803.518
18	14	2757.508
18	33	2990.178
18	23	2229.954
18	35	4086.454
18	34	3125.844
19	22	1793.572
19	234	3509.882
19	02	1240.526
19	03	1790.224
19	01	876.952
19	04	2623.866
19	05	3757.136
19	44	4521.444
19	45	4136.68
19	1	762.598
19	0	301.13
19	3	1824.524
19	2	1197.948
19	5	4290.184
19	4	2875.02
19	3HD	2907.932
19	4HD	4333.194
19	24	2700.836
19	345	4695.292
19	25	3683.87
19	123	2416.564
19	2HD	1796.25
19	13	1830.76
19	12	1360.68
19	15	3705.274
19	14	2663.452
19	33	3092.034
19	23	2132.344
19	35	3837.536
19	34	2905.144
20	22	2013.858
20	234	4536.876
20	02	1383.632
20	03	2004.02
20	01	937.93
20	04	2801.596
20	05	3992.636
20	44	4890.658
20	45	4923.304
20	1	745.23
20	0	297.098
20	3	1875.956
20	2	1214.158
20	5	4180.784
20	4	2785.852
20	3HD	2776.28
20	4HD	4378.194
20	24	3169.866
20	345	6102.68
20	25	4347.896
20	123	3160.23
20	2HD	1823.196
20	13	2231.762
20	12	1674.244
20	15	4240.076
20	14	3081.088
20	33	3078.496
20	23	2604.822
20	35	4723.224
20	34	3601.594
21	22	2074.516
21	234	4689.96
21	02	1366.628
21	03	1988.688
21	01	953.022
21	04	2917.63
21	05	4211.396
21	44	4628.098
21	45	5278.532
21	1	742.854
21	0	305.4
21	3	1830.376
21	2	1178.67
21	5	4361.822
21	4	2878.648
21	3HD	2839.096
21	4HD	4190.52
21	24	3325.066
21	345	6506.126
21	25	4627.556
21	123	3124.502
21	2HD	1829.218
21	13	2211.224
21	12	1636.752
21	15	4477.998
21	14	3202.486
21	33	3167.974
21	23	2594.624
21	35	4980.788
21	34	3751.35
22	22	2173.534
22	234	4547.54
22	02	1316.452
22	03	2018.122
22	01	926.994
22	04	2836.654
22	05	4256.266
22	44	4827.622
22	45	5409.802
22	1	762.988
22	0	291.81
22	3	1882.832
22	2	1165.966
22	5	4316.058
22	4	2772.838
22	3HD	2805.366
22	4HD	4275.49
22	24	3292.278
22	345	6556.776
22	25	4710.746
22	123	3070.462
22	2HD	1885.768
22	13	2286.562
22	12	1596.626
22	15	4532.874
22	14	3127.592
22	33	3173.516
22	23	2587.358
22	35	5127.584
22	34	3723.904
23	22	2080.166
23	234	4742.914
23	02	1388.34
23	03	1955.308
23	01	948.586
23	04	2855.234
23	05	4135.472
23	44	4925.584
23	45	5382.92
23	1	745.458
23	0	291.776
23	3	1795.282
23	2	1205.156
23	5	4278.918
23	4	2810.952
23	3HD	2794.438
23	4HD	4295.62
23	24	3345.394
23	345	6653.484
23	25	4650.964
23	123	3180.28
23	2HD	1853.002
23	13	2213.032
23	12	1701.592
23	15	4456.728
23	14	3179.47
23	33	3208.652
23	23	2613.652
23	35	5012.71
23	34	3766.218
24	22	2090.854
24	234	4443.26
24	02	1326.748
24	03	1937.776
24	01	921.182
24	04	2888.032
24	05	4002.13
24	44	4564.772
24	45	4931.962
24	1	743.308
24	0	295.956
24	3	1819.518
24	2	1181.642
24	5	4182.784
24	4	2904.686
24	3HD	2822.888
24	4HD	4207.168
24	24	3209.816
24	345	5941.572
24	25	4300.222
24	123	2960.014
24	2HD	1882.004
24	13	2131.608
24	12	1572.06
24	15	4202.154
24	14	3121.432
24	33	3094.964
24	23	2500.382
24	35	4609.354
24	34	3569.742
25	22	2111.064
25	234	4413.216
25	02	1290.29
25	03	1823.008
25	01	870.866
25	04	2665.432
25	05	3848.708
25	44	4778.266
25	45	5263.476
25	1	729.48
25	0	300.64
25	3	1811.418
25	2	1220.704
25	5	4202.776
25	4	2844.06
25	3HD	2811.674
25	4HD	4296.934
25	24	3150.694
25	345	6247.586
25	25	4308.688
25	123	2882.34
25	2HD	1822.358
25	13	2039.294
25	12	1558.38
25	15	4054.57
25	14	2941.736
25	33	3174.276
25	23	2471.922
25	35	4726.222
25	34	3582.684
26	22	1939.676
26	234	4303.178
26	02	1324.928
26	03	1911.36
26	01	925.412
26	04	2758.134
26	05	4066.464
26	44	4706.158
26	45	4684.344
26	1	761.326
26	0	301.81
26	3	1841.71
26	2	1202.804
26	5	4359.592
26	4	2850.45
26	3HD	2874.71
26	4HD	4360.31
26	24	2999.476
26	345	5753.814
26	25	4262.464
26	123	2926.118
26	2HD	1807.7
26	13	2045.056
26	12	1549.532
26	15	4189.224
26	14	2984.67
26	33	3133.17
26	23	2437.114
26	35	4540.328
26	34	3386.708
27	22	1976.22
27	234	4429.864
27	02	1323.886
27	03	1911.07
27	01	910.766
27	04	2815.678
27	05	4025.046
27	44	4719.296
27	45	4830.528
27	1	744.69
27	0	296.392
27	3	1828.656
27	2	1192.022
27	5	4293.8
27	4	2888.652
27	3HD	2870.262
27	4HD	4296.976
27	24	3137.704
27	345	6001.928
27	25	4333.77
27	123	2926.092
27	2HD	1802.816
27	13	2080.27
27	12	1548.614
27	15	4202.684
27	14	3065.39
27	33	3168.14
27	23	2428.986
27	35	4643.328
27	34	3513.446
28	22	1961.496
28	234	3704.238
28	02	1216.132
28	03	1821.756
28	01	832.95
28	04	2468.646
28	05	3519.452
28	44	4311.48
28	45	4258.302
28	1	729.24
28	0	298.342
28	3	1868.17
28	2	1182.596
28	5	4191.476
28	4	2769.69
28	3HD	2870.536
28	4HD	4181.824
28	24	2706.35
28	345	4969.884
28	25	3760.72
28	123	2569.892
28	2HD	1866.74
28	13	1907.93
28	12	1391.126
28	15	3646.944
28	14	2632.132
28	33	2984.522
28	23	2251.05
28	35	4084.534
28	34	3059.186
29	22	1960.752
29	234	4047.604
29	02	1301.258
29	03	1901.474
29	01	895.964
29	04	2746.58
29	05	3820.408
29	44	4635.01
29	45	4583.276
29	1	752.564
29	0	303.48
29	3	1852.316
29	2	1203.634
29	5	4197.754
29	4	2858.638
29	3HD	2896.5
29	4HD	4372.838
29	24	2997.752
29	345	5431.57
29	25	4073.672
29	123	2758.976
29	2HD	1872.216
29	13	2032.984
29	12	1505.532
29	15	3987.57
29	14	2947.992
29	33	3088.088
29	23	2354.312
29	35	4367.056
29	34	3322.074
30	22	1861.762
30	234	3714.526
30	02	1256.508
30	03	1817.016
30	01	869.11
30	04	2595.71
30	05	3748.568
30	44	4625.638
30	45	4296.906
30	1	749.392
30	0	293.044
30	3	1812.844
30	2	1187.59
30	5	4189.912
30	4	2777.756
30	3HD	2776.718
30	4HD	4347.978
30	24	2772.062
30	345	5016.166
30	25	3870.422
30	123	2577.414
30	2HD	1811.044
30	13	1924.626
30	12	1428.192
30	15	3837.712
30	14	2758.334
30	33	2939.146
30	23	2203.126
30	35	4097.992
30	34	3046.658
31	22	2030.378
31	234	4160.64
31	02	1312.472
31	03	1937.984
31	01	921.418
31	04	2769.694
31	05	3982.746
31	44	4598.622
31	45	4624.902
31	1	760.134
31	0	299.434
31	3	1885.496
31	2	1206.656
31	5	4366.562
31	4	2901.218
31	3HD	2894.424
31	4HD	4206.948
31	24	3039.652
31	345	5554.806
31	25	4244.09
31	123	2839.758
31	2HD	1820.888
31	13	2093.55
31	12	1535.32
31	15	4166.038
31	14	3000.766
31	33	3180.786
31	23	2408.198
31	35	4509.052
31	34	3379.848
32	22	2177.504
32	234	4372.772
32	02	1301.138
32	03	1921.76
32	01	906.594
32	04	2721.532
32	05	3779.998
32	44	4903.196
32	45	4800.324
32	1	730.4
32	0	302.798
32	3	1859.076
32	2	1180.83
32	5	4153.65
32	4	2849.51
32	3HD	2827.77
32	4HD	4376.096
32	24	3112.91
32	345	5858.506
32	25	4138.716
32	123	2938.418
32	2HD	1874.318
32	13	2117.358
32	12	1550.014
32	15	3985.856
32	14	2985.53
32	33	3211.564
32	23	2481.562
32	35	4526.482
32	34	3552.192
33	22	2157.482
33	234	4262.462
33	02	1302.956
33	03	1886.432
33	01	929.666
33	04	2713.672
33	05	3968.882
33	44	4690.944
33	45	4871.782
33	1	750.258
33	0	304.392
33	3	1815.196
33	2	1172.1
33	5	4345.32
33	4	2832.178
33	3HD	2783.51
33	4HD	4178.324
33	24	3043.896
33	345	5877.612
33	25	4271.654
33	123	2884.282
33	2HD	1886.752
33	13	2078.842
33	12	1556.96
33	15	4176.448
33	14	2975.136
33	33	3116.396
33	23	2414.162
33	35	4608.312
33	34	3441.308
34	22	2089.4
34	234	4135.276
34	02	1290.804
34	03	1879.82
34	01	923.276
34	04	2653.644
34	05	3885.862
34	44	4697.46
34	45	4710.356
34	1	750.632
34	0	303.464
34	3	1824.022
34	2	1172.694
34	5	4282.068
34	4	2790.304
34	3HD	2881.482
34	4HD	4238.95
34	24	2967.66
34	345	5666.782
34	25	4169.91
34	123	2817.534
34	2HD	1853.13
34	13	2063.124
34	12	1523.634
34	15	4081.998
34	14	2901.062
34	33	3184.306
34	23	2373.182
34	35	4507.736
34	34	3352.304
35	22	2071.266
35	234	3932.64
35	02	1301.742
35	03	1851.88
35	01	885.894
35	04	2566.142
35	05	3567.382
35	44	4542.83
35	45	4276.628
35	1	737.768
35	0	305.244
35	3	1843.412
35	2	1217.866
35	5	4069.508
35	4	2784.378
35	3HD	2799.778
35	4HD	4171.224
35	24	2775.402
35	345	5096.006
35	25	3717.05
35	123	2739.804
35	2HD	1881.972
35	13	1952.778
35	12	1499.528
35	15	3658.42
35	14	2734.112
35	33	3089.924
35	23	2351.962
35	35	4049.752
35	34	3167.086
36	22	2127.062
36	234	4021.39
36	02	1302.702
36	03	1854.678
36	01	917.162
36	04	2646.23
36	05	3858.096
36	44	4689.638
36	45	4610.942
36	1	765.376
36	0	305.182
36	3	1803.002
36	2	1203.438
36	5	4200.216
36	4	2753.232
36	3HD	2883.668
36	4HD	4358.65
36	24	3009.424
36	345	5442.13
36	25	4204.598
36	123	2822.688
36	2HD	1881.766
36	13	2087.706
36	12	1566.492
36	15	4104.842
36	14	2902.372
36	33	3127.196
36	23	2383.884
36	35	4441.41
36	34	3290.972
37	22	2001.862
37	234	4082.278
37	02	1267.128
37	03	1866.648
37	01	886.078
37	04	2810.348
37	05	4212.834
37	44	4644.086
37	45	4850.8
37	1	747.122
37	0	296.446
37	3	1801.244
37	2	1167.676
37	5	4385.828
37	4	2871.924
37	3HD	2839.93
37	4HD	4384.144
37	24	3048.816
37	345	5719.704
37	25	4428.17
37	123	2715.09
37	2HD	1842.458
37	13	2027.678
37	12	1481.572
37	15	4366.79
37	14	3017.448
37	33	3008.476
37	23	2321.326
37	35	4668.77
37	34	3369.59
38	22	2026.234
38	234	4242.006
38	02	1325.64
38	03	1935.558
38	01	923.736
38	04	2763.21
38	05	3994.97
38	44	4556.352
38	45	4738.194
38	1	753.914
38	0	301.934
38	3	1851.996
38	2	1194.862
38	5	4176.936
38	4	2817.628
38	3HD	2882.384
38	4HD	4199.036
38	24	3030.294
38	345	5765.266
38	25	4246.796
38	123	2873.726
38	2HD	1846.14
38	13	2096.496
38	12	1551.492
38	15	4151.51
38	14	2991.304
38	33	3142.286
38	23	2430.746
38	35	4576.598
38	34	3438.154
39	22	2080.454
39	234	4728.706
39	02	1380.724
39	03	2054.994
39	01	953.034
39	04	2970.022
39	05	4205.148
39	44	4653.934
39	45	5355.094
39	1	728.164
39	0	301.154
39	3	1868.438
39	2	1178.548
39	5	4315.746
39	4	2880.844
39	3HD	2823.566
39	4HD	4202.122
39	24	3432.58
39	345	6596.018
39	25	4722.896
39	123	3149.978
39	2HD	1823.848
39	13	2288.51
39	12	1646.77
39	15	4506.422
39	14	3265.07
39	33	3195.722
39	23	2624.816
39	35	5091.99
39	34	3853.344
40	22	1971.714
40	234	3892.876
40	02	1277.162
40	03	1899.746
40	01	850.634
40	04	2731.774
40	05	4061.954
40	44	4495.276
40	45	4612.752
40	1	736.87
40	0	295.602
40	3	1881.018
40	2	1207.476
40	5	4345.102
40	4	2857.532
40	3HD	2795.482
40	4HD	4231.566
40	24	2923.96
40	345	5361.712
40	25	4191.254
40	123	2649.162
40	2HD	1845.778
40	13	2012.726
40	12	1453.624
40	15	4129.444
40	14	2881.458
40	33	2986.822
40	23	2327.414
40	35	4452.254
40	34	3263.944
41	22	2107.158
41	234	4429.222
41	02	1337.9
41	03	1977.46
41	01	930.128
41	04	2880.486
41	05	4157.744
41	44	4758.746
41	45	5058.59
41	1	758.826
41	0	305.422
41	3	1881.402
41	2	1199.06
41	5	4327.142
41	4	2903.162
41	3HD	2789.862
41	4HD	4356.872
41	24	3215.396
41	345	6131.304
41	25	4459.744
41	123	2967.088
41	2HD	1872.33
41	13	2179.562
41	12	1590.486
41	15	4338.944
41	14	3132.356
41	33	3091.942
41	23	2507.904
41	35	4813.816
41	34	3627.994
42	22	2017.812
42	234	4309.016
42	02	1306.722
42	03	1923.996
42	01	885.892
42	04	2761.014
42	05	4065.132
42	44	4682.176
42	45	4885.772
42	1	732.244
42	0	292.054
42	3	1854.59
42	2	1191.872
42	5	4301.642
42	4	2836.052
42	3HD	2775.656
42	4HD	4328.426
42	24	3064.906
42	345	5916.946
42	25	4332.586
42	123	2901.346
42	2HD	1845.146
42	13	2081.022
42	12	1532.874
42	15	4209.074
42	14	2985.518
42	33	3032.402
42	23	2450.38
42	35	4652.954
42	34	3458.726
43	22	2040.134
43	234	4294.912
43	02	1320.264
43	03	1920.596
43	01	893.828
43	04	2708.116
43	05	3953.642
43	44	4643.104
43	45	4737.682
43	1	737.076
43	0	295.162
43	3	1863.626
43	2	1206.388
43	5	4285.716
43	4	2823.534
43	3HD	2889.75
43	4HD	4290.646
43	24	2995.858
43	345	5788.016
43	25	4176.524
43	123	2923.748
43	2HD	1869.566
43	13	2054.524
43	12	1529.406
43	15	4068.842
43	14	2929.416
43	33	3168.304
43	23	2442.144
43	35	4480.99
43	34	3370.354
44	22	1897.976
44	234	3806.194
44	02	1270.126
44	03	1860.902
44	01	868.61
44	04	2642.082
44	05	3996.744
44	44	4644.304
44	45	4431.142
44	1	749.584
44	0	292.76
44	3	1839.438
44	2	1197.386
44	5	4323.424
44	4	2774.41
44	3HD	2884.972
44	4HD	4374.574
44	24	2767.396
44	345	5241.04
44	25	4072.448
44	123	2627.94
44	2HD	1845.25
44	13	1950.642
44	12	1431.948
44	15	4064.782
44	14	2784.68
44	33	3047.428
44	23	2241.132
44	35	4290.774
44	34	3076.346
45	22	1855.84
45	234	3704.792
45	02	1229.25
45	03	1872.058
45	01	865.852
45	04	2625.04
45	05	3994.99
45	44	4472.49
45	45	4305.882
45	1	752.688
45	0	299.402
45	3	1859.416
45	2	1168.018
45	5	4350.896
45	4	2768.298
45	3HD	2846.358
45	4HD	4238.478
45	24	2685.638
45	345	5102.096
45	25	4006.338
45	123	2553.38
45	2HD	1837.944
45	13	1931.056
45	12	1371.098
45	15	4030.554
45	14	2737.508
45	33	3013.93
45	23	2199.948
45	35	4208.67
45	34	2984.416
46	22	1846.86
46	234	3620.012
46	02	1208.286
46	03	1842.45
46	01	827.786
46	04	2574.676
46	05	3833.2
46	44	4509.584
46	45	4176.336
46	1	734.398
46	0	295.958
46	3	1862.298
46	2	1168.36
46	5	4299.822
46	4	2784.976
46	3HD	2855.276
46	4HD	4286.652
46	24	2628.698
46	345	4865.76
46	25	3807.652
46	123	2494.434
46	2HD	1857.738
46	13	1889.87
46	12	1328.876
46	15	3831.264
46	14	2656.944
46	33	2988.956
46	23	2167.226
46	35	3997.018
46	34	2910.156
47	22	2033.346
47	234	4450.936
47	02	1353.288
47	03	1958.012
47	01	908.674
47	04	2768.69
47	05	4095.486
47	44	4738.188
47	45	5102.27
47	1	728.536
47	0	304.392
47	3	1846.228
47	2	1202.314
47	5	4274.79
47	4	2769.402
47	3HD	2898.67
47	4HD	4366.562
47	24	3190.774
47	345	6191.474
47	25	4526.732
47	123	3036.728
47	2HD	1824.334
47	13	2170.384
47	12	1602.628
47	15	4312.948
47	14	3027.578
47	33	3192.7
47	23	2550.158
47	35	4854.706
47	34	3574.598
48	22	1866.396
48	234	3695.008
48	02	1222.776
48	03	1786.34
48	01	869.344
48	04	2649.622
48	05	3875.72
48	44	4507.904
48	45	4363.512
48	1	761.198
48	0	305.552
48	3	1797.518
48	2	1169.988
48	5	4370.19
48	4	2852.592
48	3HD	2824.71
48	4HD	4260.96
48	24	2744.264
48	345	5055.298
48	25	3893.24
48	123	2474.85
48	2HD	1853.348
48	13	1844.872
48	12	1372.636
48	15	3889.108
48	14	2753.44
48	33	2998.116
48	23	2149.192
48	35	4134.164
48	34	3063.972
49	22	2040.908
49	234	3996.726
49	02	1292.54
49	03	1905.998
49	01	880.714
49	04	2622.788
49	05	3994.24
49	44	4673.52
49	45	4580.74
49	1	748.278
49	0	294.586
49	3	1877.408
49	2	1204.27
49	5	4389.884
49	4	2768.858
49	3HD	2867.398
49	4HD	4311.888
49	24	2851.54
49	345	5442.57
49	25	4151.318
49	123	2809.112
49	2HD	1872.986
49	13	2027.672
49	12	1494.434
49	15	4092.354
49	14	2801.886
49	33	3120.56
49	23	2400.458
49	35	4435.228
49	34	3207.366
